Temperature (C)	Pressure (MPa)	Density (kg/m3)	Volume (m3/kg)	Internal Energy (kJ/kg)	Enthalpy (kJ/kg)	Entropy (J/g*K)	Cv (J/g*K)	Cp (J/g*K)	Sound Spd. (m/s)	Joule-Thomson (K/MPa)	Viscosity (uPa*s)	Therm. Cond. (W/m*K)	Phase
25.000	0.10132	1.1452	0.87318	220.79	309.27	6.8353	0.74314	1.0413	352.07	2.1485	17.812	0.025735	vapor
27.836	0.10132	1.1344	0.88150	222.90	312.22	6.8452	0.74318	1.0414	353.74	2.1043	17.943	0.025924	vapor
30.673	0.10132	1.1238	0.88983	225.01	315.17	6.8549	0.74323	1.0414	355.40	2.0611	18.073	0.026113	vapor
33.509	0.10132	1.1134	0.89816	227.12	318.13	6.8646	0.74328	1.0414	357.06	2.0188	18.203	0.026302	vapor
36.346	0.10132	1.1032	0.90648	229.23	321.08	6.8742	0.74333	1.0414	358.71	1.9775	18.332	0.026490	vapor
39.182	0.10132	1.0931	0.91481	231.34	324.04	6.8837	0.74339	1.0415	360.34	1.9370	18.460	0.026677	vapor
42.018	0.10132	1.0833	0.92314	233.45	326.99	6.8931	0.74345	1.0415	361.97	1.8974	18.589	0.026863	vapor
44.855	0.10132	1.0736	0.93146	235.56	329.94	6.9024	0.74351	1.0415	363.60	1.8586	18.716	0.027049	vapor
47.691	0.10132	1.0641	0.93979	237.67	332.90	6.9117	0.74358	1.0416	365.21	1.8206	18.843	0.027234	vapor
50.528	0.10132	1.0547	0.94811	239.79	335.85	6.9208	0.74365	1.0416	366.82	1.7834	18.970	0.027419	vapor
53.364	0.10132	1.0455	0.95644	241.90	338.81	6.9299	0.74373	1.0417	368.42	1.7470	19.096	0.027603	vapor
56.201	0.10132	1.0365	0.96476	244.01	341.76	6.9389	0.74381	1.0417	370.01	1.7113	19.222	0.027787	vapor
59.037	0.10132	1.0277	0.97309	246.12	344.72	6.9479	0.74389	1.0418	371.60	1.6763	19.348	0.027970	vapor
61.873	0.10132	1.0189	0.98141	248.23	347.67	6.9567	0.74398	1.0419	373.18	1.6420	19.472	0.028152	vapor
64.710	0.10132	1.0104	0.98973	250.34	350.63	6.9655	0.74407	1.0419	374.75	1.6084	19.597	0.028334	vapor
67.546	0.10132	1.0019	0.99805	252.45	353.58	6.9742	0.74417	1.0420	376.31	1.5754	19.721	0.028515	vapor
70.383	0.10132	0.99366	1.0064	254.57	356.54	6.9829	0.74428	1.0421	377.87	1.5431	19.844	0.028696	vapor
73.219	0.10132	0.98551	1.0147	256.68	359.49	6.9914	0.74438	1.0422	379.42	1.5114	19.967	0.028877	vapor
76.055	0.10132	0.97750	1.0230	258.79	362.45	6.9999	0.74450	1.0423	380.96	1.4803	20.090	0.029056	vapor
78.892	0.10132	0.96961	1.0313	260.91	365.41	7.0084	0.74461	1.0424	382.50	1.4497	20.212	0.029236	vapor
81.728	0.10132	0.96185	1.0397	263.02	368.36	7.0167	0.74474	1.0425	384.03	1.4198	20.334	0.029415	vapor
84.565	0.10132	0.95421	1.0480	265.13	371.32	7.0250	0.74487	1.0426	385.55	1.3904	20.455	0.029593	vapor
87.401	0.10132	0.94669	1.0563	267.25	374.28	7.0333	0.74500	1.0427	387.07	1.3615	20.576	0.029771	vapor
90.238	0.10132	0.93929	1.0646	269.36	377.24	7.0414	0.74514	1.0428	388.58	1.3332	20.697	0.029949	vapor
93.074	0.10132	0.93201	1.0729	271.48	380.19	7.0496	0.74528	1.0430	390.09	1.3053	20.817	0.030126	vapor
95.910	0.10132	0.92484	1.0813	273.59	383.15	7.0576	0.74543	1.0431	391.58	1.2780	20.936	0.030303	vapor
98.747	0.10132	0.91778	1.0896	275.71	386.11	7.0656	0.74559	1.0432	393.07	1.2511	21.056	0.030479	vapor
101.58	0.10132	0.91082	1.0979	277.82	389.07	7.0735	0.74575	1.0434	394.56	1.2248	21.175	0.030655	vapor
104.42	0.10132	0.90397	1.1062	279.94	392.03	7.0814	0.74592	1.0435	396.04	1.1988	21.293	0.030830	vapor
107.26	0.10132	0.89722	1.1146	282.06	394.99	7.0892	0.74609	1.0437	397.51	1.1734	21.411	0.031005	vapor
110.09	0.10132	0.89058	1.1229	284.18	397.95	7.0969	0.74627	1.0439	398.97	1.1483	21.529	0.031180	vapor
112.93	0.10132	0.88403	1.1312	286.29	400.91	7.1046	0.74646	1.0440	400.43	1.1237	21.646	0.031355	vapor
115.77	0.10132	0.87757	1.1395	288.41	403.87	7.1123	0.74665	1.0442	401.89	1.0996	21.763	0.031529	vapor
118.60	0.10132	0.87121	1.1478	290.53	406.84	7.1199	0.74685	1.0444	403.34	1.0758	21.880	0.031702	vapor
121.44	0.10132	0.86494	1.1561	292.65	409.80	7.1274	0.74705	1.0446	404.78	1.0524	21.996	0.031876	vapor
124.27	0.10132	0.85876	1.1645	294.77	412.76	7.1349	0.74726	1.0448	406.22	1.0294	22.112	0.032049	vapor
127.11	0.10132	0.85267	1.1728	296.89	415.72	7.1423	0.74748	1.0450	407.65	1.0068	22.227	0.032221	vapor
129.95	0.10132	0.84667	1.1811	299.01	418.69	7.1497	0.74770	1.0452	409.07	0.98452	22.342	0.032394	vapor
132.78	0.10132	0.84075	1.1894	301.14	421.65	7.1570	0.74793	1.0454	410.49	0.96263	22.457	0.032566	vapor
135.62	0.10132	0.83491	1.1977	303.26	424.62	7.1643	0.74817	1.0456	411.90	0.94109	22.572	0.032737	vapor
138.46	0.10132	0.82915	1.2061	305.38	427.59	7.1715	0.74841	1.0459	413.31	0.91990	22.686	0.032909	vapor
141.29	0.10132	0.82347	1.2144	307.51	430.55	7.1787	0.74866	1.0461	414.71	0.89905	22.799	0.033080	vapor
144.13	0.10132	0.81787	1.2227	309.63	433.52	7.1859	0.74891	1.0463	416.11	0.87852	22.913	0.033251	vapor
146.97	0.10132	0.81234	1.2310	311.76	436.49	7.1930	0.74917	1.0466	417.50	0.85832	23.026	0.033422	vapor
149.80	0.10132	0.80689	1.2393	313.88	439.46	7.2000	0.74944	1.0469	418.89	0.83843	23.138	0.033592	vapor
152.64	0.10132	0.80151	1.2476	316.01	442.43	7.2070	0.74972	1.0471	420.27	0.81885	23.251	0.033762	vapor
155.48	0.10132	0.79621	1.2560	318.14	445.40	7.2139	0.75000	1.0474	421.64	0.79957	23.363	0.033932	vapor
158.31	0.10132	0.79097	1.2643	320.27	448.37	7.2209	0.75028	1.0477	423.01	0.78059	23.474	0.034102	vapor
161.15	0.10132	0.78580	1.2726	322.40	451.34	7.2277	0.75058	1.0480	424.38	0.76190	23.585	0.034271	vapor
163.98	0.10132	0.78070	1.2809	324.53	454.31	7.2345	0.75088	1.0483	425.74	0.74348	23.696	0.034440	vapor
166.82	0.10132	0.77566	1.2892	326.66	457.29	7.2413	0.75119	1.0485	427.09	0.72535	23.807	0.034609	vapor
169.66	0.10132	0.77069	1.2975	328.79	460.26	7.2481	0.75150	1.0489	428.44	0.70749	23.917	0.034778	vapor
172.49	0.10132	0.76578	1.3059	330.92	463.24	7.2548	0.75182	1.0492	429.78	0.68989	24.027	0.034946	vapor
175.33	0.10132	0.76094	1.3142	333.05	466.21	7.2614	0.75215	1.0495	431.12	0.67256	24.137	0.035115	vapor
178.17	0.10132	0.75615	1.3225	335.19	469.19	7.2680	0.75248	1.0498	432.45	0.65548	24.247	0.035283	vapor
181.00	0.10132	0.75143	1.3308	337.33	472.17	7.2746	0.75282	1.0501	433.78	0.63865	24.356	0.035451	vapor
183.84	0.10132	0.74676	1.3391	339.46	475.15	7.2812	0.75317	1.0505	435.11	0.62206	24.464	0.035619	vapor
186.68	0.10132	0.74215	1.3474	341.60	478.13	7.2877	0.75353	1.0508	436.43	0.60572	24.573	0.035786	vapor
189.51	0.10132	0.73760	1.3558	343.74	481.11	7.2941	0.75389	1.0512	437.74	0.58961	24.681	0.035954	vapor
192.35	0.10132	0.73310	1.3641	345.88	484.09	7.3005	0.75425	1.0515	439.05	0.57373	24.789	0.036121	vapor
195.18	0.10132	0.72866	1.3724	348.02	487.07	7.3069	0.75462	1.0519	440.35	0.55808	24.897	0.036288	vapor
198.02	0.10132	0.72427	1.3807	350.16	490.06	7.3133	0.75500	1.0523	441.65	0.54265	25.004	0.036455	vapor
200.86	0.10132	0.71994	1.3890	352.30	493.04	7.3196	0.75539	1.0527	442.95	0.52743	25.111	0.036621	vapor
203.69	0.10132	0.71565	1.3973	354.45	496.03	7.3259	0.75578	1.0530	444.24	0.51244	25.218	0.036788	vapor
206.53	0.10132	0.71142	1.4056	356.59	499.02	7.3321	0.75618	1.0534	445.53	0.49765	25.324	0.036954	vapor
209.37	0.10132	0.70724	1.4140	358.74	502.01	7.3383	0.75658	1.0538	446.81	0.48307	25.430	0.037121	vapor
212.20	0.10132	0.70310	1.4223	360.88	505.00	7.3445	0.75700	1.0542	448.08	0.46869	25.536	0.037287	vapor
215.04	0.10132	0.69901	1.4306	363.03	507.99	7.3507	0.75741	1.0547	449.35	0.45451	25.641	0.037453	vapor
217.88	0.10132	0.69498	1.4389	365.18	510.98	7.3568	0.75784	1.0551	450.62	0.44052	25.747	0.037619	vapor
220.71	0.10132	0.69098	1.4472	367.33	513.97	7.3629	0.75826	1.0555	451.89	0.42672	25.852	0.037785	vapor
223.55	0.10132	0.68704	1.4555	369.48	516.97	7.3689	0.75870	1.0559	453.14	0.41312	25.957	0.037950	vapor
226.39	0.10132	0.68313	1.4638	371.64	519.96	7.3749	0.75914	1.0564	454.40	0.39970	26.061	0.038116	vapor
229.22	0.10132	0.67928	1.4722	373.79	522.96	7.3809	0.75959	1.0568	455.65	0.38645	26.165	0.038281	vapor
232.06	0.10132	0.67546	1.4805	375.95	525.96	7.3868	0.76004	1.0572	456.89	0.37339	26.269	0.038446	vapor
234.89	0.10132	0.67169	1.4888	378.11	528.96	7.3928	0.76050	1.0577	458.14	0.36050	26.373	0.038611	vapor
237.73	0.10132	0.66796	1.4971	380.26	531.96	7.3987	0.76096	1.0582	459.37	0.34779	26.476	0.038777	vapor
240.57	0.10132	0.66427	1.5054	382.42	534.96	7.4045	0.76143	1.0586	460.61	0.33524	26.579	0.038941	vapor
243.40	0.10132	0.66062	1.5137	384.58	537.96	7.4104	0.76191	1.0591	461.84	0.32286	26.682	0.039106	vapor
246.24	0.10132	0.65701	1.5220	386.75	540.97	7.4162	0.76239	1.0596	463.06	0.31064	26.785	0.039271	vapor
249.08	0.10132	0.65344	1.5304	388.91	543.97	7.4219	0.76287	1.0600	464.28	0.29859	26.887	0.039436	vapor
251.91	0.10132	0.64991	1.5387	391.07	546.98	7.4277	0.76337	1.0605	465.50	0.28669	26.989	0.039600	vapor
254.75	0.10132	0.64642	1.5470	393.24	549.99	7.4334	0.76386	1.0610	466.71	0.27494	27.091	0.039765	vapor
257.59	0.10132	0.64296	1.5553	395.41	553.00	7.4391	0.76437	1.0615	467.92	0.26335	27.193	0.039929	vapor
260.42	0.10132	0.63955	1.5636	397.58	556.01	7.4447	0.76487	1.0620	469.12	0.25191	27.294	0.040093	vapor
263.26	0.10132	0.63616	1.5719	399.75	559.02	7.4504	0.76539	1.0625	470.32	0.24061	27.395	0.040257	vapor
266.10	0.10132	0.63282	1.5802	401.92	562.04	7.4560	0.76590	1.0630	471.52	0.22946	27.496	0.040421	vapor
268.93	0.10132	0.62951	1.5885	404.10	565.05	7.4615	0.76643	1.0636	472.71	0.21846	27.597	0.040585	vapor
271.77	0.10132	0.62623	1.5969	406.27	568.07	7.4671	0.76695	1.0641	473.90	0.20759	27.697	0.040749	vapor
274.60	0.10132	0.62298	1.6052	408.45	571.09	7.4726	0.76749	1.0646	475.09	0.19686	27.797	0.040913	vapor
277.44	0.10132	0.61978	1.6135	410.62	574.11	7.4781	0.76802	1.0652	476.27	0.18627	27.897	0.041077	vapor
280.28	0.10132	0.61660	1.6218	412.80	577.13	7.4836	0.76857	1.0657	477.45	0.17581	27.997	0.041240	vapor
283.11	0.10132	0.61345	1.6301	414.99	580.16	7.4890	0.76911	1.0662	478.62	0.16548	28.097	0.041404	vapor
285.95	0.10132	0.61034	1.6384	417.17	583.18	7.4945	0.76966	1.0668	479.79	0.15529	28.196	0.041568	vapor
288.79	0.10132	0.60726	1.6467	419.35	586.21	7.4999	0.77022	1.0673	480.96	0.14521	28.295	0.041731	vapor
291.62	0.10132	0.60421	1.6551	421.54	589.24	7.5052	0.77078	1.0679	482.12	0.13527	28.394	0.041894	vapor
294.46	0.10132	0.60119	1.6634	423.73	592.27	7.5106	0.77134	1.0684	483.28	0.12545	28.492	0.042058	vapor
297.30	0.10132	0.59820	1.6717	425.92	595.30	7.5159	0.77191	1.0690	484.43	0.11575	28.591	0.042221	vapor
300.13	0.10132	0.59524	1.6800	428.11	598.33	7.5212	0.77248	1.0696	485.59	0.10617	28.689	0.042384	vapor
302.97	0.10132	0.59231	1.6883	430.30	601.37	7.5265	0.77306	1.0702	486.74	0.096704	28.787	0.042547	vapor
305.81	0.10132	0.58941	1.6966	432.49	604.40	7.5318	0.77364	1.0707	487.88	0.087357	28.884	0.042710	vapor
308.64	0.10132	0.58653	1.7049	434.69	607.44	7.5370	0.77423	1.0713	489.02	0.078124	28.982	0.042873	vapor
311.48	0.10132	0.58369	1.7132	436.89	610.48	7.5422	0.77481	1.0719	490.16	0.069004	29.079	0.043036	vapor
314.31	0.10132	0.58087	1.7216	439.08	613.52	7.5474	0.77541	1.0725	491.30	0.059994	29.176	0.043199	vapor
317.15	0.10132	0.57808	1.7299	441.28	616.56	7.5526	0.77600	1.0731	492.43	0.051094	29.273	0.043361	vapor
319.99	0.10132	0.57532	1.7382	443.49	619.61	7.5577	0.77660	1.0737	493.56	0.042300	29.369	0.043524	vapor
322.82	0.10132	0.57258	1.7465	445.69	622.65	7.5628	0.77721	1.0743	494.68	0.033613	29.466	0.043687	vapor
325.66	0.10132	0.56986	1.7548	447.90	625.70	7.5679	0.77781	1.0749	495.80	0.025030	29.562	0.043849	vapor
328.50	0.10132	0.56718	1.7631	450.10	628.75	7.5730	0.77842	1.0755	496.92	0.016549	29.658	0.044012	vapor
331.33	0.10132	0.56452	1.7714	452.31	631.80	7.5781	0.77903	1.0761	498.04	0.0081695	29.754	0.044174	vapor
334.17	0.10132	0.56188	1.7797	454.52	634.86	7.5831	0.77965	1.0767	499.15	-0.00011050	29.849	0.044336	vapor
337.01	0.10132	0.55927	1.7881	456.74	637.91	7.5881	0.78027	1.0773	500.26	-0.0082923	29.945	0.044499	vapor
339.84	0.10132	0.55668	1.7964	458.95	640.97	7.5931	0.78089	1.0779	501.36	-0.016377	30.040	0.044661	vapor
342.68	0.10132	0.55412	1.8047	461.17	644.03	7.5981	0.78152	1.0786	502.46	-0.024367	30.135	0.044823	vapor
345.52	0.10132	0.55158	1.8130	463.39	647.09	7.6031	0.78215	1.0792	503.56	-0.032263	30.230	0.044985	vapor
348.35	0.10132	0.54906	1.8213	465.61	650.15	7.6080	0.78278	1.0798	504.66	-0.040067	30.324	0.045147	vapor
351.19	0.10132	0.54656	1.8296	467.83	653.21	7.6129	0.78341	1.0805	505.75	-0.047779	30.418	0.045309	vapor
354.02	0.10132	0.54409	1.8379	470.05	656.28	7.6178	0.78405	1.0811	506.84	-0.055402	30.513	0.045471	vapor
356.86	0.10132	0.54164	1.8462	472.28	659.34	7.6227	0.78469	1.0817	507.93	-0.062935	30.607	0.045633	vapor
359.70	0.10132	0.53922	1.8545	474.50	662.41	7.6276	0.78533	1.0824	509.01	-0.070382	30.700	0.045795	vapor
362.53	0.10132	0.53681	1.8629	476.73	665.48	7.6324	0.78598	1.0830	510.10	-0.077743	30.794	0.045956	vapor
365.37	0.10132	0.53443	1.8712	478.96	668.56	7.6372	0.78662	1.0837	511.17	-0.085018	30.888	0.046118	vapor
368.21	0.10132	0.53206	1.8795	481.19	671.63	7.6420	0.78727	1.0843	512.25	-0.092211	30.981	0.046280	vapor
371.04	0.10132	0.52972	1.8878	483.43	674.71	7.6468	0.78792	1.0849	513.32	-0.099320	31.074	0.046441	vapor
373.88	0.10132	0.52740	1.8961	485.66	677.79	7.6516	0.78858	1.0856	514.39	-0.10635	31.167	0.046602	vapor
376.72	0.10132	0.52510	1.9044	487.90	680.87	7.6563	0.78923	1.0863	515.46	-0.11330	31.259	0.046764	vapor
379.55	0.10132	0.52281	1.9127	490.14	683.95	7.6611	0.78989	1.0869	516.52	-0.12017	31.352	0.046925	vapor
382.39	0.10132	0.52055	1.9210	492.38	687.03	7.6658	0.79055	1.0876	517.58	-0.12696	31.444	0.047086	vapor
385.22	0.10132	0.51831	1.9293	494.63	690.12	7.6705	0.79121	1.0882	518.64	-0.13367	31.536	0.047248	vapor
388.06	0.10132	0.51609	1.9377	496.87	693.21	7.6752	0.79187	1.0889	519.70	-0.14031	31.628	0.047409	vapor
390.90	0.10132	0.51388	1.9460	499.12	696.30	7.6798	0.79254	1.0895	520.75	-0.14688	31.720	0.047570	vapor
393.73	0.10132	0.51170	1.9543	501.37	699.39	7.6845	0.79321	1.0902	521.80	-0.15337	31.812	0.047731	vapor
396.57	0.10132	0.50953	1.9626	503.62	702.48	7.6891	0.79388	1.0909	522.85	-0.15979	31.903	0.047892	vapor
399.41	0.10132	0.50738	1.9709	505.87	705.58	7.6937	0.79455	1.0915	523.90	-0.16613	31.994	0.048052	vapor
402.24	0.10132	0.50525	1.9792	508.13	708.67	7.6983	0.79522	1.0922	524.94	-0.17241	32.085	0.048213	vapor
405.08	0.10132	0.50314	1.9875	510.39	711.77	7.7029	0.79589	1.0929	525.98	-0.17862	32.176	0.048374	vapor
407.92	0.10132	0.50104	1.9958	512.64	714.87	7.7074	0.79656	1.0936	527.02	-0.18475	32.267	0.048535	vapor
410.75	0.10132	0.49896	2.0042	514.90	717.98	7.7120	0.79724	1.0942	528.05	-0.19082	32.358	0.048695	vapor
413.59	0.10132	0.49690	2.0125	517.17	721.08	7.7165	0.79792	1.0949	529.08	-0.19683	32.448	0.048856	vapor
416.43	0.10132	0.49486	2.0208	519.43	724.19	7.7210	0.79860	1.0956	530.11	-0.20276	32.538	0.049016	vapor
419.26	0.10132	0.49283	2.0291	521.70	727.29	7.7255	0.79928	1.0963	531.14	-0.20864	32.628	0.049176	vapor
422.10	0.10132	0.49082	2.0374	523.97	730.41	7.7300	0.79996	1.0969	532.16	-0.21445	32.718	0.049337	vapor
424.93	0.10132	0.48883	2.0457	526.24	733.52	7.7345	0.80064	1.0976	533.19	-0.22019	32.808	0.049497	vapor
427.77	0.10132	0.48685	2.0540	528.51	736.63	7.7389	0.80132	1.0983	534.21	-0.22587	32.898	0.049657	vapor
430.61	0.10132	0.48489	2.0623	530.78	739.75	7.7434	0.80200	1.0990	535.22	-0.23149	32.987	0.049817	vapor
433.44	0.10132	0.48294	2.0706	533.06	742.87	7.7478	0.80269	1.0997	536.24	-0.23705	33.076	0.049977	vapor
436.28	0.10132	0.48101	2.0790	535.34	745.99	7.7522	0.80337	1.1003	537.25	-0.24255	33.165	0.050137	vapor
439.12	0.10132	0.47910	2.0873	537.62	749.11	7.7566	0.80406	1.1010	538.26	-0.24800	33.254	0.050296	vapor
441.95	0.10132	0.47720	2.0956	539.90	752.23	7.7610	0.80474	1.1017	539.27	-0.25338	33.343	0.050456	vapor
444.79	0.10132	0.47531	2.1039	542.18	755.36	7.7653	0.80543	1.1024	540.28	-0.25870	33.432	0.050616	vapor
447.63	0.10132	0.47344	2.1122	544.47	758.49	7.7697	0.80612	1.1031	541.28	-0.26397	33.520	0.050775	vapor
450.46	0.10132	0.47159	2.1205	546.76	761.62	7.7740	0.80681	1.1038	542.28	-0.26919	33.608	0.050935	vapor
453.30	0.10132	0.46974	2.1288	549.05	764.75	7.7783	0.80749	1.1045	543.28	-0.27434	33.697	0.051094	vapor
456.14	0.10132	0.46792	2.1371	551.34	767.88	7.7826	0.80818	1.1051	544.28	-0.27944	33.785	0.051254	vapor
458.97	0.10132	0.46611	2.1454	553.63	771.02	7.7869	0.80887	1.1058	545.27	-0.28449	33.872	0.051413	vapor
461.81	0.10132	0.46431	2.1537	555.93	774.15	7.7912	0.80956	1.1065	546.26	-0.28949	33.960	0.051572	vapor
464.64	0.10132	0.46252	2.1621	558.22	777.29	7.7955	0.81025	1.1072	547.25	-0.29443	34.048	0.051731	vapor
467.48	0.10132	0.46075	2.1704	560.52	780.44	7.7997	0.81094	1.1079	548.24	-0.29932	34.135	0.051890	vapor
470.32	0.10132	0.45899	2.1787	562.82	783.58	7.8040	0.81163	1.1086	549.22	-0.30416	34.222	0.052049	vapor
473.15	0.10132	0.45725	2.1870	565.13	786.72	7.8082	0.81232	1.1093	550.21	-0.30895	34.309	0.052208	vapor
475.99	0.10132	0.45552	2.1953	567.43	789.87	7.8124	0.81301	1.1100	551.19	-0.31369	34.396	0.052367	vapor
478.83	0.10132	0.45380	2.2036	569.74	793.02	7.8166	0.81370	1.1107	552.17	-0.31838	34.483	0.052525	vapor
481.66	0.10132	0.45210	2.2119	572.05	796.17	7.8208	0.81439	1.1113	553.15	-0.32302	34.570	0.052684	vapor
484.50	0.10132	0.45040	2.2202	574.36	799.33	7.8249	0.81508	1.1120	554.12	-0.32762	34.656	0.052842	vapor
487.34	0.10132	0.44872	2.2285	576.67	802.48	7.8291	0.81577	1.1127	555.09	-0.33217	34.743	0.053001	vapor
490.17	0.10132	0.44706	2.2369	578.99	805.64	7.8332	0.81646	1.1134	556.06	-0.33667	34.829	0.053159	vapor
493.01	0.10132	0.44540	2.2452	581.31	808.80	7.8374	0.81715	1.1141	557.03	-0.34112	34.915	0.053317	vapor
495.85	0.10132	0.44376	2.2535	583.62	811.96	7.8415	0.81784	1.1148	558.00	-0.34553	35.001	0.053475	vapor
498.68	0.10132	0.44213	2.2618	585.95	815.12	7.8456	0.81853	1.1155	558.96	-0.34989	35.087	0.053633	vapor
501.52	0.10132	0.44051	2.2701	588.27	818.29	7.8497	0.81922	1.1162	559.93	-0.35421	35.173	0.053791	vapor
504.35	0.10132	0.43890	2.2784	590.59	821.45	7.8538	0.81991	1.1168	560.89	-0.35849	35.258	0.053949	vapor
507.19	0.10132	0.43731	2.2867	592.92	824.62	7.8578	0.82060	1.1175	561.85	-0.36272	35.344	0.054107	vapor
510.03	0.10132	0.43572	2.2950	595.25	827.79	7.8619	0.82128	1.1182	562.80	-0.36691	35.429	0.054264	vapor
512.86	0.10132	0.43415	2.3033	597.58	830.96	7.8659	0.82197	1.1189	563.76	-0.37106	35.514	0.054422	vapor
515.70	0.10132	0.43259	2.3116	599.91	834.14	7.8700	0.82266	1.1196	564.71	-0.37516	35.599	0.054579	vapor
518.54	0.10132	0.43104	2.3200	602.25	837.32	7.8740	0.82334	1.1203	565.66	-0.37923	35.684	0.054737	vapor
521.37	0.10132	0.42950	2.3283	604.58	840.49	7.8780	0.82403	1.1210	566.61	-0.38325	35.769	0.054894	vapor
524.21	0.10132	0.42798	2.3366	606.92	843.67	7.8820	0.82471	1.1216	567.56	-0.38724	35.853	0.055051	vapor
527.05	0.10132	0.42646	2.3449	609.26	846.86	7.8860	0.82540	1.1223	568.50	-0.39118	35.938	0.055208	vapor
529.88	0.10132	0.42495	2.3532	611.60	850.04	7.8899	0.82608	1.1230	569.45	-0.39509	36.022	0.055365	vapor
532.72	0.10132	0.42346	2.3615	613.95	853.23	7.8939	0.82677	1.1237	570.39	-0.39895	36.106	0.055522	vapor
535.55	0.10132	0.42197	2.3698	616.29	856.42	7.8979	0.82745	1.1244	571.33	-0.40278	36.190	0.055679	vapor
538.39	0.10132	0.42050	2.3781	618.64	859.61	7.9018	0.82813	1.1251	572.27	-0.40657	36.274	0.055835	vapor
541.23	0.10132	0.41903	2.3864	620.99	862.80	7.9057	0.82881	1.1257	573.20	-0.41033	36.358	0.055992	vapor
544.06	0.10132	0.41758	2.3948	623.34	865.99	7.9096	0.82949	1.1264	574.14	-0.41404	36.442	0.056148	vapor
546.90	0.10132	0.41614	2.4031	625.70	869.19	7.9135	0.83017	1.1271	575.07	-0.41772	36.525	0.056305	vapor
549.74	0.10132	0.41470	2.4114	628.05	872.39	7.9174	0.83085	1.1278	576.00	-0.42137	36.609	0.056461	vapor
552.57	0.10132	0.41328	2.4197	630.41	875.59	7.9213	0.83152	1.1284	576.93	-0.42498	36.692	0.056617	vapor
555.41	0.10132	0.41186	2.4280	632.77	878.79	7.9252	0.83220	1.1291	577.86	-0.42855	36.775	0.056773	vapor
558.25	0.10132	0.41046	2.4363	635.13	881.99	7.9290	0.83287	1.1298	578.79	-0.43209	36.858	0.056929	vapor
561.08	0.10132	0.40906	2.4446	637.50	885.20	7.9329	0.83355	1.1305	579.71	-0.43560	36.941	0.057085	vapor
563.92	0.10132	0.40768	2.4529	639.86	888.40	7.9367	0.83422	1.1311	580.63	-0.43907	37.024	0.057240	vapor
566.76	0.10132	0.40630	2.4612	642.23	891.61	7.9406	0.83489	1.1318	581.55	-0.44251	37.107	0.057396	vapor
569.59	0.10132	0.40493	2.4695	644.60	894.82	7.9444	0.83556	1.1325	582.47	-0.44592	37.189	0.057551	vapor
572.43	0.10132	0.40358	2.4779	646.97	898.04	7.9482	0.83623	1.1331	583.39	-0.44929	37.272	0.057707	vapor
575.26	0.10132	0.40223	2.4862	649.34	901.25	7.9520	0.83690	1.1338	584.31	-0.45263	37.354	0.057862	vapor
578.10	0.10132	0.40089	2.4945	651.72	904.47	7.9558	0.83757	1.1345	585.22	-0.45594	37.436	0.058017	vapor
580.94	0.10132	0.39956	2.5028	654.09	907.69	7.9595	0.83824	1.1351	586.13	-0.45922	37.518	0.058172	vapor
583.77	0.10132	0.39823	2.5111	656.47	910.91	7.9633	0.83890	1.1358	587.04	-0.46247	37.600	0.058327	vapor
586.61	0.10132	0.39692	2.5194	658.85	914.13	7.9671	0.83957	1.1365	587.95	-0.46569	37.682	0.058482	vapor
589.45	0.10132	0.39561	2.5277	661.24	917.36	7.9708	0.84023	1.1371	588.86	-0.46887	37.764	0.058637	vapor
592.28	0.10132	0.39432	2.5360	663.62	920.58	7.9745	0.84089	1.1378	589.77	-0.47203	37.846	0.058791	vapor
595.12	0.10132	0.39303	2.5443	666.01	923.81	7.9783	0.84155	1.1385	590.67	-0.47516	37.927	0.058946	vapor
597.96	0.10132	0.39175	2.5526	668.39	927.04	7.9820	0.84221	1.1391	591.57	-0.47826	38.009	0.059100	vapor
600.79	0.10132	0.39048	2.5610	670.78	930.27	7.9857	0.84287	1.1398	592.48	-0.48133	38.090	0.059255	vapor
603.63	0.10132	0.38922	2.5693	673.18	933.51	7.9894	0.84352	1.1404	593.38	-0.48437	38.171	0.059409	vapor
606.47	0.10132	0.38796	2.5776	675.57	936.74	7.9931	0.84418	1.1411	594.27	-0.48738	38.252	0.059563	vapor
609.30	0.10132	0.38672	2.5859	677.97	939.98	7.9967	0.84483	1.1417	595.17	-0.49036	38.333	0.059717	vapor
612.14	0.10132	0.38548	2.5942	680.36	943.22	8.0004	0.84548	1.1424	596.07	-0.49332	38.414	0.059871	vapor
614.97	0.10132	0.38425	2.6025	682.76	946.46	8.0041	0.84613	1.1430	596.96	-0.49625	38.495	0.060024	vapor
617.81	0.10132	0.38302	2.6108	685.16	949.70	8.0077	0.84678	1.1437	597.85	-0.49916	38.575	0.060178	vapor
620.65	0.10132	0.38181	2.6191	687.57	952.95	8.0113	0.84743	1.1443	598.74	-0.50203	38.656	0.060331	vapor
623.48	0.10132	0.38060	2.6274	689.97	956.20	8.0150	0.84808	1.1450	599.63	-0.50488	38.736	0.060485	vapor
626.32	0.10132	0.37940	2.6357	692.38	959.44	8.0186	0.84872	1.1456	600.52	-0.50771	38.817	0.060638	vapor
629.16	0.10132	0.37821	2.6440	694.79	962.69	8.0222	0.84936	1.1463	601.41	-0.51051	38.897	0.060791	vapor
631.99	0.10132	0.37702	2.6524	697.20	965.95	8.0258	0.85001	1.1469	602.29	-0.51328	38.977	0.060944	vapor
634.83	0.10132	0.37585	2.6607	699.61	969.20	8.0294	0.85065	1.1475	603.18	-0.51603	39.057	0.061097	vapor
637.67	0.10132	0.37468	2.6690	702.02	972.46	8.0330	0.85128	1.1482	604.06	-0.51875	39.137	0.061250	vapor
640.50	0.10132	0.37351	2.6773	704.44	975.71	8.0365	0.85192	1.1488	604.94	-0.52145	39.217	0.061402	vapor
643.34	0.10132	0.37236	2.6856	706.85	978.97	8.0401	0.85256	1.1494	605.82	-0.52413	39.296	0.061555	vapor
646.18	0.10132	0.37121	2.6939	709.27	982.23	8.0436	0.85319	1.1501	606.70	-0.52678	39.376	0.061707	vapor
649.01	0.10132	0.37007	2.7022	711.69	985.50	8.0472	0.85382	1.1507	607.57	-0.52941	39.455	0.061859	vapor
651.85	0.10132	0.36893	2.7105	714.12	988.76	8.0507	0.85445	1.1513	608.45	-0.53201	39.535	0.062012	vapor
654.68	0.10132	0.36780	2.7188	716.54	992.03	8.0542	0.85508	1.1520	609.32	-0.53459	39.614	0.062164	vapor
657.52	0.10132	0.36668	2.7271	718.97	995.30	8.0578	0.85571	1.1526	610.19	-0.53715	39.693	0.062316	vapor
660.36	0.10132	0.36557	2.7355	721.40	998.57	8.0613	0.85634	1.1532	611.06	-0.53969	39.772	0.062467	vapor
663.19	0.10132	0.36446	2.7438	723.83	1001.8	8.0648	0.85696	1.1538	611.93	-0.54220	39.851	0.062619	vapor
666.03	0.10132	0.36336	2.7521	726.26	1005.1	8.0683	0.85758	1.1545	612.80	-0.54470	39.930	0.062771	vapor
668.87	0.10132	0.36227	2.7604	728.69	1008.4	8.0717	0.85821	1.1551	613.67	-0.54716	40.009	0.062922	vapor
671.70	0.10132	0.36118	2.7687	731.13	1011.7	8.0752	0.85882	1.1557	614.53	-0.54961	40.087	0.063073	vapor
674.54	0.10132	0.36010	2.7770	733.56	1014.9	8.0787	0.85944	1.1563	615.40	-0.55204	40.166	0.063225	vapor
677.38	0.10132	0.35903	2.7853	736.00	1018.2	8.0821	0.86006	1.1569	616.26	-0.55445	40.244	0.063376	vapor
680.21	0.10132	0.35796	2.7936	738.44	1021.5	8.0856	0.86067	1.1576	617.12	-0.55683	40.323	0.063527	vapor
683.05	0.10132	0.35690	2.8019	740.89	1024.8	8.0890	0.86128	1.1582	617.98	-0.55920	40.401	0.063677	vapor
685.89	0.10132	0.35584	2.8102	743.33	1028.1	8.0925	0.86190	1.1588	618.84	-0.56154	40.479	0.063828	vapor
688.72	0.10132	0.35479	2.8186	745.78	1031.4	8.0959	0.86250	1.1594	619.70	-0.56386	40.557	0.063979	vapor
691.56	0.10132	0.35375	2.8269	748.22	1034.7	8.0993	0.86311	1.1600	620.56	-0.56617	40.635	0.064129	vapor
694.39	0.10132	0.35271	2.8352	750.67	1037.9	8.1027	0.86372	1.1606	621.41	-0.56845	40.713	0.064279	vapor
697.23	0.10132	0.35168	2.8435	753.12	1041.2	8.1061	0.86432	1.1612	622.27	-0.57072	40.791	0.064430	vapor
700.07	0.10132	0.35066	2.8518	755.58	1044.5	8.1095	0.86492	1.1618	623.12	-0.57296	40.868	0.064580	vapor
702.90	0.10132	0.34964	2.8601	758.03	1047.8	8.1129	0.86552	1.1624	623.97	-0.57519	40.946	0.064730	vapor
705.74	0.10132	0.34863	2.8684	760.49	1051.1	8.1162	0.86612	1.1630	624.82	-0.57739	41.023	0.064880	vapor
708.58	0.10132	0.34762	2.8767	762.94	1054.4	8.1196	0.86672	1.1636	625.67	-0.57958	41.101	0.065029	vapor
711.41	0.10132	0.34662	2.8850	765.40	1057.7	8.1230	0.86731	1.1642	626.52	-0.58175	41.178	0.065179	vapor
714.25	0.10132	0.34562	2.8933	767.86	1061.0	8.1263	0.86791	1.1648	627.36	-0.58391	41.255	0.065328	vapor
717.09	0.10132	0.34463	2.9016	770.33	1064.3	8.1297	0.86850	1.1654	628.21	-0.58604	41.333	0.065478	vapor
719.92	0.10132	0.34365	2.9100	772.79	1067.6	8.1330	0.86909	1.1660	629.05	-0.58816	41.410	0.065627	vapor
722.76	0.10132	0.34267	2.9183	775.26	1070.9	8.1363	0.86968	1.1665	629.90	-0.59025	41.487	0.065776	vapor
725.59	0.10132	0.34170	2.9266	777.72	1074.3	8.1396	0.87026	1.1671	630.74	-0.59233	41.563	0.065925	vapor
728.43	0.10132	0.34073	2.9349	780.19	1077.6	8.1430	0.87085	1.1677	631.58	-0.59440	41.640	0.066074	vapor
731.27	0.10132	0.33977	2.9432	782.66	1080.9	8.1463	0.87143	1.1683	632.42	-0.59644	41.717	0.066222	vapor
734.10	0.10132	0.33881	2.9515	785.14	1084.2	8.1496	0.87201	1.1689	633.26	-0.59847	41.793	0.066371	vapor
736.94	0.10132	0.33786	2.9598	787.61	1087.5	8.1528	0.87259	1.1695	634.09	-0.60049	41.870	0.066519	vapor
739.78	0.10132	0.33691	2.9681	790.09	1090.8	8.1561	0.87317	1.1700	634.93	-0.60248	41.946	0.066668	vapor
742.61	0.10132	0.33597	2.9764	792.56	1094.2	8.1594	0.87374	1.1706	635.76	-0.60446	42.023	0.066816	vapor
745.45	0.10132	0.33504	2.9847	795.04	1097.5	8.1627	0.87431	1.1712	636.60	-0.60643	42.099	0.066964	vapor
748.29	0.10132	0.33411	2.9931	797.52	1100.8	8.1659	0.87489	1.1718	637.43	-0.60837	42.175	0.067112	vapor
751.12	0.10132	0.33318	3.0014	800.01	1104.1	8.1692	0.87546	1.1723	638.26	-0.61030	42.251	0.067260	vapor
753.96	0.10132	0.33226	3.0097	802.49	1107.4	8.1724	0.87602	1.1729	639.09	-0.61222	42.327	0.067407	vapor
756.80	0.10132	0.33135	3.0180	804.98	1110.8	8.1756	0.87659	1.1735	639.92	-0.61412	42.403	0.067555	vapor
759.63	0.10132	0.33044	3.0263	807.46	1114.1	8.1789	0.87715	1.1740	640.75	-0.61601	42.479	0.067703	vapor
762.47	0.10132	0.32953	3.0346	809.95	1117.4	8.1821	0.87772	1.1746	641.58	-0.61787	42.555	0.067850	vapor
765.30	0.10132	0.32863	3.0429	812.44	1120.8	8.1853	0.87828	1.1751	642.40	-0.61973	42.630	0.067997	vapor
768.14	0.10132	0.32774	3.0512	814.94	1124.1	8.1885	0.87883	1.1757	643.23	-0.62157	42.706	0.068144	vapor
770.98	0.10132	0.32685	3.0595	817.43	1127.4	8.1917	0.87939	1.1763	644.05	-0.62339	42.781	0.068291	vapor
773.81	0.10132	0.32596	3.0678	819.92	1130.8	8.1949	0.87995	1.1768	644.87	-0.62520	42.857	0.068438	vapor
776.65	0.10132	0.32508	3.0761	822.42	1134.1	8.1981	0.88050	1.1774	645.69	-0.62700	42.932	0.068585	vapor
779.49	0.10132	0.32421	3.0845	824.92	1137.5	8.2013	0.88105	1.1779	646.51	-0.62878	43.007	0.068731	vapor
782.32	0.10132	0.32334	3.0928	827.42	1140.8	8.2044	0.88160	1.1785	647.33	-0.63055	43.082	0.068878	vapor
785.16	0.10132	0.32247	3.1011	829.92	1144.1	8.2076	0.88215	1.1790	648.15	-0.63230	43.157	0.069024	vapor
788.00	0.10132	0.32161	3.1094	832.42	1147.5	8.2108	0.88269	1.1796	648.97	-0.63404	43.232	0.069170	vapor
790.83	0.10132	0.32075	3.1177	834.93	1150.8	8.2139	0.88324	1.1801	649.78	-0.63577	43.307	0.069316	vapor
793.67	0.10132	0.31990	3.1260	837.43	1154.2	8.2170	0.88378	1.1806	650.60	-0.63748	43.382	0.069462	vapor
796.51	0.10132	0.31905	3.1343	839.94	1157.5	8.2202	0.88432	1.1812	651.41	-0.63918	43.457	0.069608	vapor
799.34	0.10132	0.31821	3.1426	842.45	1160.9	8.2233	0.88486	1.1817	652.22	-0.64086	43.531	0.069753	vapor
802.18	0.10132	0.31737	3.1509	844.96	1164.2	8.2264	0.88540	1.1823	653.04	-0.64254	43.606	0.069899	vapor
805.01	0.10132	0.31653	3.1592	847.47	1167.6	8.2295	0.88593	1.1828	653.85	-0.64420	43.681	0.070044	vapor
807.85	0.10132	0.31570	3.1675	849.99	1170.9	8.2327	0.88646	1.1833	654.66	-0.64584	43.755	0.070190	vapor
810.69	0.10132	0.31488	3.1759	852.50	1174.3	8.2358	0.88700	1.1839	655.46	-0.64748	43.829	0.070335	vapor
813.52	0.10132	0.31405	3.1842	855.02	1177.7	8.2389	0.88752	1.1844	656.27	-0.64910	43.904	0.070480	vapor
816.36	0.10132	0.31324	3.1925	857.54	1181.0	8.2419	0.88805	1.1849	657.08	-0.65071	43.978	0.070625	vapor
819.20	0.10132	0.31242	3.2008	860.06	1184.4	8.2450	0.88858	1.1854	657.88	-0.65230	44.052	0.070770	vapor
822.03	0.10132	0.31161	3.2091	862.58	1187.7	8.2481	0.88910	1.1860	658.69	-0.65388	44.126	0.070914	vapor
824.87	0.10132	0.31081	3.2174	865.10	1191.1	8.2512	0.88962	1.1865	659.49	-0.65546	44.200	0.071059	vapor
827.71	0.10132	0.31001	3.2257	867.63	1194.5	8.2542	0.89014	1.1870	660.29	-0.65702	44.274	0.071203	vapor
830.54	0.10132	0.30921	3.2340	870.15	1197.8	8.2573	0.89066	1.1875	661.10	-0.65856	44.348	0.071348	vapor
833.38	0.10132	0.30842	3.2423	872.68	1201.2	8.2603	0.89118	1.1880	661.90	-0.66010	44.421	0.071492	vapor
836.22	0.10132	0.30763	3.2506	875.21	1204.6	8.2634	0.89169	1.1885	662.69	-0.66162	44.495	0.071636	vapor
839.05	0.10132	0.30685	3.2589	877.74	1207.9	8.2664	0.89221	1.1891	663.49	-0.66314	44.569	0.071780	vapor
841.89	0.10132	0.30607	3.2673	880.27	1211.3	8.2694	0.89272	1.1896	664.29	-0.66464	44.642	0.071924	vapor
844.72	0.10132	0.30529	3.2756	882.80	1214.7	8.2725	0.89323	1.1901	665.09	-0.66613	44.716	0.072067	vapor
847.56	0.10132	0.30452	3.2839	885.34	1218.1	8.2755	0.89373	1.1906	665.88	-0.66761	44.789	0.072211	vapor
850.40	0.10132	0.30375	3.2922	887.87	1221.5	8.2785	0.89424	1.1911	666.68	-0.66907	44.862	0.072354	vapor
853.23	0.10132	0.30298	3.3005	890.41	1224.8	8.2815	0.89474	1.1916	667.47	-0.67053	44.936	0.072497	vapor
856.07	0.10132	0.30222	3.3088	892.95	1228.2	8.2845	0.89525	1.1921	668.26	-0.67198	45.009	0.072641	vapor
858.91	0.10132	0.30147	3.3171	895.49	1231.6	8.2875	0.89575	1.1926	669.06	-0.67341	45.082	0.072784	vapor
861.74	0.10132	0.30071	3.3254	898.03	1235.0	8.2905	0.89624	1.1931	669.85	-0.67483	45.155	0.072927	vapor
864.58	0.10132	0.29996	3.3337	900.57	1238.4	8.2934	0.89674	1.1936	670.64	-0.67625	45.228	0.073069	vapor
867.42	0.10132	0.29922	3.3420	903.12	1241.7	8.2964	0.89724	1.1941	671.43	-0.67765	45.301	0.073212	vapor
870.25	0.10132	0.29848	3.3503	905.66	1245.1	8.2994	0.89773	1.1946	672.21	-0.67904	45.373	0.073355	vapor
873.09	0.10132	0.29774	3.3587	908.21	1248.5	8.3023	0.89822	1.1951	673.00	-0.68043	45.446	0.073497	vapor
875.93	0.10132	0.29700	3.3670	910.76	1251.9	8.3053	0.89871	1.1956	673.79	-0.68180	45.519	0.073639	vapor
878.76	0.10132	0.29627	3.3753	913.31	1255.3	8.3082	0.89920	1.1960	674.57	-0.68316	45.591	0.073782	vapor
881.60	0.10132	0.29554	3.3836	915.86	1258.7	8.3112	0.89968	1.1965	675.36	-0.68451	45.664	0.073924	vapor
884.43	0.10132	0.29482	3.3919	918.41	1262.1	8.3141	0.90017	1.1970	676.14	-0.68585	45.736	0.074066	vapor
887.27	0.10132	0.29410	3.4002	920.96	1265.5	8.3171	0.90065	1.1975	676.92	-0.68719	45.809	0.074207	vapor
890.11	0.10132	0.29338	3.4085	923.52	1268.9	8.3200	0.90113	1.1980	677.70	-0.68851	45.881	0.074349	vapor
892.94	0.10132	0.29267	3.4168	926.08	1272.3	8.3229	0.90161	1.1985	678.48	-0.68982	45.953	0.074491	vapor
895.78	0.10132	0.29196	3.4251	928.64	1275.7	8.3258	0.90209	1.1989	679.26	-0.69113	46.025	0.074632	vapor
898.62	0.10132	0.29125	3.4334	931.19	1279.1	8.3287	0.90256	1.1994	680.04	-0.69242	46.098	0.074773	vapor
901.45	0.10132	0.29055	3.4417	933.76	1282.5	8.3316	0.90304	1.1999	680.82	-0.69371	46.170	0.074915	vapor
904.29	0.10132	0.28985	3.4501	936.32	1285.9	8.3345	0.90351	1.2004	681.60	-0.69498	46.242	0.075056	vapor
907.13	0.10132	0.28915	3.4584	938.88	1289.3	8.3374	0.90398	1.2008	682.37	-0.69625	46.314	0.075197	vapor
909.96	0.10132	0.28846	3.4667	941.45	1292.7	8.3403	0.90445	1.2013	683.15	-0.69751	46.385	0.075337	vapor
912.80	0.10132	0.28777	3.4750	944.01	1296.1	8.3432	0.90491	1.2018	683.92	-0.69875	46.457	0.075478	vapor
915.63	0.10132	0.28708	3.4833	946.58	1299.5	8.3460	0.90538	1.2022	684.70	-0.69999	46.529	0.075619	vapor
918.47	0.10132	0.28640	3.4916	949.15	1302.9	8.3489	0.90584	1.2027	685.47	-0.70122	46.600	0.075759	vapor
921.31	0.10132	0.28572	3.4999	951.72	1306.3	8.3518	0.90630	1.2031	686.24	-0.70245	46.672	0.075900	vapor
924.14	0.10132	0.28504	3.5082	954.29	1309.8	8.3546	0.90676	1.2036	687.01	-0.70366	46.744	0.076040	vapor
926.98	0.10132	0.28437	3.5165	956.86	1313.2	8.3575	0.90722	1.2041	687.78	-0.70486	46.815	0.076180	vapor
929.82	0.10132	0.28370	3.5248	959.44	1316.6	8.3603	0.90768	1.2045	688.55	-0.70606	46.886	0.076320	vapor
932.65	0.10132	0.28303	3.5331	962.01	1320.0	8.3631	0.90813	1.2050	689.32	-0.70725	46.958	0.076460	vapor
935.49	0.10132	0.28237	3.5415	964.59	1323.4	8.3660	0.90859	1.2054	690.09	-0.70843	47.029	0.076599	vapor
938.33	0.10132	0.28171	3.5498	967.17	1326.8	8.3688	0.90904	1.2059	690.85	-0.70960	47.100	0.076739	vapor
941.16	0.10132	0.28105	3.5581	969.74	1330.3	8.3716	0.90949	1.2063	691.62	-0.71076	47.171	0.076879	vapor
944.00	0.10132	0.28040	3.5664	972.33	1333.7	8.3744	0.90994	1.2068	692.38	-0.71191	47.242	0.077018	vapor
946.84	0.10132	0.27974	3.5747	974.91	1337.1	8.3772	0.91038	1.2072	693.15	-0.71306	47.313	0.077157	vapor
949.67	0.10132	0.27910	3.5830	977.49	1340.5	8.3800	0.91083	1.2077	693.91	-0.71420	47.384	0.077296	vapor
952.51	0.10132	0.27845	3.5913	980.07	1344.0	8.3828	0.91127	1.2081	694.67	-0.71533	47.455	0.077435	vapor
955.34	0.10132	0.27781	3.5996	982.66	1347.4	8.3856	0.91171	1.2086	695.43	-0.71645	47.526	0.077574	vapor
958.18	0.10132	0.27717	3.6079	985.25	1350.8	8.3884	0.91215	1.2090	696.19	-0.71757	47.597	0.077713	vapor
961.02	0.10132	0.27653	3.6162	987.83	1354.2	8.3912	0.91259	1.2094	696.95	-0.71868	47.668	0.077852	vapor
963.85	0.10132	0.27590	3.6245	990.42	1357.7	8.3940	0.91302	1.2099	697.71	-0.71978	47.738	0.077990	vapor
966.69	0.10132	0.27527	3.6329	993.01	1361.1	8.3968	0.91346	1.2103	698.47	-0.72087	47.809	0.078129	vapor
969.53	0.10132	0.27464	3.6412	995.60	1364.5	8.3995	0.91389	1.2107	699.23	-0.72195	47.879	0.078267	vapor
972.36	0.10132	0.27401	3.6495	998.20	1368.0	8.4023	0.91432	1.2112	699.99	-0.72303	47.950	0.078405	vapor
975.20	0.10132	0.27339	3.6578	1000.8	1371.4	8.4050	0.91475	1.2116	700.74	-0.72410	48.020	0.078543	vapor
978.04	0.10132	0.27277	3.6661	1003.4	1374.9	8.4078	0.91518	1.2120	701.50	-0.72516	48.091	0.078681	vapor
980.87	0.10132	0.27215	3.6744	1006.0	1378.3	8.4105	0.91561	1.2124	702.25	-0.72622	48.161	0.078819	vapor
983.71	0.10132	0.27154	3.6827	1008.6	1381.7	8.4133	0.91603	1.2129	703.00	-0.72727	48.231	0.078957	vapor
986.55	0.10132	0.27093	3.6910	1011.2	1385.2	8.4160	0.91646	1.2133	703.76	-0.72831	48.301	0.079095	vapor
989.38	0.10132	0.27032	3.6993	1013.8	1388.6	8.4187	0.91688	1.2137	704.51	-0.72934	48.371	0.079232	vapor
992.22	0.10132	0.26971	3.7076	1016.4	1392.1	8.4215	0.91730	1.2141	705.26	-0.73037	48.441	0.079370	vapor
995.05	0.10132	0.26911	3.7159	1019.0	1395.5	8.4242	0.91772	1.2146	706.01	-0.73139	48.511	0.079507	vapor
997.89	0.10132	0.26851	3.7243	1021.6	1398.9	8.4269	0.91814	1.2150	706.76	-0.73240	48.581	0.079644	vapor
1000.7	0.10132	0.26791	3.7326	1024.2	1402.4	8.4296	0.91855	1.2154	707.51	-0.73341	48.651	0.079781	vapor
1003.6	0.10132	0.26732	3.7409	1026.8	1405.8	8.4323	0.91897	1.2158	708.25	-0.73441	48.721	0.079918	vapor
1006.4	0.10132	0.26672	3.7492	1029.4	1409.3	8.4350	0.91938	1.2162	709.00	-0.73540	48.791	0.080055	vapor
1009.2	0.10132	0.26614	3.7575	1032.0	1412.7	8.4377	0.91979	1.2166	709.75	-0.73639	48.860	0.080192	vapor
1012.1	0.10132	0.26555	3.7658	1034.6	1416.2	8.4404	0.92020	1.2170	710.49	-0.73737	48.930	0.080328	vapor
1014.9	0.10132	0.26496	3.7741	1037.2	1419.6	8.4431	0.92061	1.2174	711.24	-0.73834	49.000	0.080465	vapor
1017.7	0.10132	0.26438	3.7824	1039.8	1423.1	8.4457	0.92101	1.2178	711.98	-0.73931	49.069	0.080601	vapor
1020.6	0.10132	0.26380	3.7907	1042.5	1426.6	8.4484	0.92142	1.2183	712.73	-0.74027	49.139	0.080737	vapor
1023.4	0.10132	0.26322	3.7990	1045.1	1430.0	8.4511	0.92182	1.2187	713.47	-0.74122	49.208	0.080873	vapor
1026.3	0.10132	0.26265	3.8073	1047.7	1433.5	8.4538	0.92222	1.2191	714.21	-0.74217	49.278	0.081009	vapor
1029.1	0.10132	0.26208	3.8157	1050.3	1436.9	8.4564	0.92262	1.2195	714.95	-0.74311	49.347	0.081145	vapor
1031.9	0.10132	0.26151	3.8240	1052.9	1440.4	8.4591	0.92302	1.2199	715.69	-0.74405	49.416	0.081281	vapor
1034.8	0.10132	0.26094	3.8323	1055.5	1443.8	8.4617	0.92342	1.2203	716.43	-0.74497	49.485	0.081417	vapor
1037.6	0.10132	0.26038	3.8406	1058.2	1447.3	8.4644	0.92381	1.2206	717.17	-0.74590	49.554	0.081552	vapor
1040.4	0.10132	0.25982	3.8489	1060.8	1450.8	8.4670	0.92421	1.2210	717.91	-0.74681	49.624	0.081688	vapor
1043.3	0.10132	0.25926	3.8572	1063.4	1454.2	8.4696	0.92460	1.2214	718.64	-0.74773	49.693	0.081823	vapor
1046.1	0.10132	0.25870	3.8655	1066.0	1457.7	8.4723	0.92499	1.2218	719.38	-0.74863	49.762	0.081959	vapor
1048.9	0.10132	0.25814	3.8738	1068.7	1461.2	8.4749	0.92538	1.2222	720.12	-0.74953	49.830	0.082094	vapor
1051.8	0.10132	0.25759	3.8821	1071.3	1464.6	8.4775	0.92577	1.2226	720.85	-0.75042	49.899	0.082229	vapor
1054.6	0.10132	0.25704	3.8904	1073.9	1468.1	8.4801	0.92616	1.2230	721.58	-0.75131	49.968	0.082364	vapor
1057.5	0.10132	0.25649	3.8987	1076.5	1471.6	8.4827	0.92654	1.2234	722.32	-0.75219	50.037	0.082498	vapor
1060.3	0.10132	0.25595	3.9071	1079.2	1475.0	8.4853	0.92692	1.2238	723.05	-0.75307	50.106	0.082633	vapor
1063.1	0.10132	0.25540	3.9154	1081.8	1478.5	8.4879	0.92731	1.2241	723.78	-0.75394	50.174	0.082768	vapor
1066.0	0.10132	0.25486	3.9237	1084.4	1482.0	8.4905	0.92769	1.2245	724.51	-0.75481	50.243	0.082902	vapor
1068.8	0.10132	0.25432	3.9320	1087.1	1485.5	8.4931	0.92807	1.2249	725.24	-0.75567	50.312	0.083037	vapor
1071.6	0.10132	0.25379	3.9403	1089.7	1488.9	8.4957	0.92845	1.2253	725.97	-0.75652	50.380	0.083171	vapor
1074.5	0.10132	0.25325	3.9486	1092.3	1492.4	8.4983	0.92882	1.2257	726.70	-0.75737	50.449	0.083305	vapor
1077.3	0.10132	0.25272	3.9569	1095.0	1495.9	8.5009	0.92920	1.2260	727.43	-0.75821	50.517	0.083439	vapor
1080.1	0.10132	0.25219	3.9652	1097.6	1499.4	8.5034	0.92957	1.2264	728.16	-0.75905	50.585	0.083573	vapor
1083.0	0.10132	0.25167	3.9735	1100.2	1502.8	8.5060	0.92994	1.2268	728.89	-0.75988	50.654	0.083707	vapor
1085.8	0.10132	0.25114	3.9818	1102.9	1506.3	8.5086	0.93031	1.2271	729.61	-0.76071	50.722	0.083841	vapor
1088.7	0.10132	0.25062	3.9901	1105.5	1509.8	8.5111	0.93068	1.2275	730.34	-0.76153	50.790	0.083974	vapor
1091.5	0.10132	0.25010	3.9984	1108.1	1513.3	8.5137	0.93105	1.2279	731.06	-0.76235	50.858	0.084108	vapor
1094.3	0.10132	0.24958	4.0068	1110.8	1516.8	8.5162	0.93142	1.2282	731.79	-0.76316	50.926	0.084241	vapor
1097.2	0.10132	0.24906	4.0151	1113.4	1520.3	8.5188	0.93178	1.2286	732.51	-0.76396	50.994	0.084374	vapor
1100.0	0.10132	0.24855	4.0234	1116.1	1523.7	8.5213	0.93215	1.2290	733.23	-0.76477	51.062	0.084508	vapor
1102.8	0.10132	0.24804	4.0317	1118.7	1527.2	8.5239	0.93251	1.2293	733.96	-0.76556	51.130	0.084641	vapor
1105.7	0.10132	0.24753	4.0400	1121.4	1530.7	8.5264	0.93287	1.2297	734.68	-0.76635	51.198	0.084774	vapor
1108.5	0.10132	0.24702	4.0483	1124.0	1534.2	8.5289	0.93323	1.2301	735.40	-0.76714	51.266	0.084907	vapor
1111.3	0.10132	0.24651	4.0566	1126.7	1537.7	8.5314	0.93359	1.2304	736.12	-0.76792	51.334	0.085039	vapor
1114.2	0.10132	0.24601	4.0649	1129.3	1541.2	8.5340	0.93395	1.2308	736.84	-0.76870	51.402	0.085172	vapor
1117.0	0.10132	0.24551	4.0732	1132.0	1544.7	8.5365	0.93430	1.2311	737.56	-0.76947	51.469	0.085305	vapor
1119.9	0.10132	0.24501	4.0815	1134.6	1548.2	8.5390	0.93466	1.2315	738.27	-0.77024	51.537	0.085437	vapor
1122.7	0.10132	0.24451	4.0898	1137.3	1551.7	8.5415	0.93501	1.2318	738.99	-0.77100	51.605	0.085570	vapor
1125.5	0.10132	0.24401	4.0982	1139.9	1555.2	8.5440	0.93536	1.2322	739.71	-0.77176	51.672	0.085702	vapor
1128.4	0.10132	0.24352	4.1065	1142.6	1558.7	8.5465	0.93571	1.2325	740.42	-0.77251	51.740	0.085834	vapor
1131.2	0.10132	0.24303	4.1148	1145.2	1562.1	8.5490	0.93606	1.2329	741.14	-0.77326	51.807	0.085966	vapor
1134.0	0.10132	0.24254	4.1231	1147.9	1565.6	8.5515	0.93641	1.2332	741.85	-0.77400	51.875	0.086098	vapor
1136.9	0.10132	0.24205	4.1314	1150.5	1569.1	8.5539	0.93675	1.2336	742.57	-0.77474	51.942	0.086230	vapor
1139.7	0.10132	0.24156	4.1397	1153.2	1572.6	8.5564	0.93710	1.2339	743.28	-0.77548	52.009	0.086362	vapor
1142.5	0.10132	0.24108	4.1480	1155.8	1576.1	8.5589	0.93744	1.2343	743.99	-0.77621	52.077	0.086493	vapor
1145.4	0.10132	0.24060	4.1563	1158.5	1579.6	8.5614	0.93778	1.2346	744.70	-0.77693	52.144	0.086625	vapor
1148.2	0.10132	0.24012	4.1646	1161.2	1583.1	8.5638	0.93813	1.2350	745.42	-0.77765	52.211	0.086756	vapor
1151.1	0.10132	0.23964	4.1729	1163.8	1586.7	8.5663	0.93847	1.2353	746.13	-0.77837	52.278	0.086888	vapor
1153.9	0.10132	0.23916	4.1812	1166.5	1590.2	8.5688	0.93880	1.2356	746.84	-0.77908	52.345	0.087019	vapor
1156.7	0.10132	0.23869	4.1896	1169.2	1593.7	8.5712	0.93914	1.2360	747.54	-0.77979	52.412	0.087150	vapor
1159.6	0.10132	0.23822	4.1979	1171.8	1597.2	8.5737	0.93948	1.2363	748.25	-0.78049	52.479	0.087281	vapor
1162.4	0.10132	0.23775	4.2062	1174.5	1600.7	8.5761	0.93981	1.2366	748.96	-0.78119	52.546	0.087412	vapor
1165.2	0.10132	0.23728	4.2145	1177.1	1604.2	8.5786	0.94015	1.2370	749.67	-0.78189	52.613	0.087543	vapor
1168.1	0.10132	0.23681	4.2228	1179.8	1607.7	8.5810	0.94048	1.2373	750.38	-0.78258	52.680	0.087674	vapor
1170.9	0.10132	0.23635	4.2311	1182.5	1611.2	8.5834	0.94081	1.2376	751.08	-0.78326	52.747	0.087804	vapor
1173.7	0.10132	0.23588	4.2394	1185.2	1614.7	8.5859	0.94114	1.2380	751.79	-0.78395	52.814	0.087935	vapor
1176.6	0.10132	0.23542	4.2477	1187.8	1618.2	8.5883	0.94147	1.2383	752.49	-0.78463	52.881	0.088065	vapor
1179.4	0.10132	0.23496	4.2560	1190.5	1621.7	8.5907	0.94179	1.2386	753.20	-0.78530	52.947	0.088196	vapor
1182.3	0.10132	0.23450	4.2643	1193.2	1625.2	8.5931	0.94212	1.2389	753.90	-0.78597	53.014	0.088326	vapor
1185.1	0.10132	0.23405	4.2726	1195.8	1628.8	8.5955	0.94245	1.2393	754.60	-0.78664	53.081	0.088456	vapor
1187.9	0.10132	0.23359	4.2809	1198.5	1632.3	8.5979	0.94277	1.2396	755.30	-0.78730	53.147	0.088586	vapor
1190.8	0.10132	0.23314	4.2893	1201.2	1635.8	8.6003	0.94309	1.2399	756.00	-0.78796	53.214	0.088716	vapor
1193.6	0.10132	0.23269	4.2976	1203.9	1639.3	8.6027	0.94341	1.2402	756.71	-0.78861	53.280	0.088846	vapor
1196.4	0.10132	0.23224	4.3059	1206.5	1642.8	8.6051	0.94373	1.2406	757.41	-0.78926	53.347	0.088976	vapor
1199.3	0.10132	0.23179	4.3142	1209.2	1646.4	8.6075	0.94405	1.2409	758.11	-0.78991	53.413	0.089105	vapor
1202.1	0.10132	0.23135	4.3225	1211.9	1649.9	8.6099	0.94437	1.2412	758.80	-0.79055	53.479	0.089235	vapor
1204.9	0.10132	0.23090	4.3308	1214.6	1653.4	8.6123	0.94469	1.2415	759.50	-0.79119	53.546	0.089364	vapor
1207.8	0.10132	0.23046	4.3391	1217.3	1656.9	8.6147	0.94500	1.2418	760.20	-0.79183	53.612	0.089494	vapor
1210.6	0.10132	0.23002	4.3474	1219.9	1660.4	8.6171	0.94531	1.2421	760.90	-0.79246	53.678	0.089623	vapor
1213.5	0.10132	0.22958	4.3557	1222.6	1664.0	8.6194	0.94563	1.2424	761.59	-0.79309	53.744	0.089752	vapor
1216.3	0.10132	0.22915	4.3640	1225.3	1667.5	8.6218	0.94594	1.2428	762.29	-0.79371	53.810	0.089882	vapor
1219.1	0.10132	0.22871	4.3723	1228.0	1671.0	8.6242	0.94625	1.2431	762.98	-0.79433	53.877	0.090011	vapor
1222.0	0.10132	0.22828	4.3807	1230.7	1674.5	8.6265	0.94656	1.2434	763.68	-0.79495	53.943	0.090139	vapor
1224.8	0.10132	0.22784	4.3890	1233.4	1678.1	8.6289	0.94687	1.2437	764.37	-0.79556	54.009	0.090268	vapor
1227.6	0.10132	0.22741	4.3973	1236.0	1681.6	8.6312	0.94717	1.2440	765.07	-0.79617	54.075	0.090397	vapor
1230.5	0.10132	0.22698	4.4056	1238.7	1685.1	8.6336	0.94748	1.2443	765.76	-0.79678	54.140	0.090526	vapor
1233.3	0.10132	0.22656	4.4139	1241.4	1688.7	8.6359	0.94779	1.2446	766.45	-0.79738	54.206	0.090654	vapor
1236.1	0.10132	0.22613	4.4222	1244.1	1692.2	8.6383	0.94809	1.2449	767.14	-0.79798	54.272	0.090783	vapor
1239.0	0.10132	0.22571	4.4305	1246.8	1695.7	8.6406	0.94839	1.2452	767.83	-0.79858	54.338	0.090911	vapor
1241.8	0.10132	0.22529	4.4388	1249.5	1699.2	8.6429	0.94869	1.2455	768.52	-0.79917	54.404	0.091039	vapor
1244.7	0.10132	0.22486	4.4471	1252.2	1702.8	8.6453	0.94899	1.2458	769.21	-0.79976	54.469	0.091167	vapor
1247.5	0.10132	0.22445	4.4554	1254.9	1706.3	8.6476	0.94929	1.2461	769.90	-0.80034	54.535	0.091296	vapor
1250.3	0.10132	0.22403	4.4637	1257.6	1709.8	8.6499	0.94959	1.2464	770.59	-0.80093	54.601	0.091424	vapor
1253.2	0.10132	0.22361	4.4721	1260.3	1713.4	8.6522	0.94989	1.2467	771.28	-0.80150	54.666	0.091552	vapor
1256.0	0.10132	0.22320	4.4804	1262.9	1716.9	8.6546	0.95018	1.2470	771.97	-0.80208	54.732	0.091679	vapor
1258.8	0.10132	0.22278	4.4887	1265.6	1720.5	8.6569	0.95048	1.2473	772.65	-0.80265	54.798	0.091807	vapor
1261.7	0.10132	0.22237	4.4970	1268.3	1724.0	8.6592	0.95077	1.2476	773.34	-0.80322	54.863	0.091935	vapor
1264.5	0.10132	0.22196	4.5053	1271.0	1727.5	8.6615	0.95106	1.2479	774.03	-0.80379	54.928	0.092062	vapor
1267.4	0.10132	0.22155	4.5136	1273.7	1731.1	8.6638	0.95136	1.2482	774.71	-0.80435	54.994	0.092190	vapor
1270.2	0.10132	0.22115	4.5219	1276.4	1734.6	8.6661	0.95165	1.2485	775.40	-0.80491	55.059	0.092317	vapor
1273.0	0.10132	0.22074	4.5302	1279.1	1738.2	8.6684	0.95194	1.2488	776.08	-0.80546	55.125	0.092444	vapor
1275.9	0.10132	0.22034	4.5385	1281.8	1741.7	8.6707	0.95222	1.2490	776.76	-0.80601	55.190	0.092572	vapor
1278.7	0.10132	0.21993	4.5468	1284.5	1745.2	8.6729	0.95251	1.2493	777.44	-0.80656	55.255	0.092699	vapor
1281.5	0.10132	0.21953	4.5551	1287.2	1748.8	8.6752	0.95280	1.2496	778.13	-0.80711	55.320	0.092826	vapor
1284.4	0.10132	0.21913	4.5634	1289.9	1752.3	8.6775	0.95308	1.2499	778.81	-0.80765	55.385	0.092953	vapor
1287.2	0.10132	0.21873	4.5718	1292.6	1755.9	8.6798	0.95337	1.2502	779.49	-0.80819	55.451	0.093079	vapor
1290.0	0.10132	0.21834	4.5801	1295.3	1759.4	8.6820	0.95365	1.2505	780.17	-0.80873	55.516	0.093206	vapor
1292.9	0.10132	0.21794	4.5884	1298.1	1763.0	8.6843	0.95393	1.2507	780.85	-0.80927	55.581	0.093333	vapor
1295.7	0.10132	0.21755	4.5967	1300.8	1766.5	8.6866	0.95421	1.2510	781.53	-0.80980	55.646	0.093459	vapor
1298.6	0.10132	0.21716	4.6050	1303.5	1770.1	8.6888	0.95449	1.2513	782.21	-0.81032	55.711	0.093586	vapor
1301.4	0.10132	0.21676	4.6133	1306.2	1773.6	8.6911	0.95477	1.2516	782.89	-0.81085	55.776	0.093712	vapor
1304.2	0.10132	0.21637	4.6216	1308.9	1777.2	8.6933	0.95505	1.2519	783.56	-0.81137	55.841	0.093839	vapor
1307.1	0.10132	0.21599	4.6299	1311.6	1780.7	8.6956	0.95533	1.2521	784.24	-0.81189	55.905	0.093965	vapor
1309.9	0.10132	0.21560	4.6382	1314.3	1784.3	8.6978	0.95560	1.2524	784.92	-0.81241	55.970	0.094091	vapor
1312.7	0.10132	0.21521	4.6465	1317.0	1787.8	8.7001	0.95588	1.2527	785.59	-0.81292	56.035	0.094217	vapor
1315.6	0.10132	0.21483	4.6548	1319.7	1791.4	8.7023	0.95615	1.2530	786.27	-0.81343	56.100	0.094343	vapor
1318.4	0.10132	0.21445	4.6632	1322.4	1794.9	8.7046	0.95642	1.2532	786.94	-0.81394	56.165	0.094469	vapor
1321.2	0.10132	0.21407	4.6715	1325.2	1798.5	8.7068	0.95670	1.2535	787.62	-0.81444	56.229	0.094595	vapor
1324.1	0.10132	0.21369	4.6798	1327.9	1802.0	8.7090	0.95697	1.2538	788.29	-0.81494	56.294	0.094721	vapor
1326.9	0.10132	0.21331	4.6881	1330.6	1805.6	8.7112	0.95724	1.2541	788.96	-0.81544	56.359	0.094846	vapor
1329.8	0.10132	0.21293	4.6964	1333.3	1809.2	8.7135	0.95751	1.2543	789.63	-0.81594	56.423	0.094972	vapor
1332.6	0.10132	0.21255	4.7047	1336.0	1812.7	8.7157	0.95777	1.2546	790.31	-0.81643	56.488	0.095097	vapor
1335.4	0.10132	0.21218	4.7130	1338.7	1816.3	8.7179	0.95804	1.2549	790.98	-0.81692	56.552	0.095223	vapor
1338.3	0.10132	0.21181	4.7213	1341.4	1819.8	8.7201	0.95831	1.2551	791.65	-0.81741	56.617	0.095348	vapor
1341.1	0.10132	0.21143	4.7296	1344.2	1823.4	8.7223	0.95857	1.2554	792.32	-0.81790	56.681	0.095473	vapor
1343.9	0.10132	0.21106	4.7379	1346.9	1827.0	8.7245	0.95884	1.2557	792.99	-0.81838	56.745	0.095598	vapor
1346.8	0.10132	0.21069	4.7462	1349.6	1830.5	8.7267	0.95910	1.2559	793.66	-0.81886	56.810	0.095723	vapor
1349.6	0.10132	0.21033	4.7545	1352.3	1834.1	8.7289	0.95936	1.2562	794.33	-0.81934	56.874	0.095848	vapor
1352.4	0.10132	0.20996	4.7629	1355.0	1837.6	8.7311	0.95962	1.2564	794.99	-0.81981	56.938	0.095973	vapor
1355.3	0.10132	0.20959	4.7712	1357.8	1841.2	8.7333	0.95988	1.2567	795.66	-0.82029	57.003	0.096098	vapor
1358.1	0.10132	0.20923	4.7795	1360.5	1844.8	8.7355	0.96014	1.2570	796.33	-0.82075	57.067	0.096223	vapor
1361.0	0.10132	0.20887	4.7878	1363.2	1848.3	8.7377	0.96040	1.2572	796.99	-0.82122	57.131	0.096348	vapor
1363.8	0.10132	0.20850	4.7961	1365.9	1851.9	8.7399	0.96066	1.2575	797.66	-0.82169	57.195	0.096472	vapor
1366.6	0.10132	0.20814	4.8044	1368.7	1855.5	8.7420	0.96091	1.2577	798.33	-0.82215	57.259	0.096597	vapor
1369.5	0.10132	0.20778	4.8127	1371.4	1859.0	8.7442	0.96117	1.2580	798.99	-0.82261	57.323	0.096721	vapor
1372.3	0.10132	0.20743	4.8210	1374.1	1862.6	8.7464	0.96142	1.2582	799.65	-0.82306	57.388	0.096845	vapor
1375.1	0.10132	0.20707	4.8293	1376.8	1866.2	8.7485	0.96168	1.2585	800.32	-0.82352	57.452	0.096970	vapor
1378.0	0.10132	0.20671	4.8376	1379.6	1869.7	8.7507	0.96193	1.2587	800.98	-0.82397	57.516	0.097094	vapor
1380.8	0.10132	0.20636	4.8459	1382.3	1873.3	8.7529	0.96218	1.2590	801.64	-0.82442	57.579	0.097218	vapor
1383.6	0.10132	0.20601	4.8542	1385.0	1876.9	8.7550	0.96243	1.2592	802.31	-0.82487	57.643	0.097342	vapor
1386.5	0.10132	0.20565	4.8626	1387.8	1880.5	8.7572	0.96268	1.2595	802.97	-0.82531	57.707	0.097466	vapor
1389.3	0.10132	0.20530	4.8709	1390.5	1884.0	8.7593	0.96293	1.2597	803.63	-0.82575	57.771	0.097590	vapor
1392.2	0.10132	0.20495	4.8792	1393.2	1887.6	8.7615	0.96318	1.2600	804.29	-0.82619	57.835	0.097714	vapor
1395.0	0.10132	0.20460	4.8875	1396.0	1891.2	8.7636	0.96343	1.2602	804.95	-0.82663	57.899	0.097837	vapor
1397.8	0.10132	0.20426	4.8958	1398.7	1894.8	8.7658	0.96368	1.2605	805.61	-0.82707	57.962	0.097961	vapor
1400.7	0.10132	0.20391	4.9041	1401.4	1898.3	8.7679	0.96392	1.2607	806.27	-0.82750	58.026	0.098084	vapor
1403.5	0.10132	0.20357	4.9124	1404.2	1901.9	8.7700	0.96417	1.2610	806.93	-0.82793	58.090	0.098208	vapor
1406.3	0.10132	0.20322	4.9207	1406.9	1905.5	8.7722	0.96441	1.2612	807.58	-0.82836	58.154	0.098331	vapor
1409.2	0.10132	0.20288	4.9290	1409.6	1909.1	8.7743	0.96465	1.2615	808.24	-0.82878	58.217	0.098455	vapor
1412.0	0.10132	0.20254	4.9373	1412.4	1912.6	8.7764	0.96490	1.2617	808.90	-0.82921	58.281	0.098578	vapor
1414.8	0.10132	0.20220	4.9456	1415.1	1916.2	8.7785	0.96514	1.2620	809.55	-0.82963	58.344	0.098701	vapor
1417.7	0.10132	0.20186	4.9540	1417.8	1919.8	8.7807	0.96538	1.2622	810.21	-0.83004	58.408	0.098824	vapor
1420.5	0.10132	0.20152	4.9623	1420.6	1923.4	8.7828	0.96562	1.2624	810.87	-0.83046	58.471	0.098947	vapor
1423.4	0.10132	0.20118	4.9706	1423.3	1927.0	8.7849	0.96586	1.2627	811.52	-0.83088	58.535	0.099070	vapor
1426.2	0.10132	0.20085	4.9789	1426.1	1930.5	8.7870	0.96610	1.2629	812.17	-0.83129	58.598	0.099193	vapor
1429.0	0.10132	0.20051	4.9872	1428.8	1934.1	8.7891	0.96633	1.2631	812.83	-0.83170	58.662	0.099316	vapor
1431.9	0.10132	0.20018	4.9955	1431.5	1937.7	8.7912	0.96657	1.2634	813.48	-0.83211	58.725	0.099439	vapor
1434.7	0.10132	0.19985	5.0038	1434.3	1941.3	8.7933	0.96680	1.2636	814.13	-0.83251	58.788	0.099561	vapor
1437.5	0.10132	0.19952	5.0121	1437.0	1944.9	8.7954	0.96704	1.2639	814.79	-0.83291	58.852	0.099684	vapor
1440.4	0.10132	0.19919	5.0204	1439.8	1948.5	8.7975	0.96727	1.2641	815.44	-0.83332	58.915	0.099806	vapor
1443.2	0.10132	0.19886	5.0287	1442.5	1952.0	8.7996	0.96751	1.2643	816.09	-0.83371	58.978	0.099929	vapor
1446.0	0.10132	0.19853	5.0370	1445.3	1955.6	8.8017	0.96774	1.2646	816.74	-0.83411	59.041	0.10005	vapor
1448.9	0.10132	0.19820	5.0453	1448.0	1959.2	8.8038	0.96797	1.2648	817.39	-0.83451	59.104	0.10017	vapor
1451.7	0.10132	0.19788	5.0537	1450.7	1962.8	8.8058	0.96820	1.2650	818.04	-0.83490	59.168	0.10030	vapor
1454.6	0.10132	0.19755	5.0620	1453.5	1966.4	8.8079	0.96843	1.2652	818.69	-0.83529	59.231	0.10042	vapor
1457.4	0.10132	0.19723	5.0703	1456.2	1970.0	8.8100	0.96866	1.2655	819.34	-0.83568	59.294	0.10054	vapor
1460.2	0.10132	0.19691	5.0786	1459.0	1973.6	8.8121	0.96889	1.2657	819.99	-0.83606	59.357	0.10066	vapor
1463.1	0.10132	0.19658	5.0869	1461.7	1977.2	8.8141	0.96911	1.2659	820.63	-0.83645	59.420	0.10078	vapor
1465.9	0.10132	0.19626	5.0952	1464.5	1980.8	8.8162	0.96934	1.2662	821.28	-0.83683	59.483	0.10091	vapor
1468.7	0.10132	0.19594	5.1035	1467.2	1984.3	8.8183	0.96957	1.2664	821.93	-0.83721	59.546	0.10103	vapor
1471.6	0.10132	0.19563	5.1118	1470.0	1987.9	8.8203	0.96979	1.2666	822.57	-0.83759	59.609	0.10115	vapor
1474.4	0.10132	0.19531	5.1201	1472.7	1991.5	8.8224	0.97002	1.2668	823.22	-0.83797	59.672	0.10127	vapor
1477.2	0.10132	0.19499	5.1284	1475.5	1995.1	8.8244	0.97024	1.2671	823.87	-0.83834	59.735	0.10139	vapor
1480.1	0.10132	0.19468	5.1367	1478.2	1998.7	8.8265	0.97046	1.2673	824.51	-0.83871	59.797	0.10151	vapor
1482.9	0.10132	0.19436	5.1451	1481.0	2002.3	8.8285	0.97069	1.2675	825.15	-0.83908	59.860	0.10164	vapor
1485.8	0.10132	0.19405	5.1534	1483.7	2005.9	8.8306	0.97091	1.2677	825.80	-0.83945	59.923	0.10176	vapor
1488.6	0.10132	0.19374	5.1617	1486.5	2009.5	8.8326	0.97113	1.2679	826.44	-0.83982	59.986	0.10188	vapor
1491.4	0.10132	0.19342	5.1700	1489.3	2013.1	8.8347	0.97135	1.2682	827.08	-0.84018	60.048	0.10200	vapor
1494.3	0.10132	0.19311	5.1783	1492.0	2016.7	8.8367	0.97157	1.2684	827.73	-0.84055	60.111	0.10212	vapor
1497.1	0.10132	0.19280	5.1866	1494.8	2020.3	8.8387	0.97178	1.2686	828.37	-0.84091	60.174	0.10224	vapor
1499.9	0.10132	0.19250	5.1949	1497.5	2023.9	8.8408	0.97200	1.2688	829.01	-0.84127	60.236	0.10236	vapor
1502.8	0.10132	0.19219	5.2032	1500.3	2027.5	8.8428	0.97222	1.2690	829.65	-0.84162	60.299	0.10248	vapor
1505.6	0.10132	0.19188	5.2115	1503.0	2031.1	8.8448	0.97243	1.2692	830.29	-0.84198	60.362	0.10260	vapor
1508.4	0.10132	0.19158	5.2198	1505.8	2034.7	8.8469	0.97265	1.2695	830.93	-0.84233	60.424	0.10272	vapor
1511.3	0.10132	0.19127	5.2281	1508.6	2038.3	8.8489	0.97286	1.2697	831.57	-0.84268	60.487	0.10285	vapor
1514.1	0.10132	0.19097	5.2364	1511.3	2041.9	8.8509	0.97308	1.2699	832.21	-0.84303	60.549	0.10297	vapor
1517.0	0.10132	0.19067	5.2448	1514.1	2045.5	8.8529	0.97329	1.2701	832.85	-0.84338	60.612	0.10309	vapor
1519.8	0.10132	0.19037	5.2531	1516.8	2049.1	8.8549	0.97350	1.2703	833.49	-0.84373	60.674	0.10321	vapor
1522.6	0.10132	0.19006	5.2614	1519.6	2052.7	8.8569	0.97371	1.2705	834.12	-0.84407	60.736	0.10333	vapor
1525.5	0.10132	0.18976	5.2697	1522.4	2056.3	8.8589	0.97393	1.2707	834.76	-0.84441	60.799	0.10345	vapor
1528.3	0.10132	0.18947	5.2780	1525.1	2059.9	8.8609	0.97414	1.2709	835.40	-0.84475	60.861	0.10357	vapor
1531.1	0.10132	0.18917	5.2863	1527.9	2063.5	8.8629	0.97435	1.2712	836.03	-0.84509	60.924	0.10369	vapor
1534.0	0.10132	0.18887	5.2946	1530.7	2067.1	8.8649	0.97455	1.2714	836.67	-0.84543	60.986	0.10381	vapor
1536.8	0.10132	0.18858	5.3029	1533.4	2070.7	8.8669	0.97476	1.2716	837.30	-0.84577	61.048	0.10393	vapor
1539.6	0.10132	0.18828	5.3112	1536.2	2074.3	8.8689	0.97497	1.2718	837.94	-0.84610	61.110	0.10405	vapor
1542.5	0.10132	0.18799	5.3195	1538.9	2078.0	8.8709	0.97518	1.2720	838.57	-0.84643	61.173	0.10417	vapor
1545.3	0.10132	0.18769	5.3278	1541.7	2081.6	8.8729	0.97538	1.2722	839.21	-0.84676	61.235	0.10429	vapor
1548.2	0.10132	0.18740	5.3361	1544.5	2085.2	8.8749	0.97559	1.2724	839.84	-0.84709	61.297	0.10441	vapor
1551.0	0.10132	0.18711	5.3445	1547.2	2088.8	8.8768	0.97579	1.2726	840.47	-0.84742	61.359	0.10453	vapor
1553.8	0.10132	0.18682	5.3528	1550.0	2092.4	8.8788	0.97600	1.2728	841.11	-0.84774	61.421	0.10465	vapor
1556.7	0.10132	0.18653	5.3611	1552.8	2096.0	8.8808	0.97620	1.2730	841.74	-0.84807	61.483	0.10477	vapor
1559.5	0.10132	0.18624	5.3694	1555.6	2099.6	8.8828	0.97640	1.2732	842.37	-0.84839	61.545	0.10489	vapor
1562.3	0.10132	0.18595	5.3777	1558.3	2103.2	8.8847	0.97660	1.2734	843.00	-0.84871	61.607	0.10501	vapor
1565.2	0.10132	0.18567	5.3860	1561.1	2106.8	8.8867	0.97680	1.2736	843.63	-0.84903	61.669	0.10513	vapor
1568.0	0.10132	0.18538	5.3943	1563.9	2110.4	8.8887	0.97700	1.2738	844.26	-0.84934	61.731	0.10525	vapor
1570.8	0.10132	0.18510	5.4026	1566.6	2114.1	8.8906	0.97720	1.2740	844.89	-0.84966	61.793	0.10537	vapor
1573.7	0.10132	0.18481	5.4109	1569.4	2117.7	8.8926	0.97740	1.2742	845.52	-0.84997	61.855	0.10548	vapor
1576.5	0.10132	0.18453	5.4192	1572.2	2121.3	8.8945	0.97760	1.2744	846.15	-0.85028	61.917	0.10560	vapor
1579.4	0.10132	0.18425	5.4275	1575.0	2124.9	8.8965	0.97780	1.2746	846.78	-0.85059	61.979	0.10572	vapor
1582.2	0.10132	0.18396	5.4359	1577.7	2128.5	8.8984	0.97800	1.2748	847.40	-0.85090	62.041	0.10584	vapor
1585.0	0.10132	0.18368	5.4442	1580.5	2132.1	8.9004	0.97819	1.2750	848.03	-0.85121	62.103	0.10596	vapor
1587.9	0.10132	0.18340	5.4525	1583.3	2135.8	8.9023	0.97839	1.2752	848.66	-0.85152	62.164	0.10608	vapor
1590.7	0.10132	0.18312	5.4608	1586.1	2139.4	8.9043	0.97858	1.2754	849.29	-0.85182	62.226	0.10620	vapor
1593.5	0.10132	0.18285	5.4691	1588.8	2143.0	8.9062	0.97878	1.2756	849.91	-0.85212	62.288	0.10632	vapor
1596.4	0.10132	0.18257	5.4774	1591.6	2146.6	8.9082	0.97897	1.2758	850.54	-0.85242	62.350	0.10644	vapor
1599.2	0.10132	0.18229	5.4857	1594.4	2150.2	8.9101	0.97917	1.2760	851.16	-0.85272	62.411	0.10656	vapor
1602.0	0.10132	0.18202	5.4940	1597.2	2153.8	8.9120	0.97936	1.2762	851.79	-0.85302	62.473	0.10667	vapor
1604.9	0.10132	0.18174	5.5023	1599.9	2157.5	8.9140	0.97955	1.2764	852.41	-0.85332	62.534	0.10679	vapor
1607.7	0.10132	0.18147	5.5106	1602.7	2161.1	8.9159	0.97974	1.2766	853.03	-0.85361	62.596	0.10691	vapor
1610.6	0.10132	0.18119	5.5189	1605.5	2164.7	8.9178	0.97993	1.2767	853.66	-0.85391	62.658	0.10703	vapor
1613.4	0.10132	0.18092	5.5272	1608.3	2168.3	8.9197	0.98012	1.2769	854.28	-0.85420	62.719	0.10715	vapor
1616.2	0.10132	0.18065	5.5356	1611.1	2171.9	8.9216	0.98031	1.2771	854.90	-0.85449	62.781	0.10727	vapor
1619.1	0.10132	0.18038	5.5439	1613.8	2175.6	8.9236	0.98050	1.2773	855.53	-0.85478	62.842	0.10738	vapor
1621.9	0.10132	0.18011	5.5522	1616.6	2179.2	8.9255	0.98069	1.2775	856.15	-0.85507	62.904	0.10750	vapor
1624.7	0.10132	0.17984	5.5605	1619.4	2182.8	8.9274	0.98088	1.2777	856.77	-0.85535	62.965	0.10762	vapor
1627.6	0.10132	0.17957	5.5688	1622.2	2186.4	8.9293	0.98106	1.2779	857.39	-0.85564	63.027	0.10774	vapor
1630.4	0.10132	0.17930	5.5771	1625.0	2190.1	8.9312	0.98125	1.2781	858.01	-0.85592	63.088	0.10786	vapor
1633.2	0.10132	0.17904	5.5854	1627.8	2193.7	8.9331	0.98144	1.2782	858.63	-0.85620	63.149	0.10798	vapor
1636.1	0.10132	0.17877	5.5937	1630.5	2197.3	8.9350	0.98162	1.2784	859.25	-0.85648	63.211	0.10809	vapor
1638.9	0.10132	0.17851	5.6020	1633.3	2200.9	8.9369	0.98181	1.2786	859.87	-0.85676	63.272	0.10821	vapor
1641.8	0.10132	0.17824	5.6103	1636.1	2204.6	8.9388	0.98199	1.2788	860.49	-0.85704	63.333	0.10833	vapor
1644.6	0.10132	0.17798	5.6186	1638.9	2208.2	8.9407	0.98217	1.2790	861.10	-0.85731	63.395	0.10845	vapor
1647.4	0.10132	0.17772	5.6270	1641.7	2211.8	8.9426	0.98236	1.2792	861.72	-0.85759	63.456	0.10856	vapor
1650.3	0.10132	0.17745	5.6353	1644.5	2215.5	8.9445	0.98254	1.2793	862.34	-0.85786	63.517	0.10868	vapor
1653.1	0.10132	0.17719	5.6436	1647.2	2219.1	8.9464	0.98272	1.2795	862.96	-0.85813	63.578	0.10880	vapor
1655.9	0.10132	0.17693	5.6519	1650.0	2222.7	8.9482	0.98290	1.2797	863.57	-0.85840	63.640	0.10892	vapor
1658.8	0.10132	0.17667	5.6602	1652.8	2226.3	8.9501	0.98308	1.2799	864.19	-0.85867	63.701	0.10903	vapor
1661.6	0.10132	0.17641	5.6685	1655.6	2230.0	8.9520	0.98326	1.2801	864.80	-0.85894	63.762	0.10915	vapor
1664.4	0.10132	0.17616	5.6768	1658.4	2233.6	8.9539	0.98344	1.2802	865.42	-0.85921	63.823	0.10927	vapor
1667.3	0.10132	0.17590	5.6851	1661.2	2237.2	8.9557	0.98362	1.2804	866.03	-0.85947	63.884	0.10939	vapor
1670.1	0.10132	0.17564	5.6934	1664.0	2240.9	8.9576	0.98380	1.2806	866.65	-0.85974	63.945	0.10950	vapor
1673.0	0.10132	0.17539	5.7017	1666.8	2244.5	8.9595	0.98398	1.2808	867.26	-0.86000	64.006	0.10962	vapor
1675.8	0.10132	0.17513	5.7100	1669.6	2248.1	8.9613	0.98415	1.2810	867.88	-0.86026	64.067	0.10974	vapor
1678.6	0.10132	0.17488	5.7183	1672.4	2251.8	8.9632	0.98433	1.2811	868.49	-0.86052	64.128	0.10986	vapor
1681.5	0.10132	0.17462	5.7267	1675.1	2255.4	8.9651	0.98451	1.2813	869.10	-0.86078	64.189	0.10997	vapor
1684.3	0.10132	0.17437	5.7350	1677.9	2259.0	8.9669	0.98468	1.2815	869.71	-0.86104	64.250	0.11009	vapor
1687.1	0.10132	0.17412	5.7433	1680.7	2262.7	8.9688	0.98486	1.2817	870.33	-0.86129	64.311	0.11021	vapor
1690.0	0.10132	0.17387	5.7516	1683.5	2266.3	8.9706	0.98503	1.2818	870.94	-0.86155	64.372	0.11032	vapor
1692.8	0.10132	0.17361	5.7599	1686.3	2269.9	8.9725	0.98520	1.2820	871.55	-0.86180	64.433	0.11044	vapor
1695.6	0.10132	0.17336	5.7682	1689.1	2273.6	8.9743	0.98538	1.2822	872.16	-0.86205	64.494	0.11056	vapor
1698.5	0.10132	0.17312	5.7765	1691.9	2277.2	8.9762	0.98555	1.2824	872.77	-0.86230	64.555	0.11067	vapor
1701.3	0.10132	0.17287	5.7848	1694.7	2280.9	8.9780	0.98572	1.2825	873.38	-0.86255	64.615	0.11079	vapor
1704.2	0.10132	0.17262	5.7931	1697.5	2284.5	8.9799	0.98589	1.2827	873.99	-0.86280	64.676	0.11091	vapor
1707.0	0.10132	0.17237	5.8014	1700.3	2288.1	8.9817	0.98606	1.2829	874.60	-0.86305	64.737	0.11102	vapor
1709.8	0.10132	0.17212	5.8097	1703.1	2291.8	8.9835	0.98623	1.2830	875.20	-0.86329	64.798	0.11114	vapor
1712.7	0.10132	0.17188	5.8180	1705.9	2295.4	8.9854	0.98640	1.2832	875.81	-0.86354	64.859	0.11126	vapor
1715.5	0.10132	0.17163	5.8264	1708.7	2299.0	8.9872	0.98657	1.2834	876.42	-0.86378	64.919	0.11137	vapor
1718.3	0.10132	0.17139	5.8347	1711.5	2302.7	8.9890	0.98674	1.2835	877.03	-0.86402	64.980	0.11149	vapor
1721.2	0.10132	0.17115	5.8430	1714.3	2306.3	8.9909	0.98691	1.2837	877.63	-0.86426	65.041	0.11161	vapor
1724.0	0.10132	0.17090	5.8513	1717.1	2310.0	8.9927	0.98708	1.2839	878.24	-0.86450	65.101	0.11172	vapor
