Temperature (C)	Pressure (atm)	Density (kg/m3)	Volume (m3/kg)	Internal Energy (kJ/kg)	Enthalpy (kJ/kg)	Entropy (J/g*K)	Cv (J/g*K)	Cp (J/g*K)	Sound Spd. (m/s)	Joule-Thomson (F/atm)	Viscosity (Pa*s)	Therm. Cond. (W/m*K)	Phase
25.000	1.0000	997.05	0.0010030	104.82	104.92	0.36720	4.1376	4.1813	1496.7	-0.040392	0.00089008	0.60719	liquid
25.142	1.0000	997.01	0.0010030	105.41	105.51	0.36919	4.1370	4.1813	1497.1	-0.040375	0.00088722	0.60744	liquid
25.283	1.0000	996.97	0.0010030	106.00	106.10	0.37117	4.1364	4.1812	1497.5	-0.040358	0.00088437	0.60768	liquid
25.425	1.0000	996.94	0.0010031	106.60	106.70	0.37316	4.1359	4.1811	1497.8	-0.040340	0.00088154	0.60792	liquid
25.567	1.0000	996.90	0.0010031	107.19	107.29	0.37514	4.1353	4.1811	1498.2	-0.040323	0.00087872	0.60816	liquid
25.708	1.0000	996.86	0.0010031	107.78	107.88	0.37712	4.1348	4.1810	1498.6	-0.040306	0.00087591	0.60840	liquid
25.850	1.0000	996.83	0.0010032	108.37	108.47	0.37910	4.1342	4.1810	1498.9	-0.040289	0.00087312	0.60864	liquid
25.992	1.0000	996.79	0.0010032	108.96	109.07	0.38108	4.1336	4.1809	1499.3	-0.040271	0.00087034	0.60888	liquid
26.133	1.0000	996.75	0.0010033	109.56	109.66	0.38306	4.1331	4.1809	1499.7	-0.040254	0.00086758	0.60912	liquid
26.275	1.0000	996.71	0.0010033	110.15	110.25	0.38504	4.1325	4.1808	1500.1	-0.040237	0.00086483	0.60936	liquid
26.417	1.0000	996.67	0.0010033	110.74	110.84	0.38702	4.1319	4.1808	1500.4	-0.040220	0.00086210	0.60959	liquid
26.558	1.0000	996.64	0.0010034	111.33	111.44	0.38900	4.1314	4.1807	1500.8	-0.040203	0.00085938	0.60983	liquid
26.700	1.0000	996.60	0.0010034	111.93	112.03	0.39097	4.1308	4.1807	1501.1	-0.040186	0.00085668	0.61007	liquid
26.842	1.0000	996.56	0.0010035	112.52	112.62	0.39295	4.1302	4.1806	1501.5	-0.040169	0.00085398	0.61031	liquid
26.983	1.0000	996.52	0.0010035	113.11	113.21	0.39492	4.1296	4.1806	1501.9	-0.040152	0.00085130	0.61054	liquid
27.125	1.0000	996.48	0.0010035	113.70	113.80	0.39689	4.1291	4.1805	1502.2	-0.040135	0.00084864	0.61078	liquid
27.267	1.0000	996.44	0.0010036	114.30	114.40	0.39886	4.1285	4.1805	1502.6	-0.040118	0.00084599	0.61102	liquid
27.408	1.0000	996.40	0.0010036	114.89	114.99	0.40084	4.1279	4.1805	1502.9	-0.040101	0.00084335	0.61125	liquid
27.550	1.0000	996.36	0.0010037	115.48	115.58	0.40281	4.1273	4.1804	1503.3	-0.040084	0.00084073	0.61149	liquid
27.692	1.0000	996.32	0.0010037	116.07	116.17	0.40477	4.1268	4.1804	1503.6	-0.040067	0.00083811	0.61172	liquid
27.833	1.0000	996.28	0.0010037	116.66	116.77	0.40674	4.1262	4.1803	1504.0	-0.040050	0.00083552	0.61196	liquid
27.975	1.0000	996.24	0.0010038	117.26	117.36	0.40871	4.1256	4.1803	1504.3	-0.040033	0.00083293	0.61219	liquid
28.117	1.0000	996.20	0.0010038	117.85	117.95	0.41068	4.1250	4.1803	1504.7	-0.040017	0.00083036	0.61243	liquid
28.258	1.0000	996.16	0.0010039	118.44	118.54	0.41264	4.1244	4.1802	1505.0	-0.040000	0.00082780	0.61266	liquid
28.400	1.0000	996.12	0.0010039	119.03	119.13	0.41461	4.1239	4.1802	1505.4	-0.039983	0.00082525	0.61289	liquid
28.542	1.0000	996.08	0.0010039	119.62	119.73	0.41657	4.1233	4.1801	1505.7	-0.039966	0.00082272	0.61313	liquid
28.683	1.0000	996.04	0.0010040	120.22	120.32	0.41853	4.1227	4.1801	1506.1	-0.039949	0.00082020	0.61336	liquid
28.825	1.0000	996.00	0.0010040	120.81	120.91	0.42049	4.1221	4.1801	1506.4	-0.039933	0.00081769	0.61359	liquid
28.967	1.0000	995.96	0.0010041	121.40	121.50	0.42245	4.1215	4.1800	1506.7	-0.039916	0.00081519	0.61382	liquid
29.108	1.0000	995.92	0.0010041	121.99	122.10	0.42441	4.1209	4.1800	1507.1	-0.039899	0.00081271	0.61405	liquid
29.250	1.0000	995.87	0.0010041	122.59	122.69	0.42637	4.1203	4.1800	1507.4	-0.039883	0.00081023	0.61429	liquid
29.392	1.0000	995.83	0.0010042	123.18	123.28	0.42833	4.1198	4.1799	1507.7	-0.039866	0.00080777	0.61452	liquid
29.533	1.0000	995.79	0.0010042	123.77	123.87	0.43029	4.1192	4.1799	1508.1	-0.039849	0.00080533	0.61475	liquid
29.675	1.0000	995.75	0.0010043	124.36	124.46	0.43224	4.1186	4.1799	1508.4	-0.039833	0.00080289	0.61498	liquid
29.817	1.0000	995.70	0.0010043	124.95	125.06	0.43420	4.1180	4.1799	1508.7	-0.039816	0.00080047	0.61521	liquid
29.958	1.0000	995.66	0.0010044	125.55	125.65	0.43615	4.1174	4.1798	1509.1	-0.039800	0.00079805	0.61543	liquid
30.100	1.0000	995.62	0.0010044	126.14	126.24	0.43810	4.1168	4.1798	1509.4	-0.039783	0.00079565	0.61566	liquid
30.242	1.0000	995.58	0.0010044	126.73	126.83	0.44006	4.1162	4.1798	1509.7	-0.039767	0.00079326	0.61589	liquid
30.383	1.0000	995.53	0.0010045	127.32	127.42	0.44201	4.1156	4.1797	1510.0	-0.039750	0.00079089	0.61612	liquid
30.525	1.0000	995.49	0.0010045	127.92	128.02	0.44396	4.1150	4.1797	1510.4	-0.039734	0.00078852	0.61635	liquid
30.667	1.0000	995.45	0.0010046	128.51	128.61	0.44591	4.1144	4.1797	1510.7	-0.039717	0.00078617	0.61657	liquid
30.808	1.0000	995.40	0.0010046	129.10	129.20	0.44786	4.1138	4.1797	1511.0	-0.039701	0.00078382	0.61680	liquid
30.950	1.0000	995.36	0.0010047	129.69	129.79	0.44980	4.1132	4.1796	1511.3	-0.039684	0.00078149	0.61703	liquid
31.092	1.0000	995.31	0.0010047	130.28	130.39	0.45175	4.1126	4.1796	1511.6	-0.039668	0.00077917	0.61725	liquid
31.233	1.0000	995.27	0.0010048	130.88	130.98	0.45370	4.1120	4.1796	1511.9	-0.039652	0.00077686	0.61748	liquid
31.375	1.0000	995.23	0.0010048	131.47	131.57	0.45564	4.1114	4.1796	1512.3	-0.039635	0.00077457	0.61770	liquid
31.517	1.0000	995.18	0.0010048	132.06	132.16	0.45758	4.1108	4.1796	1512.6	-0.039619	0.00077228	0.61793	liquid
31.658	1.0000	995.14	0.0010049	132.65	132.75	0.45953	4.1102	4.1795	1512.9	-0.039603	0.00077000	0.61815	liquid
31.800	1.0000	995.09	0.0010049	133.24	133.35	0.46147	4.1096	4.1795	1513.2	-0.039586	0.00076774	0.61838	liquid
31.942	1.0000	995.05	0.0010050	133.84	133.94	0.46341	4.1090	4.1795	1513.5	-0.039570	0.00076548	0.61860	liquid
32.083	1.0000	995.00	0.0010050	134.43	134.53	0.46535	4.1084	4.1795	1513.8	-0.039554	0.00076324	0.61882	liquid
32.225	1.0000	994.96	0.0010051	135.02	135.12	0.46729	4.1078	4.1795	1514.1	-0.039537	0.00076101	0.61905	liquid
32.367	1.0000	994.91	0.0010051	135.61	135.71	0.46923	4.1072	4.1795	1514.4	-0.039521	0.00075878	0.61927	liquid
32.508	1.0000	994.86	0.0010052	136.20	136.31	0.47117	4.1066	4.1794	1514.7	-0.039505	0.00075657	0.61949	liquid
32.650	1.0000	994.82	0.0010052	136.80	136.90	0.47310	4.1060	4.1794	1515.0	-0.039489	0.00075437	0.61971	liquid
32.792	1.0000	994.77	0.0010053	137.39	137.49	0.47504	4.1054	4.1794	1515.3	-0.039473	0.00075218	0.61993	liquid
32.933	1.0000	994.73	0.0010053	137.98	138.08	0.47697	4.1048	4.1794	1515.6	-0.039457	0.00075000	0.62015	liquid
33.075	1.0000	994.68	0.0010053	138.57	138.67	0.47891	4.1042	4.1794	1515.9	-0.039440	0.00074783	0.62037	liquid
33.217	1.0000	994.63	0.0010054	139.16	139.27	0.48084	4.1036	4.1794	1516.2	-0.039424	0.00074567	0.62059	liquid
33.358	1.0000	994.59	0.0010054	139.76	139.86	0.48277	4.1029	4.1794	1516.5	-0.039408	0.00074352	0.62081	liquid
33.500	1.0000	994.54	0.0010055	140.35	140.45	0.48470	4.1023	4.1793	1516.8	-0.039392	0.00074138	0.62103	liquid
33.642	1.0000	994.49	0.0010055	140.94	141.04	0.48663	4.1017	4.1793	1517.1	-0.039376	0.00073925	0.62125	liquid
33.783	1.0000	994.45	0.0010056	141.53	141.64	0.48856	4.1011	4.1793	1517.4	-0.039360	0.00073713	0.62147	liquid
33.925	1.0000	994.40	0.0010056	142.13	142.23	0.49049	4.1005	4.1793	1517.7	-0.039344	0.00073502	0.62169	liquid
34.067	1.0000	994.35	0.0010057	142.72	142.82	0.49242	4.0999	4.1793	1518.0	-0.039328	0.00073291	0.62190	liquid
34.208	1.0000	994.30	0.0010057	143.31	143.41	0.49435	4.0993	4.1793	1518.3	-0.039312	0.00073082	0.62212	liquid
34.350	1.0000	994.26	0.0010058	143.90	144.00	0.49627	4.0986	4.1793	1518.6	-0.039296	0.00072874	0.62234	liquid
34.492	1.0000	994.21	0.0010058	144.49	144.60	0.49820	4.0980	4.1793	1518.8	-0.039280	0.00072667	0.62255	liquid
34.633	1.0000	994.16	0.0010059	145.09	145.19	0.50012	4.0974	4.1793	1519.1	-0.039264	0.00072461	0.62277	liquid
34.775	1.0000	994.11	0.0010059	145.68	145.78	0.50204	4.0968	4.1793	1519.4	-0.039248	0.00072256	0.62298	liquid
34.917	1.0000	994.06	0.0010060	146.27	146.37	0.50397	4.0962	4.1793	1519.7	-0.039232	0.00072051	0.62320	liquid
35.058	1.0000	994.01	0.0010060	146.86	146.96	0.50589	4.0955	4.1793	1520.0	-0.039216	0.00071848	0.62341	liquid
35.200	1.0000	993.96	0.0010061	147.45	147.56	0.50781	4.0949	4.1793	1520.2	-0.039201	0.00071645	0.62363	liquid
35.342	1.0000	993.92	0.0010061	148.05	148.15	0.50973	4.0943	4.1792	1520.5	-0.039185	0.00071444	0.62384	liquid
35.483	1.0000	993.87	0.0010062	148.64	148.74	0.51165	4.0937	4.1792	1520.8	-0.039169	0.00071243	0.62405	liquid
35.625	1.0000	993.82	0.0010062	149.23	149.33	0.51356	4.0930	4.1792	1521.1	-0.039153	0.00071044	0.62427	liquid
35.767	1.0000	993.77	0.0010063	149.82	149.92	0.51548	4.0924	4.1792	1521.3	-0.039137	0.00070845	0.62448	liquid
35.908	1.0000	993.72	0.0010063	150.41	150.52	0.51740	4.0918	4.1792	1521.6	-0.039122	0.00070647	0.62469	liquid
36.050	1.0000	993.67	0.0010064	151.01	151.11	0.51931	4.0912	4.1792	1521.9	-0.039106	0.00070450	0.62490	liquid
36.192	1.0000	993.62	0.0010064	151.60	151.70	0.52123	4.0905	4.1792	1522.1	-0.039090	0.00070254	0.62511	liquid
36.333	1.0000	993.57	0.0010065	152.19	152.29	0.52314	4.0899	4.1792	1522.4	-0.039074	0.00070059	0.62532	liquid
36.475	1.0000	993.52	0.0010065	152.78	152.88	0.52505	4.0893	4.1792	1522.7	-0.039059	0.00069864	0.62554	liquid
36.617	1.0000	993.47	0.0010066	153.37	153.48	0.52697	4.0887	4.1792	1522.9	-0.039043	0.00069671	0.62574	liquid
36.758	1.0000	993.42	0.0010066	153.97	154.07	0.52888	4.0880	4.1792	1523.2	-0.039027	0.00069478	0.62595	liquid
36.900	1.0000	993.37	0.0010067	154.56	154.66	0.53079	4.0874	4.1792	1523.5	-0.039011	0.00069287	0.62616	liquid
37.042	1.0000	993.31	0.0010067	155.15	155.25	0.53270	4.0868	4.1792	1523.7	-0.038996	0.00069096	0.62637	liquid
37.183	1.0000	993.26	0.0010068	155.74	155.84	0.53460	4.0861	4.1792	1524.0	-0.038980	0.00068906	0.62658	liquid
37.325	1.0000	993.21	0.0010068	156.33	156.44	0.53651	4.0855	4.1793	1524.3	-0.038965	0.00068717	0.62679	liquid
37.467	1.0000	993.16	0.0010069	156.93	157.03	0.53842	4.0849	4.1793	1524.5	-0.038949	0.00068528	0.62699	liquid
37.608	1.0000	993.11	0.0010069	157.52	157.62	0.54032	4.0842	4.1793	1524.8	-0.038933	0.00068341	0.62720	liquid
37.750	1.0000	993.06	0.0010070	158.11	158.21	0.54223	4.0836	4.1793	1525.0	-0.038918	0.00068154	0.62741	liquid
37.892	1.0000	993.01	0.0010070	158.70	158.80	0.54413	4.0830	4.1793	1525.3	-0.038902	0.00067968	0.62761	liquid
38.033	1.0000	992.95	0.0010071	159.29	159.40	0.54604	4.0823	4.1793	1525.5	-0.038887	0.00067783	0.62782	liquid
38.175	1.0000	992.90	0.0010071	159.89	159.99	0.54794	4.0817	4.1793	1525.8	-0.038871	0.00067599	0.62802	liquid
38.317	1.0000	992.85	0.0010072	160.48	160.58	0.54984	4.0810	4.1793	1526.0	-0.038856	0.00067416	0.62823	liquid
38.458	1.0000	992.80	0.0010073	161.07	161.17	0.55174	4.0804	4.1793	1526.3	-0.038840	0.00067233	0.62843	liquid
38.600	1.0000	992.74	0.0010073	161.66	161.77	0.55364	4.0798	4.1793	1526.5	-0.038825	0.00067052	0.62864	liquid
38.742	1.0000	992.69	0.0010074	162.26	162.36	0.55554	4.0791	4.1793	1526.8	-0.038809	0.00066871	0.62884	liquid
38.883	1.0000	992.64	0.0010074	162.85	162.95	0.55744	4.0785	4.1793	1527.0	-0.038794	0.00066690	0.62904	liquid
39.025	1.0000	992.59	0.0010075	163.44	163.54	0.55933	4.0778	4.1793	1527.3	-0.038778	0.00066511	0.62925	liquid
39.167	1.0000	992.53	0.0010075	164.03	164.13	0.56123	4.0772	4.1793	1527.5	-0.038763	0.00066333	0.62945	liquid
39.308	1.0000	992.48	0.0010076	164.62	164.73	0.56312	4.0766	4.1794	1527.7	-0.038747	0.00066155	0.62965	liquid
39.450	1.0000	992.43	0.0010076	165.22	165.32	0.56502	4.0759	4.1794	1528.0	-0.038732	0.00065978	0.62985	liquid
39.592	1.0000	992.37	0.0010077	165.81	165.91	0.56691	4.0753	4.1794	1528.2	-0.038716	0.00065801	0.63005	liquid
39.733	1.0000	992.32	0.0010077	166.40	166.50	0.56880	4.0746	4.1794	1528.5	-0.038701	0.00065626	0.63025	liquid
39.875	1.0000	992.26	0.0010078	166.99	167.09	0.57070	4.0740	4.1794	1528.7	-0.038686	0.00065451	0.63045	liquid
40.017	1.0000	992.21	0.0010079	167.58	167.69	0.57259	4.0733	4.1794	1528.9	-0.038670	0.00065277	0.63065	liquid
40.158	1.0000	992.16	0.0010079	168.18	168.28	0.57448	4.0727	4.1794	1529.2	-0.038655	0.00065104	0.63085	liquid
40.300	1.0000	992.10	0.0010080	168.77	168.87	0.57637	4.0720	4.1794	1529.4	-0.038640	0.00064932	0.63105	liquid
40.442	1.0000	992.05	0.0010080	169.36	169.46	0.57826	4.0714	4.1795	1529.6	-0.038624	0.00064760	0.63125	liquid
40.583	1.0000	991.99	0.0010081	169.95	170.05	0.58014	4.0707	4.1795	1529.9	-0.038609	0.00064589	0.63144	liquid
40.725	1.0000	991.94	0.0010081	170.54	170.65	0.58203	4.0701	4.1795	1530.1	-0.038594	0.00064419	0.63164	liquid
40.867	1.0000	991.88	0.0010082	171.14	171.24	0.58392	4.0694	4.1795	1530.3	-0.038578	0.00064249	0.63184	liquid
41.008	1.0000	991.83	0.0010082	171.73	171.83	0.58580	4.0688	4.1795	1530.5	-0.038563	0.00064080	0.63203	liquid
41.150	1.0000	991.77	0.0010083	172.32	172.42	0.58769	4.0681	4.1795	1530.8	-0.038548	0.00063912	0.63223	liquid
41.292	1.0000	991.72	0.0010084	172.91	173.01	0.58957	4.0675	4.1796	1531.0	-0.038533	0.00063745	0.63243	liquid
41.433	1.0000	991.66	0.0010084	173.50	173.61	0.59145	4.0668	4.1796	1531.2	-0.038517	0.00063578	0.63262	liquid
41.575	1.0000	991.60	0.0010085	174.10	174.20	0.59333	4.0662	4.1796	1531.4	-0.038502	0.00063412	0.63282	liquid
41.717	1.0000	991.55	0.0010085	174.69	174.79	0.59521	4.0655	4.1796	1531.7	-0.038487	0.00063247	0.63301	liquid
41.858	1.0000	991.49	0.0010086	175.28	175.38	0.59709	4.0649	4.1796	1531.9	-0.038472	0.00063083	0.63320	liquid
42.000	1.0000	991.44	0.0010086	175.87	175.98	0.59897	4.0642	4.1796	1532.1	-0.038457	0.00062919	0.63340	liquid
42.142	1.0000	991.38	0.0010087	176.47	176.57	0.60085	4.0635	4.1797	1532.3	-0.038441	0.00062756	0.63359	liquid
42.283	1.0000	991.32	0.0010088	177.06	177.16	0.60273	4.0629	4.1797	1532.5	-0.038426	0.00062593	0.63378	liquid
42.425	1.0000	991.27	0.0010088	177.65	177.75	0.60461	4.0622	4.1797	1532.7	-0.038411	0.00062432	0.63397	liquid
42.567	1.0000	991.21	0.0010089	178.24	178.34	0.60648	4.0616	4.1797	1533.0	-0.038396	0.00062271	0.63417	liquid
42.708	1.0000	991.15	0.0010089	178.83	178.94	0.60836	4.0609	4.1797	1533.2	-0.038381	0.00062110	0.63436	liquid
42.850	1.0000	991.10	0.0010090	179.43	179.53	0.61023	4.0603	4.1798	1533.4	-0.038366	0.00061950	0.63455	liquid
42.992	1.0000	991.04	0.0010090	180.02	180.12	0.61211	4.0596	4.1798	1533.6	-0.038351	0.00061791	0.63474	liquid
43.133	1.0000	990.98	0.0010091	180.61	180.71	0.61398	4.0589	4.1798	1533.8	-0.038336	0.00061633	0.63493	liquid
43.275	1.0000	990.92	0.0010092	181.20	181.30	0.61585	4.0583	4.1798	1534.0	-0.038321	0.00061475	0.63512	liquid
43.417	1.0000	990.87	0.0010092	181.79	181.90	0.61772	4.0576	4.1799	1534.2	-0.038305	0.00061318	0.63531	liquid
43.558	1.0000	990.81	0.0010093	182.39	182.49	0.61959	4.0569	4.1799	1534.4	-0.038290	0.00061162	0.63549	liquid
43.700	1.0000	990.75	0.0010093	182.98	183.08	0.62146	4.0563	4.1799	1534.6	-0.038275	0.00061006	0.63568	liquid
43.842	1.0000	990.69	0.0010094	183.57	183.67	0.62333	4.0556	4.1799	1534.8	-0.038260	0.00060851	0.63587	liquid
43.983	1.0000	990.63	0.0010095	184.16	184.27	0.62520	4.0549	4.1800	1535.0	-0.038245	0.00060697	0.63606	liquid
44.125	1.0000	990.58	0.0010095	184.76	184.86	0.62706	4.0543	4.1800	1535.2	-0.038230	0.00060543	0.63624	liquid
44.267	1.0000	990.52	0.0010096	185.35	185.45	0.62893	4.0536	4.1800	1535.4	-0.038215	0.00060390	0.63643	liquid
44.408	1.0000	990.46	0.0010096	185.94	186.04	0.63079	4.0530	4.1800	1535.6	-0.038200	0.00060237	0.63661	liquid
44.550	1.0000	990.40	0.0010097	186.53	186.63	0.63266	4.0523	4.1801	1535.8	-0.038185	0.00060085	0.63680	liquid
44.692	1.0000	990.34	0.0010098	187.12	187.23	0.63452	4.0516	4.1801	1536.0	-0.038170	0.00059934	0.63699	liquid
44.833	1.0000	990.28	0.0010098	187.72	187.82	0.63638	4.0509	4.1801	1536.2	-0.038155	0.00059783	0.63717	liquid
44.975	1.0000	990.22	0.0010099	188.31	188.41	0.63825	4.0503	4.1801	1536.4	-0.038140	0.00059633	0.63735	liquid
45.117	1.0000	990.16	0.0010099	188.90	189.00	0.64011	4.0496	4.1802	1536.6	-0.038125	0.00059484	0.63754	liquid
45.258	1.0000	990.10	0.0010100	189.49	189.59	0.64197	4.0489	4.1802	1536.8	-0.038111	0.00059335	0.63772	liquid
45.400	1.0000	990.04	0.0010101	190.08	190.19	0.64383	4.0483	4.1802	1537.0	-0.038096	0.00059187	0.63790	liquid
45.542	1.0000	989.99	0.0010101	190.68	190.78	0.64569	4.0476	4.1803	1537.2	-0.038081	0.00059039	0.63809	liquid
45.683	1.0000	989.93	0.0010102	191.27	191.37	0.64754	4.0469	4.1803	1537.4	-0.038066	0.00058892	0.63827	liquid
45.825	1.0000	989.87	0.0010102	191.86	191.96	0.64940	4.0463	4.1803	1537.6	-0.038051	0.00058746	0.63845	liquid
45.967	1.0000	989.81	0.0010103	192.45	192.56	0.65126	4.0456	4.1803	1537.7	-0.038036	0.00058600	0.63863	liquid
46.108	1.0000	989.74	0.0010104	193.05	193.15	0.65311	4.0449	4.1804	1537.9	-0.038021	0.00058454	0.63881	liquid
46.250	1.0000	989.68	0.0010104	193.64	193.74	0.65497	4.0442	4.1804	1538.1	-0.038006	0.00058310	0.63899	liquid
46.392	1.0000	989.62	0.0010105	194.23	194.33	0.65682	4.0436	4.1804	1538.3	-0.037992	0.00058166	0.63917	liquid
46.533	1.0000	989.56	0.0010105	194.82	194.92	0.65867	4.0429	4.1805	1538.5	-0.037977	0.00058022	0.63935	liquid
46.675	1.0000	989.50	0.0010106	195.41	195.52	0.66053	4.0422	4.1805	1538.7	-0.037962	0.00057879	0.63953	liquid
46.817	1.0000	989.44	0.0010107	196.01	196.11	0.66238	4.0415	4.1805	1538.8	-0.037947	0.00057737	0.63971	liquid
46.958	1.0000	989.38	0.0010107	196.60	196.70	0.66423	4.0408	4.1806	1539.0	-0.037932	0.00057595	0.63988	liquid
47.100	1.0000	989.32	0.0010108	197.19	197.29	0.66608	4.0402	4.1806	1539.2	-0.037917	0.00057454	0.64006	liquid
47.242	1.0000	989.26	0.0010109	197.78	197.89	0.66793	4.0395	4.1806	1539.4	-0.037903	0.00057314	0.64024	liquid
47.383	1.0000	989.20	0.0010109	198.38	198.48	0.66977	4.0388	4.1807	1539.5	-0.037888	0.00057174	0.64041	liquid
47.525	1.0000	989.13	0.0010110	198.97	199.07	0.67162	4.0381	4.1807	1539.7	-0.037873	0.00057034	0.64059	liquid
47.667	1.0000	989.07	0.0010110	199.56	199.66	0.67347	4.0375	4.1807	1539.9	-0.037858	0.00056895	0.64077	liquid
47.808	1.0000	989.01	0.0010111	200.15	200.26	0.67531	4.0368	4.1808	1540.1	-0.037844	0.00056757	0.64094	liquid
47.950	1.0000	988.95	0.0010112	200.74	200.85	0.67716	4.0361	4.1808	1540.2	-0.037829	0.00056619	0.64112	liquid
48.092	1.0000	988.89	0.0010112	201.34	201.44	0.67900	4.0354	4.1808	1540.4	-0.037814	0.00056482	0.64129	liquid
48.233	1.0000	988.82	0.0010113	201.93	202.03	0.68085	4.0347	4.1809	1540.6	-0.037799	0.00056345	0.64146	liquid
48.375	1.0000	988.76	0.0010114	202.52	202.62	0.68269	4.0340	4.1809	1540.7	-0.037785	0.00056209	0.64164	liquid
48.517	1.0000	988.70	0.0010114	203.11	203.22	0.68453	4.0334	4.1809	1540.9	-0.037770	0.00056073	0.64181	liquid
48.658	1.0000	988.64	0.0010115	203.71	203.81	0.68637	4.0327	4.1810	1541.1	-0.037755	0.00055938	0.64198	liquid
48.800	1.0000	988.57	0.0010116	204.30	204.40	0.68821	4.0320	4.1810	1541.2	-0.037740	0.00055804	0.64215	liquid
48.942	1.0000	988.51	0.0010116	204.89	204.99	0.69005	4.0313	4.1811	1541.4	-0.037726	0.00055670	0.64233	liquid
49.083	1.0000	988.45	0.0010117	205.48	205.59	0.69189	4.0306	4.1811	1541.6	-0.037711	0.00055536	0.64250	liquid
49.225	1.0000	988.38	0.0010118	206.08	206.18	0.69373	4.0299	4.1811	1541.7	-0.037696	0.00055403	0.64267	liquid
49.367	1.0000	988.32	0.0010118	206.67	206.77	0.69556	4.0293	4.1812	1541.9	-0.037682	0.00055271	0.64284	liquid
49.508	1.0000	988.26	0.0010119	207.26	207.36	0.69740	4.0286	4.1812	1542.0	-0.037667	0.00055139	0.64301	liquid
49.650	1.0000	988.19	0.0010119	207.85	207.96	0.69924	4.0279	4.1812	1542.2	-0.037652	0.00055007	0.64318	liquid
49.792	1.0000	988.13	0.0010120	208.44	208.55	0.70107	4.0272	4.1813	1542.3	-0.037638	0.00054876	0.64335	liquid
49.933	1.0000	988.07	0.0010121	209.04	209.14	0.70290	4.0265	4.1813	1542.5	-0.037623	0.00054746	0.64352	liquid
50.075	1.0000	988.00	0.0010121	209.63	209.73	0.70474	4.0258	4.1814	1542.7	-0.037609	0.00054616	0.64368	liquid
50.217	1.0000	987.94	0.0010122	210.22	210.32	0.70657	4.0251	4.1814	1542.8	-0.037594	0.00054487	0.64385	liquid
50.358	1.0000	987.87	0.0010123	210.81	210.92	0.70840	4.0244	4.1814	1543.0	-0.037579	0.00054358	0.64402	liquid
50.500	1.0000	987.81	0.0010123	211.41	211.51	0.71023	4.0237	4.1815	1543.1	-0.037565	0.00054229	0.64418	liquid
50.642	1.0000	987.74	0.0010124	212.00	212.10	0.71206	4.0231	4.1815	1543.3	-0.037550	0.00054102	0.64435	liquid
50.783	1.0000	987.68	0.0010125	212.59	212.69	0.71389	4.0224	4.1816	1543.4	-0.037536	0.00053974	0.64452	liquid
50.925	1.0000	987.61	0.0010125	213.18	213.29	0.71572	4.0217	4.1816	1543.6	-0.037521	0.00053847	0.64468	liquid
51.067	1.0000	987.55	0.0010126	213.78	213.88	0.71755	4.0210	4.1817	1543.7	-0.037506	0.00053721	0.64485	liquid
51.208	1.0000	987.48	0.0010127	214.37	214.47	0.71937	4.0203	4.1817	1543.9	-0.037492	0.00053595	0.64501	liquid
51.350	1.0000	987.42	0.0010127	214.96	215.06	0.72120	4.0196	4.1817	1544.0	-0.037477	0.00053470	0.64518	liquid
51.492	1.0000	987.35	0.0010128	215.55	215.66	0.72303	4.0189	4.1818	1544.1	-0.037463	0.00053345	0.64534	liquid
51.633	1.0000	987.29	0.0010129	216.15	216.25	0.72485	4.0182	4.1818	1544.3	-0.037448	0.00053220	0.64550	liquid
51.775	1.0000	987.22	0.0010129	216.74	216.84	0.72667	4.0175	4.1819	1544.4	-0.037434	0.00053096	0.64567	liquid
51.917	1.0000	987.16	0.0010130	217.33	217.43	0.72850	4.0168	4.1819	1544.6	-0.037419	0.00052973	0.64583	liquid
52.058	1.0000	987.09	0.0010131	217.92	218.03	0.73032	4.0161	4.1820	1544.7	-0.037405	0.00052850	0.64599	liquid
52.200	1.0000	987.02	0.0010131	218.52	218.62	0.73214	4.0154	4.1820	1544.9	-0.037390	0.00052727	0.64615	liquid
52.342	1.0000	986.96	0.0010132	219.11	219.21	0.73396	4.0147	4.1820	1545.0	-0.037376	0.00052605	0.64631	liquid
52.483	1.0000	986.89	0.0010133	219.70	219.80	0.73578	4.0140	4.1821	1545.1	-0.037361	0.00052483	0.64647	liquid
52.625	1.0000	986.83	0.0010134	220.29	220.40	0.73760	4.0133	4.1821	1545.3	-0.037347	0.00052362	0.64663	liquid
52.767	1.0000	986.76	0.0010134	220.89	220.99	0.73942	4.0126	4.1822	1545.4	-0.037332	0.00052241	0.64679	liquid
52.908	1.0000	986.69	0.0010135	221.48	221.58	0.74123	4.0119	4.1822	1545.5	-0.037318	0.00052121	0.64695	liquid
53.050	1.0000	986.63	0.0010136	222.07	222.17	0.74305	4.0112	4.1823	1545.7	-0.037303	0.00052001	0.64711	liquid
53.192	1.0000	986.56	0.0010136	222.66	222.77	0.74487	4.0105	4.1823	1545.8	-0.037289	0.00051882	0.64727	liquid
53.333	1.0000	986.49	0.0010137	223.26	223.36	0.74668	4.0098	4.1824	1545.9	-0.037274	0.00051763	0.64743	liquid
53.475	1.0000	986.42	0.0010138	223.85	223.95	0.74850	4.0091	4.1824	1546.1	-0.037260	0.00051645	0.64759	liquid
53.617	1.0000	986.36	0.0010138	224.44	224.54	0.75031	4.0084	4.1825	1546.2	-0.037245	0.00051527	0.64774	liquid
53.758	1.0000	986.29	0.0010139	225.03	225.14	0.75212	4.0077	4.1825	1546.3	-0.037231	0.00051409	0.64790	liquid
53.900	1.0000	986.22	0.0010140	225.63	225.73	0.75394	4.0070	4.1826	1546.4	-0.037216	0.00051292	0.64806	liquid
54.042	1.0000	986.15	0.0010140	226.22	226.32	0.75575	4.0063	4.1826	1546.6	-0.037202	0.00051175	0.64821	liquid
54.183	1.0000	986.09	0.0010141	226.81	226.91	0.75756	4.0056	4.1827	1546.7	-0.037187	0.00051059	0.64837	liquid
54.325	1.0000	986.02	0.0010142	227.40	227.51	0.75937	4.0049	4.1827	1546.8	-0.037173	0.00050943	0.64852	liquid
54.467	1.0000	985.95	0.0010142	228.00	228.10	0.76118	4.0042	4.1828	1546.9	-0.037159	0.00050828	0.64868	liquid
54.608	1.0000	985.88	0.0010143	228.59	228.69	0.76298	4.0035	4.1828	1547.1	-0.037144	0.00050713	0.64883	liquid
54.750	1.0000	985.81	0.0010144	229.18	229.28	0.76479	4.0028	4.1829	1547.2	-0.037130	0.00050599	0.64899	liquid
54.892	1.0000	985.75	0.0010145	229.77	229.88	0.76660	4.0021	4.1829	1547.3	-0.037115	0.00050485	0.64914	liquid
55.033	1.0000	985.68	0.0010145	230.37	230.47	0.76841	4.0014	4.1830	1547.4	-0.037101	0.00050371	0.64929	liquid
55.175	1.0000	985.61	0.0010146	230.96	231.06	0.77021	4.0007	4.1830	1547.5	-0.037087	0.00050258	0.64944	liquid
55.317	1.0000	985.54	0.0010147	231.55	231.65	0.77202	4.0000	4.1831	1547.7	-0.037072	0.00050145	0.64960	liquid
55.458	1.0000	985.47	0.0010147	232.14	232.25	0.77382	3.9993	4.1831	1547.8	-0.037058	0.00050033	0.64975	liquid
55.600	1.0000	985.40	0.0010148	232.74	232.84	0.77562	3.9986	4.1832	1547.9	-0.037043	0.00049921	0.64990	liquid
55.742	1.0000	985.33	0.0010149	233.33	233.43	0.77742	3.9979	4.1832	1548.0	-0.037029	0.00049809	0.65005	liquid
55.883	1.0000	985.26	0.0010150	233.92	234.02	0.77923	3.9972	4.1833	1548.1	-0.037015	0.00049698	0.65020	liquid
56.025	1.0000	985.19	0.0010150	234.51	234.62	0.78103	3.9965	4.1833	1548.2	-0.037000	0.00049587	0.65035	liquid
56.167	1.0000	985.12	0.0010151	235.11	235.21	0.78283	3.9958	4.1834	1548.3	-0.036986	0.00049477	0.65050	liquid
56.308	1.0000	985.05	0.0010152	235.70	235.80	0.78463	3.9951	4.1834	1548.4	-0.036972	0.00049367	0.65065	liquid
56.450	1.0000	984.98	0.0010152	236.29	236.39	0.78642	3.9943	4.1835	1548.6	-0.036957	0.00049257	0.65080	liquid
56.592	1.0000	984.91	0.0010153	236.88	236.99	0.78822	3.9936	4.1836	1548.7	-0.036943	0.00049148	0.65095	liquid
56.733	1.0000	984.84	0.0010154	237.48	237.58	0.79002	3.9929	4.1836	1548.8	-0.036929	0.00049040	0.65109	liquid
56.875	1.0000	984.77	0.0010155	238.07	238.17	0.79182	3.9922	4.1837	1548.9	-0.036914	0.00048931	0.65124	liquid
57.017	1.0000	984.70	0.0010155	238.66	238.77	0.79361	3.9915	4.1837	1549.0	-0.036900	0.00048823	0.65139	liquid
57.158	1.0000	984.63	0.0010156	239.26	239.36	0.79541	3.9908	4.1838	1549.1	-0.036886	0.00048716	0.65153	liquid
57.300	1.0000	984.56	0.0010157	239.85	239.95	0.79720	3.9901	4.1838	1549.2	-0.036871	0.00048609	0.65168	liquid
57.442	1.0000	984.49	0.0010158	240.44	240.54	0.79899	3.9894	4.1839	1549.3	-0.036857	0.00048502	0.65183	liquid
57.583	1.0000	984.42	0.0010158	241.03	241.14	0.80079	3.9887	4.1839	1549.4	-0.036843	0.00048396	0.65197	liquid
57.725	1.0000	984.35	0.0010159	241.63	241.73	0.80258	3.9880	4.1840	1549.5	-0.036828	0.00048290	0.65212	liquid
57.867	1.0000	984.28	0.0010160	242.22	242.32	0.80437	3.9872	4.1841	1549.6	-0.036814	0.00048184	0.65226	liquid
58.008	1.0000	984.21	0.0010160	242.81	242.91	0.80616	3.9865	4.1841	1549.7	-0.036800	0.00048079	0.65241	liquid
58.150	1.0000	984.14	0.0010161	243.40	243.51	0.80795	3.9858	4.1842	1549.8	-0.036785	0.00047974	0.65255	liquid
58.292	1.0000	984.07	0.0010162	244.00	244.10	0.80974	3.9851	4.1842	1549.9	-0.036771	0.00047870	0.65269	liquid
58.433	1.0000	983.99	0.0010163	244.59	244.69	0.81152	3.9844	4.1843	1550.0	-0.036757	0.00047766	0.65283	liquid
58.575	1.0000	983.92	0.0010163	245.18	245.29	0.81331	3.9837	4.1843	1550.1	-0.036743	0.00047662	0.65298	liquid
58.717	1.0000	983.85	0.0010164	245.78	245.88	0.81510	3.9830	4.1844	1550.2	-0.036728	0.00047559	0.65312	liquid
58.858	1.0000	983.78	0.0010165	246.37	246.47	0.81688	3.9822	4.1845	1550.3	-0.036714	0.00047456	0.65326	liquid
59.000	1.0000	983.71	0.0010166	246.96	247.06	0.81867	3.9815	4.1845	1550.4	-0.036700	0.00047353	0.65340	liquid
59.142	1.0000	983.64	0.0010166	247.55	247.66	0.82045	3.9808	4.1846	1550.4	-0.036685	0.00047251	0.65354	liquid
59.283	1.0000	983.56	0.0010167	248.15	248.25	0.82224	3.9801	4.1846	1550.5	-0.036671	0.00047149	0.65368	liquid
59.425	1.0000	983.49	0.0010168	248.74	248.84	0.82402	3.9794	4.1847	1550.6	-0.036657	0.00047048	0.65382	liquid
59.567	1.0000	983.42	0.0010169	249.33	249.44	0.82580	3.9787	4.1848	1550.7	-0.036643	0.00046947	0.65396	liquid
59.708	1.0000	983.35	0.0010169	249.93	250.03	0.82758	3.9779	4.1848	1550.8	-0.036628	0.00046846	0.65410	liquid
59.850	1.0000	983.27	0.0010170	250.52	250.62	0.82937	3.9772	4.1849	1550.9	-0.036614	0.00046745	0.65424	liquid
59.992	1.0000	983.20	0.0010171	251.11	251.21	0.83115	3.9765	4.1849	1551.0	-0.036600	0.00046645	0.65438	liquid
60.133	1.0000	983.13	0.0010172	251.70	251.81	0.83292	3.9758	4.1850	1551.1	-0.036586	0.00046546	0.65452	liquid
60.275	1.0000	983.05	0.0010172	252.30	252.40	0.83470	3.9751	4.1851	1551.1	-0.036571	0.00046446	0.65465	liquid
60.417	1.0000	982.98	0.0010173	252.89	252.99	0.83648	3.9744	4.1851	1551.2	-0.036557	0.00046347	0.65479	liquid
60.558	1.0000	982.91	0.0010174	253.48	253.59	0.83826	3.9736	4.1852	1551.3	-0.036543	0.00046249	0.65493	liquid
60.700	1.0000	982.83	0.0010175	254.08	254.18	0.84003	3.9729	4.1853	1551.4	-0.036529	0.00046151	0.65506	liquid
60.842	1.0000	982.76	0.0010175	254.67	254.77	0.84181	3.9722	4.1853	1551.5	-0.036514	0.00046053	0.65520	liquid
60.983	1.0000	982.69	0.0010176	255.26	255.36	0.84358	3.9715	4.1854	1551.5	-0.036500	0.00045955	0.65533	liquid
61.125	1.0000	982.61	0.0010177	255.85	255.96	0.84536	3.9708	4.1855	1551.6	-0.036486	0.00045858	0.65547	liquid
61.267	1.0000	982.54	0.0010178	256.45	256.55	0.84713	3.9700	4.1855	1551.7	-0.036472	0.00045761	0.65560	liquid
61.408	1.0000	982.47	0.0010178	257.04	257.14	0.84890	3.9693	4.1856	1551.8	-0.036457	0.00045664	0.65574	liquid
61.550	1.0000	982.39	0.0010179	257.63	257.74	0.85068	3.9686	4.1856	1551.8	-0.036443	0.00045568	0.65587	liquid
61.692	1.0000	982.32	0.0010180	258.23	258.33	0.85245	3.9679	4.1857	1551.9	-0.036429	0.00045472	0.65600	liquid
61.833	1.0000	982.24	0.0010181	258.82	258.92	0.85422	3.9671	4.1858	1552.0	-0.036415	0.00045377	0.65614	liquid
61.975	1.0000	982.17	0.0010182	259.41	259.51	0.85599	3.9664	4.1858	1552.1	-0.036401	0.00045282	0.65627	liquid
62.117	1.0000	982.09	0.0010182	260.00	260.11	0.85776	3.9657	4.1859	1552.1	-0.036386	0.00045187	0.65640	liquid
62.258	1.0000	982.02	0.0010183	260.60	260.70	0.85953	3.9650	4.1860	1552.2	-0.036372	0.00045092	0.65653	liquid
62.400	1.0000	981.94	0.0010184	261.19	261.29	0.86129	3.9643	4.1860	1552.3	-0.036358	0.00044998	0.65666	liquid
62.542	1.0000	981.87	0.0010185	261.78	261.89	0.86306	3.9635	4.1861	1552.3	-0.036344	0.00044904	0.65679	liquid
62.683	1.0000	981.79	0.0010185	262.38	262.48	0.86483	3.9628	4.1862	1552.4	-0.036330	0.00044811	0.65693	liquid
62.825	1.0000	981.72	0.0010186	262.97	263.07	0.86659	3.9621	4.1862	1552.5	-0.036315	0.00044717	0.65706	liquid
62.967	1.0000	981.64	0.0010187	263.56	263.67	0.86836	3.9614	4.1863	1552.5	-0.036301	0.00044625	0.65718	liquid
63.108	1.0000	981.57	0.0010188	264.16	264.26	0.87012	3.9606	4.1864	1552.6	-0.036287	0.00044532	0.65731	liquid
63.250	1.0000	981.49	0.0010189	264.75	264.85	0.87188	3.9599	4.1865	1552.7	-0.036273	0.00044440	0.65744	liquid
63.392	1.0000	981.42	0.0010189	265.34	265.45	0.87365	3.9592	4.1865	1552.7	-0.036259	0.00044348	0.65757	liquid
63.533	1.0000	981.34	0.0010190	265.94	266.04	0.87541	3.9585	4.1866	1552.8	-0.036244	0.00044256	0.65770	liquid
63.675	1.0000	981.27	0.0010191	266.53	266.63	0.87717	3.9577	4.1867	1552.9	-0.036230	0.00044165	0.65783	liquid
63.817	1.0000	981.19	0.0010192	267.12	267.22	0.87893	3.9570	4.1867	1552.9	-0.036216	0.00044074	0.65795	liquid
63.958	1.0000	981.11	0.0010192	267.71	267.82	0.88069	3.9563	4.1868	1553.0	-0.036202	0.00043983	0.65808	liquid
64.100	1.0000	981.04	0.0010193	268.31	268.41	0.88245	3.9556	4.1869	1553.0	-0.036188	0.00043893	0.65821	liquid
64.242	1.0000	980.96	0.0010194	268.90	269.00	0.88421	3.9548	4.1869	1553.1	-0.036173	0.00043803	0.65833	liquid
64.383	1.0000	980.88	0.0010195	269.49	269.60	0.88597	3.9541	4.1870	1553.2	-0.036159	0.00043713	0.65846	liquid
64.525	1.0000	980.81	0.0010196	270.09	270.19	0.88772	3.9534	4.1871	1553.2	-0.036145	0.00043624	0.65858	liquid
64.667	1.0000	980.73	0.0010196	270.68	270.78	0.88948	3.9527	4.1872	1553.3	-0.036131	0.00043535	0.65871	liquid
64.808	1.0000	980.65	0.0010197	271.27	271.38	0.89124	3.9519	4.1872	1553.3	-0.036117	0.00043446	0.65883	liquid
64.950	1.0000	980.58	0.0010198	271.87	271.97	0.89299	3.9512	4.1873	1553.4	-0.036102	0.00043357	0.65896	liquid
65.092	1.0000	980.50	0.0010199	272.46	272.56	0.89474	3.9505	4.1874	1553.4	-0.036088	0.00043269	0.65908	liquid
65.233	1.0000	980.42	0.0010200	273.05	273.16	0.89650	3.9497	4.1874	1553.5	-0.036074	0.00043181	0.65920	liquid
65.375	1.0000	980.35	0.0010200	273.65	273.75	0.89825	3.9490	4.1875	1553.5	-0.036060	0.00043093	0.65933	liquid
65.517	1.0000	980.27	0.0010201	274.24	274.34	0.90000	3.9483	4.1876	1553.6	-0.036046	0.00043006	0.65945	liquid
65.658	1.0000	980.19	0.0010202	274.83	274.94	0.90175	3.9476	4.1877	1553.6	-0.036032	0.00042919	0.65957	liquid
65.800	1.0000	980.11	0.0010203	275.43	275.53	0.90350	3.9468	4.1877	1553.7	-0.036017	0.00042832	0.65969	liquid
65.942	1.0000	980.04	0.0010204	276.02	276.12	0.90525	3.9461	4.1878	1553.7	-0.036003	0.00042746	0.65981	liquid
66.083	1.0000	979.96	0.0010205	276.61	276.72	0.90700	3.9454	4.1879	1553.8	-0.035989	0.00042660	0.65994	liquid
66.225	1.0000	979.88	0.0010205	277.21	277.31	0.90875	3.9446	4.1880	1553.8	-0.035975	0.00042574	0.66006	liquid
66.367	1.0000	979.80	0.0010206	277.80	277.90	0.91050	3.9439	4.1880	1553.9	-0.035961	0.00042488	0.66018	liquid
66.508	1.0000	979.72	0.0010207	278.39	278.50	0.91225	3.9432	4.1881	1553.9	-0.035946	0.00042403	0.66030	liquid
66.650	1.0000	979.65	0.0010208	278.99	279.09	0.91399	3.9424	4.1882	1554.0	-0.035932	0.00042318	0.66042	liquid
66.792	1.0000	979.57	0.0010209	279.58	279.68	0.91574	3.9417	4.1883	1554.0	-0.035918	0.00042233	0.66053	liquid
66.933	1.0000	979.49	0.0010209	280.17	280.28	0.91748	3.9410	4.1883	1554.0	-0.035904	0.00042149	0.66065	liquid
67.075	1.0000	979.41	0.0010210	280.77	280.87	0.91923	3.9402	4.1884	1554.1	-0.035890	0.00042065	0.66077	liquid
67.217	1.0000	979.33	0.0010211	281.36	281.46	0.92097	3.9395	4.1885	1554.1	-0.035876	0.00041981	0.66089	liquid
67.358	1.0000	979.25	0.0010212	281.95	282.06	0.92272	3.9388	4.1886	1554.2	-0.035861	0.00041898	0.66101	liquid
67.500	1.0000	979.18	0.0010213	282.55	282.65	0.92446	3.9381	4.1886	1554.2	-0.035847	0.00041814	0.66112	liquid
67.642	1.0000	979.10	0.0010214	283.14	283.24	0.92620	3.9373	4.1887	1554.2	-0.035833	0.00041731	0.66124	liquid
67.783	1.0000	979.02	0.0010214	283.73	283.84	0.92794	3.9366	4.1888	1554.3	-0.035819	0.00041649	0.66136	liquid
67.925	1.0000	978.94	0.0010215	284.33	284.43	0.92968	3.9359	4.1889	1554.3	-0.035805	0.00041566	0.66147	liquid
68.067	1.0000	978.86	0.0010216	284.92	285.02	0.93142	3.9351	4.1890	1554.4	-0.035791	0.00041484	0.66159	liquid
68.208	1.0000	978.78	0.0010217	285.51	285.62	0.93316	3.9344	4.1890	1554.4	-0.035776	0.00041402	0.66170	liquid
68.350	1.0000	978.70	0.0010218	286.11	286.21	0.93490	3.9337	4.1891	1554.4	-0.035762	0.00041320	0.66182	liquid
68.492	1.0000	978.62	0.0010218	286.70	286.80	0.93663	3.9329	4.1892	1554.5	-0.035748	0.00041239	0.66193	liquid
68.633	1.0000	978.54	0.0010219	287.29	287.40	0.93837	3.9322	4.1893	1554.5	-0.035734	0.00041158	0.66205	liquid
68.775	1.0000	978.46	0.0010220	287.89	287.99	0.94011	3.9315	4.1894	1554.5	-0.035720	0.00041077	0.66216	liquid
68.917	1.0000	978.38	0.0010221	288.48	288.58	0.94184	3.9307	4.1894	1554.5	-0.035706	0.00040997	0.66227	liquid
69.058	1.0000	978.30	0.0010222	289.07	289.18	0.94358	3.9300	4.1895	1554.6	-0.035691	0.00040916	0.66239	liquid
69.200	1.0000	978.22	0.0010223	289.67	289.77	0.94531	3.9293	4.1896	1554.6	-0.035677	0.00040836	0.66250	liquid
69.342	1.0000	978.14	0.0010223	290.26	290.36	0.94704	3.9285	4.1897	1554.6	-0.035663	0.00040756	0.66261	liquid
69.483	1.0000	978.06	0.0010224	290.85	290.96	0.94878	3.9278	4.1898	1554.7	-0.035649	0.00040677	0.66272	liquid
69.625	1.0000	977.98	0.0010225	291.45	291.55	0.95051	3.9270	4.1898	1554.7	-0.035635	0.00040598	0.66283	liquid
69.767	1.0000	977.90	0.0010226	292.04	292.14	0.95224	3.9263	4.1899	1554.7	-0.035620	0.00040519	0.66294	liquid
69.908	1.0000	977.82	0.0010227	292.63	292.74	0.95397	3.9256	4.1900	1554.7	-0.035606	0.00040440	0.66306	liquid
70.050	1.0000	977.74	0.0010228	293.23	293.33	0.95570	3.9248	4.1901	1554.8	-0.035592	0.00040362	0.66317	liquid
70.192	1.0000	977.66	0.0010229	293.82	293.93	0.95743	3.9241	4.1902	1554.8	-0.035578	0.00040283	0.66328	liquid
70.333	1.0000	977.57	0.0010229	294.42	294.52	0.95916	3.9234	4.1903	1554.8	-0.035564	0.00040205	0.66339	liquid
70.475	1.0000	977.49	0.0010230	295.01	295.11	0.96089	3.9226	4.1903	1554.8	-0.035550	0.00040128	0.66349	liquid
70.617	1.0000	977.41	0.0010231	295.60	295.71	0.96261	3.9219	4.1904	1554.8	-0.035535	0.00040050	0.66360	liquid
70.758	1.0000	977.33	0.0010232	296.20	296.30	0.96434	3.9212	4.1905	1554.9	-0.035521	0.00039973	0.66371	liquid
70.900	1.0000	977.25	0.0010233	296.79	296.89	0.96607	3.9204	4.1906	1554.9	-0.035507	0.00039896	0.66382	liquid
71.042	1.0000	977.17	0.0010234	297.38	297.49	0.96779	3.9197	4.1907	1554.9	-0.035493	0.00039820	0.66393	liquid
71.183	1.0000	977.09	0.0010235	297.98	298.08	0.96952	3.9189	4.1908	1554.9	-0.035479	0.00039743	0.66403	liquid
71.325	1.0000	977.00	0.0010235	298.57	298.67	0.97124	3.9182	4.1909	1554.9	-0.035464	0.00039667	0.66414	liquid
71.467	1.0000	976.92	0.0010236	299.16	299.27	0.97296	3.9175	4.1909	1554.9	-0.035450	0.00039591	0.66425	liquid
71.608	1.0000	976.84	0.0010237	299.76	299.86	0.97469	3.9167	4.1910	1555.0	-0.035436	0.00039515	0.66435	liquid
71.750	1.0000	976.76	0.0010238	300.35	300.46	0.97641	3.9160	4.1911	1555.0	-0.035422	0.00039440	0.66446	liquid
71.892	1.0000	976.67	0.0010239	300.95	301.05	0.97813	3.9153	4.1912	1555.0	-0.035408	0.00039365	0.66457	liquid
72.033	1.0000	976.59	0.0010240	301.54	301.64	0.97985	3.9145	4.1913	1555.0	-0.035394	0.00039290	0.66467	liquid
72.175	1.0000	976.51	0.0010241	302.13	302.24	0.98157	3.9138	4.1914	1555.0	-0.035379	0.00039215	0.66478	liquid
72.317	1.0000	976.43	0.0010241	302.73	302.83	0.98329	3.9130	4.1915	1555.0	-0.035365	0.00039140	0.66488	liquid
72.458	1.0000	976.34	0.0010242	303.32	303.42	0.98501	3.9123	4.1916	1555.0	-0.035351	0.00039066	0.66498	liquid
72.600	1.0000	976.26	0.0010243	303.91	304.02	0.98672	3.9116	4.1916	1555.0	-0.035337	0.00038992	0.66509	liquid
72.742	1.0000	976.18	0.0010244	304.51	304.61	0.98844	3.9108	4.1917	1555.0	-0.035322	0.00038918	0.66519	liquid
72.883	1.0000	976.10	0.0010245	305.10	305.21	0.99016	3.9101	4.1918	1555.1	-0.035308	0.00038845	0.66529	liquid
73.025	1.0000	976.01	0.0010246	305.70	305.80	0.99187	3.9094	4.1919	1555.1	-0.035294	0.00038772	0.66540	liquid
73.167	1.0000	975.93	0.0010247	306.29	306.39	0.99359	3.9086	4.1920	1555.1	-0.035280	0.00038699	0.66550	liquid
73.308	1.0000	975.85	0.0010248	306.88	306.99	0.99530	3.9079	4.1921	1555.1	-0.035266	0.00038626	0.66560	liquid
73.450	1.0000	975.76	0.0010248	307.48	307.58	0.99702	3.9071	4.1922	1555.1	-0.035251	0.00038553	0.66570	liquid
73.592	1.0000	975.68	0.0010249	308.07	308.18	0.99873	3.9064	4.1923	1555.1	-0.035237	0.00038481	0.66580	liquid
73.733	1.0000	975.60	0.0010250	308.67	308.77	1.0004	3.9057	4.1924	1555.1	-0.035223	0.00038409	0.66590	liquid
73.875	1.0000	975.51	0.0010251	309.26	309.36	1.0022	3.9049	4.1925	1555.1	-0.035209	0.00038337	0.66600	liquid
74.017	1.0000	975.43	0.0010252	309.85	309.96	1.0039	3.9042	4.1926	1555.1	-0.035195	0.00038265	0.66610	liquid
74.158	1.0000	975.34	0.0010253	310.45	310.55	1.0056	3.9034	4.1926	1555.1	-0.035180	0.00038194	0.66620	liquid
74.300	1.0000	975.26	0.0010254	311.04	311.15	1.0073	3.9027	4.1927	1555.1	-0.035166	0.00038123	0.66630	liquid
74.442	1.0000	975.18	0.0010255	311.64	311.74	1.0090	3.9020	4.1928	1555.1	-0.035152	0.00038052	0.66640	liquid
74.583	1.0000	975.09	0.0010255	312.23	312.33	1.0107	3.9012	4.1929	1555.1	-0.035138	0.00037981	0.66650	liquid
74.725	1.0000	975.01	0.0010256	312.82	312.93	1.0124	3.9005	4.1930	1555.1	-0.035123	0.00037910	0.66660	liquid
74.867	1.0000	974.92	0.0010257	313.42	313.52	1.0141	3.8997	4.1931	1555.1	-0.035109	0.00037840	0.66670	liquid
75.008	1.0000	974.84	0.0010258	314.01	314.12	1.0158	3.8990	4.1932	1555.1	-0.035095	0.00037770	0.66679	liquid
75.150	1.0000	974.75	0.0010259	314.61	314.71	1.0175	3.8983	4.1933	1555.1	-0.035081	0.00037700	0.66689	liquid
75.292	1.0000	974.67	0.0010260	315.20	315.30	1.0192	3.8975	4.1934	1555.1	-0.035066	0.00037630	0.66699	liquid
75.433	1.0000	974.58	0.0010261	315.79	315.90	1.0209	3.8968	4.1935	1555.1	-0.035052	0.00037561	0.66709	liquid
75.575	1.0000	974.50	0.0010262	316.39	316.49	1.0226	3.8960	4.1936	1555.0	-0.035038	0.00037492	0.66718	liquid
75.717	1.0000	974.41	0.0010263	316.98	317.09	1.0243	3.8953	4.1937	1555.0	-0.035024	0.00037423	0.66728	liquid
75.858	1.0000	974.33	0.0010263	317.58	317.68	1.0261	3.8945	4.1938	1555.0	-0.035009	0.00037354	0.66737	liquid
76.000	1.0000	974.24	0.0010264	318.17	318.27	1.0278	3.8938	4.1939	1555.0	-0.034995	0.00037285	0.66747	liquid
76.142	1.0000	974.16	0.0010265	318.76	318.87	1.0295	3.8931	4.1940	1555.0	-0.034981	0.00037217	0.66756	liquid
76.283	1.0000	974.07	0.0010266	319.36	319.46	1.0312	3.8923	4.1941	1555.0	-0.034967	0.00037149	0.66766	liquid
76.425	1.0000	973.99	0.0010267	319.95	320.06	1.0329	3.8916	4.1942	1555.0	-0.034952	0.00037081	0.66775	liquid
76.567	1.0000	973.90	0.0010268	320.55	320.65	1.0346	3.8908	4.1943	1555.0	-0.034938	0.00037013	0.66785	liquid
76.708	1.0000	973.81	0.0010269	321.14	321.24	1.0363	3.8901	4.1944	1555.0	-0.034924	0.00036946	0.66794	liquid
76.850	1.0000	973.73	0.0010270	321.74	321.84	1.0380	3.8894	4.1945	1554.9	-0.034910	0.00036878	0.66803	liquid
76.992	1.0000	973.64	0.0010271	322.33	322.43	1.0396	3.8886	4.1946	1554.9	-0.034895	0.00036811	0.66812	liquid
77.133	1.0000	973.56	0.0010272	322.92	323.03	1.0413	3.8879	4.1947	1554.9	-0.034881	0.00036744	0.66822	liquid
77.275	1.0000	973.47	0.0010273	323.52	323.62	1.0430	3.8871	4.1948	1554.9	-0.034867	0.00036678	0.66831	liquid
77.417	1.0000	973.38	0.0010273	324.11	324.22	1.0447	3.8864	4.1949	1554.9	-0.034852	0.00036611	0.66840	liquid
77.558	1.0000	973.30	0.0010274	324.71	324.81	1.0464	3.8856	4.1950	1554.9	-0.034838	0.00036545	0.66849	liquid
77.700	1.0000	973.21	0.0010275	325.30	325.40	1.0481	3.8849	4.1951	1554.8	-0.034824	0.00036479	0.66858	liquid
77.842	1.0000	973.12	0.0010276	325.89	326.00	1.0498	3.8842	4.1952	1554.8	-0.034809	0.00036413	0.66867	liquid
77.983	1.0000	973.04	0.0010277	326.49	326.59	1.0515	3.8834	4.1953	1554.8	-0.034795	0.00036348	0.66876	liquid
78.125	1.0000	972.95	0.0010278	327.08	327.19	1.0532	3.8827	4.1954	1554.8	-0.034781	0.00036282	0.66885	liquid
78.267	1.0000	972.86	0.0010279	327.68	327.78	1.0549	3.8819	4.1955	1554.8	-0.034767	0.00036217	0.66894	liquid
78.408	1.0000	972.78	0.0010280	328.27	328.38	1.0566	3.8812	4.1956	1554.7	-0.034752	0.00036152	0.66903	liquid
78.550	1.0000	972.69	0.0010281	328.87	328.97	1.0583	3.8804	4.1957	1554.7	-0.034738	0.00036087	0.66912	liquid
78.692	1.0000	972.60	0.0010282	329.46	329.57	1.0600	3.8797	4.1958	1554.7	-0.034724	0.00036022	0.66921	liquid
78.833	1.0000	972.51	0.0010283	330.06	330.16	1.0617	3.8790	4.1959	1554.7	-0.034709	0.00035958	0.66930	liquid
78.975	1.0000	972.43	0.0010284	330.65	330.75	1.0633	3.8782	4.1960	1554.6	-0.034695	0.00035894	0.66939	liquid
79.117	1.0000	972.34	0.0010284	331.24	331.35	1.0650	3.8775	4.1961	1554.6	-0.034681	0.00035830	0.66948	liquid
79.258	1.0000	972.25	0.0010285	331.84	331.94	1.0667	3.8767	4.1962	1554.6	-0.034666	0.00035766	0.66956	liquid
79.400	1.0000	972.16	0.0010286	332.43	332.54	1.0684	3.8760	4.1963	1554.6	-0.034652	0.00035702	0.66965	liquid
79.542	1.0000	972.08	0.0010287	333.03	333.13	1.0701	3.8752	4.1964	1554.5	-0.034638	0.00035639	0.66974	liquid
79.683	1.0000	971.99	0.0010288	333.62	333.73	1.0718	3.8745	4.1965	1554.5	-0.034623	0.00035575	0.66982	liquid
79.825	1.0000	971.90	0.0010289	334.22	334.32	1.0735	3.8738	4.1966	1554.5	-0.034609	0.00035512	0.66991	liquid
79.967	1.0000	971.81	0.0010290	334.81	334.92	1.0751	3.8730	4.1967	1554.4	-0.034595	0.00035450	0.66999	liquid
80.108	1.0000	971.72	0.0010291	335.41	335.51	1.0768	3.8723	4.1968	1554.4	-0.034580	0.00035387	0.67008	liquid
80.250	1.0000	971.63	0.0010292	336.00	336.10	1.0785	3.8715	4.1969	1554.4	-0.034566	0.00035324	0.67017	liquid
80.392	1.0000	971.55	0.0010293	336.59	336.70	1.0802	3.8708	4.1970	1554.3	-0.034551	0.00035262	0.67025	liquid
80.533	1.0000	971.46	0.0010294	337.19	337.29	1.0819	3.8700	4.1972	1554.3	-0.034537	0.00035200	0.67033	liquid
80.675	1.0000	971.37	0.0010295	337.78	337.89	1.0836	3.8693	4.1973	1554.3	-0.034523	0.00035138	0.67042	liquid
80.817	1.0000	971.28	0.0010296	338.38	338.48	1.0852	3.8686	4.1974	1554.2	-0.034508	0.00035076	0.67050	liquid
80.958	1.0000	971.19	0.0010297	338.97	339.08	1.0869	3.8678	4.1975	1554.2	-0.034494	0.00035015	0.67059	liquid
81.100	1.0000	971.10	0.0010298	339.57	339.67	1.0886	3.8671	4.1976	1554.2	-0.034479	0.00034953	0.67067	liquid
81.242	1.0000	971.01	0.0010299	340.16	340.27	1.0903	3.8663	4.1977	1554.1	-0.034465	0.00034892	0.67075	liquid
81.383	1.0000	970.92	0.0010299	340.76	340.86	1.0920	3.8656	4.1978	1554.1	-0.034451	0.00034831	0.67083	liquid
81.525	1.0000	970.83	0.0010300	341.35	341.46	1.0936	3.8648	4.1979	1554.1	-0.034436	0.00034770	0.67092	liquid
81.667	1.0000	970.74	0.0010301	341.95	342.05	1.0953	3.8641	4.1980	1554.0	-0.034422	0.00034710	0.67100	liquid
81.808	1.0000	970.66	0.0010302	342.54	342.65	1.0970	3.8633	4.1981	1554.0	-0.034407	0.00034649	0.67108	liquid
81.950	1.0000	970.57	0.0010303	343.14	343.24	1.0987	3.8626	4.1983	1553.9	-0.034393	0.00034589	0.67116	liquid
82.092	1.0000	970.48	0.0010304	343.73	343.84	1.1003	3.8619	4.1984	1553.9	-0.034379	0.00034529	0.67124	liquid
82.233	1.0000	970.39	0.0010305	344.33	344.43	1.1020	3.8611	4.1985	1553.8	-0.034364	0.00034469	0.67132	liquid
82.375	1.0000	970.30	0.0010306	344.92	345.02	1.1037	3.8604	4.1986	1553.8	-0.034350	0.00034409	0.67140	liquid
82.517	1.0000	970.21	0.0010307	345.52	345.62	1.1054	3.8596	4.1987	1553.8	-0.034335	0.00034350	0.67148	liquid
82.658	1.0000	970.12	0.0010308	346.11	346.21	1.1070	3.8589	4.1988	1553.7	-0.034321	0.00034290	0.67156	liquid
82.800	1.0000	970.03	0.0010309	346.70	346.81	1.1087	3.8581	4.1989	1553.7	-0.034306	0.00034231	0.67164	liquid
82.942	1.0000	969.94	0.0010310	347.30	347.40	1.1104	3.8574	4.1990	1553.6	-0.034292	0.00034172	0.67172	liquid
83.083	1.0000	969.84	0.0010311	347.89	348.00	1.1120	3.8567	4.1992	1553.6	-0.034277	0.00034113	0.67180	liquid
83.225	1.0000	969.75	0.0010312	348.49	348.59	1.1137	3.8559	4.1993	1553.5	-0.034263	0.00034055	0.67188	liquid
83.367	1.0000	969.66	0.0010313	349.08	349.19	1.1154	3.8552	4.1994	1553.5	-0.034248	0.00033996	0.67196	liquid
83.508	1.0000	969.57	0.0010314	349.68	349.78	1.1170	3.8544	4.1995	1553.4	-0.034234	0.00033938	0.67203	liquid
83.650	1.0000	969.48	0.0010315	350.27	350.38	1.1187	3.8537	4.1996	1553.4	-0.034219	0.00033880	0.67211	liquid
83.792	1.0000	969.39	0.0010316	350.87	350.97	1.1204	3.8529	4.1997	1553.3	-0.034205	0.00033822	0.67219	liquid
83.933	1.0000	969.30	0.0010317	351.46	351.57	1.1220	3.8522	4.1999	1553.3	-0.034190	0.00033764	0.67226	liquid
84.075	1.0000	969.21	0.0010318	352.06	352.16	1.1237	3.8514	4.2000	1553.2	-0.034176	0.00033706	0.67234	liquid
84.217	1.0000	969.12	0.0010319	352.65	352.76	1.1254	3.8507	4.2001	1553.2	-0.034161	0.00033649	0.67242	liquid
84.358	1.0000	969.03	0.0010320	353.25	353.35	1.1270	3.8500	4.2002	1553.1	-0.034147	0.00033592	0.67249	liquid
84.500	1.0000	968.93	0.0010321	353.84	353.95	1.1287	3.8492	4.2003	1553.1	-0.034132	0.00033534	0.67257	liquid
84.642	1.0000	968.84	0.0010322	354.44	354.54	1.1304	3.8485	4.2004	1553.0	-0.034118	0.00033477	0.67264	liquid
84.783	1.0000	968.75	0.0010323	355.03	355.14	1.1320	3.8477	4.2006	1553.0	-0.034103	0.00033421	0.67272	liquid
84.925	1.0000	968.66	0.0010324	355.63	355.73	1.1337	3.8470	4.2007	1552.9	-0.034089	0.00033364	0.67279	liquid
85.067	1.0000	968.57	0.0010325	356.22	356.33	1.1354	3.8462	4.2008	1552.8	-0.034074	0.00033308	0.67287	liquid
85.208	1.0000	968.48	0.0010325	356.82	356.92	1.1370	3.8455	4.2009	1552.8	-0.034060	0.00033251	0.67294	liquid
85.350	1.0000	968.38	0.0010326	357.41	357.52	1.1387	3.8447	4.2010	1552.7	-0.034045	0.00033195	0.67302	liquid
85.492	1.0000	968.29	0.0010327	358.01	358.11	1.1403	3.8440	4.2012	1552.7	-0.034031	0.00033139	0.67309	liquid
85.633	1.0000	968.20	0.0010328	358.60	358.71	1.1420	3.8433	4.2013	1552.6	-0.034016	0.00033083	0.67316	liquid
85.775	1.0000	968.11	0.0010329	359.20	359.30	1.1437	3.8425	4.2014	1552.6	-0.034001	0.00033028	0.67323	liquid
85.917	1.0000	968.02	0.0010330	359.80	359.90	1.1453	3.8418	4.2015	1552.5	-0.033987	0.00032972	0.67331	liquid
86.058	1.0000	967.92	0.0010331	360.39	360.50	1.1470	3.8410	4.2016	1552.4	-0.033972	0.00032917	0.67338	liquid
86.200	1.0000	967.83	0.0010332	360.99	361.09	1.1486	3.8403	4.2018	1552.4	-0.033958	0.00032862	0.67345	liquid
86.342	1.0000	967.74	0.0010333	361.58	361.69	1.1503	3.8395	4.2019	1552.3	-0.033943	0.00032807	0.67352	liquid
86.483	1.0000	967.64	0.0010334	362.18	362.28	1.1519	3.8388	4.2020	1552.2	-0.033928	0.00032752	0.67359	liquid
86.625	1.0000	967.55	0.0010335	362.77	362.88	1.1536	3.8381	4.2021	1552.2	-0.033914	0.00032697	0.67366	liquid
86.767	1.0000	967.46	0.0010336	363.37	363.47	1.1552	3.8373	4.2023	1552.1	-0.033899	0.00032643	0.67374	liquid
86.908	1.0000	967.37	0.0010337	363.96	364.07	1.1569	3.8366	4.2024	1552.1	-0.033885	0.00032589	0.67381	liquid
87.050	1.0000	967.27	0.0010338	364.56	364.66	1.1586	3.8358	4.2025	1552.0	-0.033870	0.00032534	0.67388	liquid
87.192	1.0000	967.18	0.0010339	365.15	365.26	1.1602	3.8351	4.2026	1551.9	-0.033855	0.00032480	0.67395	liquid
87.333	1.0000	967.09	0.0010340	365.75	365.85	1.1619	3.8343	4.2028	1551.8	-0.033841	0.00032427	0.67401	liquid
87.475	1.0000	966.99	0.0010341	366.34	366.45	1.1635	3.8336	4.2029	1551.8	-0.033826	0.00032373	0.67408	liquid
87.617	1.0000	966.90	0.0010342	366.94	367.04	1.1652	3.8328	4.2030	1551.7	-0.033811	0.00032319	0.67415	liquid
87.758	1.0000	966.80	0.0010343	367.53	367.64	1.1668	3.8321	4.2031	1551.6	-0.033797	0.00032266	0.67422	liquid
87.900	1.0000	966.71	0.0010344	368.13	368.23	1.1685	3.8314	4.2033	1551.6	-0.033782	0.00032213	0.67429	liquid
88.042	1.0000	966.62	0.0010345	368.73	368.83	1.1701	3.8306	4.2034	1551.5	-0.033767	0.00032159	0.67436	liquid
88.183	1.0000	966.52	0.0010346	369.32	369.43	1.1718	3.8299	4.2035	1551.4	-0.033753	0.00032106	0.67443	liquid
88.325	1.0000	966.43	0.0010347	369.92	370.02	1.1734	3.8291	4.2037	1551.4	-0.033738	0.00032054	0.67449	liquid
88.467	1.0000	966.34	0.0010348	370.51	370.62	1.1751	3.8284	4.2038	1551.3	-0.033723	0.00032001	0.67456	liquid
88.608	1.0000	966.24	0.0010349	371.11	371.21	1.1767	3.8276	4.2039	1551.2	-0.033709	0.00031949	0.67463	liquid
88.750	1.0000	966.15	0.0010350	371.70	371.81	1.1783	3.8269	4.2040	1551.1	-0.033694	0.00031896	0.67469	liquid
88.892	1.0000	966.05	0.0010351	372.30	372.40	1.1800	3.8262	4.2042	1551.1	-0.033679	0.00031844	0.67476	liquid
89.033	1.0000	965.96	0.0010352	372.89	373.00	1.1816	3.8254	4.2043	1551.0	-0.033664	0.00031792	0.67483	liquid
89.175	1.0000	965.86	0.0010353	373.49	373.59	1.1833	3.8247	4.2044	1550.9	-0.033650	0.00031740	0.67489	liquid
89.317	1.0000	965.77	0.0010354	374.09	374.19	1.1849	3.8239	4.2046	1550.8	-0.033635	0.00031688	0.67496	liquid
89.458	1.0000	965.67	0.0010355	374.68	374.79	1.1866	3.8232	4.2047	1550.8	-0.033620	0.00031637	0.67502	liquid
89.600	1.0000	965.58	0.0010356	375.28	375.38	1.1882	3.8224	4.2048	1550.7	-0.033605	0.00031585	0.67509	liquid
89.742	1.0000	965.48	0.0010358	375.87	375.98	1.1898	3.8217	4.2050	1550.6	-0.033591	0.00031534	0.67515	liquid
89.883	1.0000	965.39	0.0010359	376.47	376.57	1.1915	3.8210	4.2051	1550.5	-0.033576	0.00031483	0.67522	liquid
90.025	1.0000	965.29	0.0010360	377.06	377.17	1.1931	3.8202	4.2052	1550.4	-0.033561	0.00031432	0.67528	liquid
90.167	1.0000	965.20	0.0010361	377.66	377.76	1.1948	3.8195	4.2054	1550.4	-0.033546	0.00031381	0.67534	liquid
90.308	1.0000	965.10	0.0010362	378.26	378.36	1.1964	3.8187	4.2055	1550.3	-0.033532	0.00031330	0.67541	liquid
90.450	1.0000	965.01	0.0010363	378.85	378.96	1.1981	3.8180	4.2056	1550.2	-0.033517	0.00031280	0.67547	liquid
90.592	1.0000	964.91	0.0010364	379.45	379.55	1.1997	3.8172	4.2058	1550.1	-0.033502	0.00031229	0.67553	liquid
90.733	1.0000	964.82	0.0010365	380.04	380.15	1.2013	3.8165	4.2059	1550.0	-0.033487	0.00031179	0.67559	liquid
90.875	1.0000	964.72	0.0010366	380.64	380.74	1.2030	3.8158	4.2060	1549.9	-0.033472	0.00031129	0.67566	liquid
91.017	1.0000	964.62	0.0010367	381.23	381.34	1.2046	3.8150	4.2062	1549.9	-0.033457	0.00031079	0.67572	liquid
91.158	1.0000	964.53	0.0010368	381.83	381.94	1.2062	3.8143	4.2063	1549.8	-0.033443	0.00031029	0.67578	liquid
91.300	1.0000	964.43	0.0010369	382.43	382.53	1.2079	3.8135	4.2064	1549.7	-0.033428	0.00030979	0.67584	liquid
91.442	1.0000	964.34	0.0010370	383.02	383.13	1.2095	3.8128	4.2066	1549.6	-0.033413	0.00030929	0.67590	liquid
91.583	1.0000	964.24	0.0010371	383.62	383.72	1.2111	3.8121	4.2067	1549.5	-0.033398	0.00030880	0.67596	liquid
91.725	1.0000	964.14	0.0010372	384.21	384.32	1.2128	3.8113	4.2069	1549.4	-0.033383	0.00030831	0.67602	liquid
91.867	1.0000	964.05	0.0010373	384.81	384.91	1.2144	3.8106	4.2070	1549.3	-0.033368	0.00030782	0.67608	liquid
92.008	1.0000	963.95	0.0010374	385.41	385.51	1.2160	3.8098	4.2071	1549.2	-0.033353	0.00030732	0.67614	liquid
92.150	1.0000	963.85	0.0010375	386.00	386.11	1.2177	3.8091	4.2073	1549.2	-0.033339	0.00030684	0.67620	liquid
92.292	1.0000	963.76	0.0010376	386.60	386.70	1.2193	3.8083	4.2074	1549.1	-0.033324	0.00030635	0.67626	liquid
92.433	1.0000	963.66	0.0010377	387.19	387.30	1.2209	3.8076	4.2076	1549.0	-0.033309	0.00030586	0.67632	liquid
92.575	1.0000	963.56	0.0010378	387.79	387.90	1.2226	3.8069	4.2077	1548.9	-0.033294	0.00030538	0.67638	liquid
92.717	1.0000	963.47	0.0010379	388.39	388.49	1.2242	3.8061	4.2078	1548.8	-0.033279	0.00030489	0.67644	liquid
92.858	1.0000	963.37	0.0010380	388.98	389.09	1.2258	3.8054	4.2080	1548.7	-0.033264	0.00030441	0.67650	liquid
93.000	1.0000	963.27	0.0010381	389.58	389.68	1.2275	3.8046	4.2081	1548.6	-0.033249	0.00030393	0.67656	liquid
93.142	1.0000	963.17	0.0010382	390.17	390.28	1.2291	3.8039	4.2083	1548.5	-0.033234	0.00030345	0.67661	liquid
93.283	1.0000	963.08	0.0010383	390.77	390.88	1.2307	3.8032	4.2084	1548.4	-0.033219	0.00030297	0.67667	liquid
93.425	1.0000	962.98	0.0010384	391.37	391.47	1.2323	3.8024	4.2086	1548.3	-0.033204	0.00030250	0.67673	liquid
93.567	1.0000	962.88	0.0010386	391.96	392.07	1.2340	3.8017	4.2087	1548.2	-0.033189	0.00030202	0.67679	liquid
93.708	1.0000	962.78	0.0010387	392.56	392.66	1.2356	3.8009	4.2088	1548.1	-0.033174	0.00030155	0.67684	liquid
93.850	1.0000	962.69	0.0010388	393.16	393.26	1.2372	3.8002	4.2090	1548.0	-0.033159	0.00030107	0.67690	liquid
93.992	1.0000	962.59	0.0010389	393.75	393.86	1.2388	3.7995	4.2091	1547.9	-0.033144	0.00030060	0.67696	liquid
94.133	1.0000	962.49	0.0010390	394.35	394.45	1.2405	3.7987	4.2093	1547.8	-0.033129	0.00030013	0.67701	liquid
94.275	1.0000	962.39	0.0010391	394.94	395.05	1.2421	3.7980	4.2094	1547.7	-0.033114	0.00029966	0.67707	liquid
94.417	1.0000	962.29	0.0010392	395.54	395.65	1.2437	3.7972	4.2096	1547.6	-0.033099	0.00029919	0.67712	liquid
94.558	1.0000	962.19	0.0010393	396.14	396.24	1.2453	3.7965	4.2097	1547.5	-0.033084	0.00029873	0.67718	liquid
94.700	1.0000	962.10	0.0010394	396.73	396.84	1.2469	3.7958	4.2099	1547.4	-0.033069	0.00029826	0.67723	liquid
94.842	1.0000	962.00	0.0010395	397.33	397.44	1.2486	3.7950	4.2100	1547.3	-0.033054	0.00029780	0.67729	liquid
94.983	1.0000	961.90	0.0010396	397.93	398.03	1.2502	3.7943	4.2102	1547.2	-0.033039	0.00029734	0.67734	liquid
95.125	1.0000	961.80	0.0010397	398.52	398.63	1.2518	3.7935	4.2103	1547.1	-0.033024	0.00029688	0.67739	liquid
95.267	1.0000	961.70	0.0010398	399.12	399.22	1.2534	3.7928	4.2105	1547.0	-0.033009	0.00029642	0.67745	liquid
95.408	1.0000	961.60	0.0010399	399.72	399.82	1.2550	3.7921	4.2106	1546.9	-0.032994	0.00029596	0.67750	liquid
95.550	1.0000	961.50	0.0010400	400.31	400.42	1.2567	3.7913	4.2107	1546.8	-0.032979	0.00029550	0.67755	liquid
95.692	1.0000	961.41	0.0010401	400.91	401.01	1.2583	3.7906	4.2109	1546.7	-0.032963	0.00029504	0.67761	liquid
95.833	1.0000	961.31	0.0010403	401.51	401.61	1.2599	3.7898	4.2110	1546.6	-0.032948	0.00029459	0.67766	liquid
95.975	1.0000	961.21	0.0010404	402.10	402.21	1.2615	3.7891	4.2112	1546.5	-0.032933	0.00029413	0.67771	liquid
96.117	1.0000	961.11	0.0010405	402.70	402.80	1.2631	3.7884	4.2114	1546.4	-0.032918	0.00029368	0.67776	liquid
96.258	1.0000	961.01	0.0010406	403.29	403.40	1.2647	3.7876	4.2115	1546.3	-0.032903	0.00029323	0.67782	liquid
96.400	1.0000	960.91	0.0010407	403.89	404.00	1.2664	3.7869	4.2117	1546.1	-0.032888	0.00029278	0.67787	liquid
96.542	1.0000	960.81	0.0010408	404.49	404.59	1.2680	3.7861	4.2118	1546.0	-0.032873	0.00029233	0.67792	liquid
96.683	1.0000	960.71	0.0010409	405.08	405.19	1.2696	3.7854	4.2120	1545.9	-0.032857	0.00029188	0.67797	liquid
96.825	1.0000	960.61	0.0010410	405.68	405.79	1.2712	3.7847	4.2121	1545.8	-0.032842	0.00029144	0.67802	liquid
96.967	1.0000	960.51	0.0010411	406.28	406.38	1.2728	3.7839	4.2123	1545.7	-0.032827	0.00029099	0.67807	liquid
97.108	1.0000	960.41	0.0010412	406.88	406.98	1.2744	3.7832	4.2124	1545.6	-0.032812	0.00029055	0.67812	liquid
97.250	1.0000	960.31	0.0010413	407.47	407.58	1.2760	3.7825	4.2126	1545.5	-0.032797	0.00029011	0.67817	liquid
97.392	1.0000	960.21	0.0010414	408.07	408.17	1.2777	3.7817	4.2127	1545.4	-0.032781	0.00028966	0.67822	liquid
97.533	1.0000	960.11	0.0010415	408.67	408.77	1.2793	3.7810	4.2129	1545.2	-0.032766	0.00028922	0.67827	liquid
97.675	1.0000	960.01	0.0010417	409.26	409.37	1.2809	3.7802	4.2130	1545.1	-0.032751	0.00028878	0.67832	liquid
97.817	1.0000	959.91	0.0010418	409.86	409.96	1.2825	3.7795	4.2132	1545.0	-0.032736	0.00028835	0.67837	liquid
97.958	1.0000	959.81	0.0010419	410.46	410.56	1.2841	3.7788	4.2134	1544.9	-0.032720	0.00028791	0.67842	liquid
98.100	1.0000	959.71	0.0010420	411.05	411.16	1.2857	3.7780	4.2135	1544.8	-0.032705	0.00028747	0.67847	liquid
98.242	1.0000	959.61	0.0010421	411.65	411.76	1.2873	3.7773	4.2137	1544.7	-0.032690	0.00028704	0.67851	liquid
98.383	1.0000	959.51	0.0010422	412.25	412.35	1.2889	3.7766	4.2138	1544.5	-0.032675	0.00028661	0.67856	liquid
98.525	1.0000	959.41	0.0010423	412.84	412.95	1.2905	3.7758	4.2140	1544.4	-0.032659	0.00028617	0.67861	liquid
98.667	1.0000	959.30	0.0010424	413.44	413.55	1.2921	3.7751	4.2142	1544.3	-0.032644	0.00028574	0.67866	liquid
98.808	1.0000	959.20	0.0010425	414.04	414.14	1.2937	3.7743	4.2143	1544.2	-0.032629	0.00028531	0.67871	liquid
98.950	1.0000	959.10	0.0010426	414.63	414.74	1.2953	3.7736	4.2145	1544.1	-0.032613	0.00028488	0.67875	liquid
99.092	1.0000	959.00	0.0010428	415.23	415.34	1.2969	3.7729	4.2146	1543.9	-0.032598	0.00028446	0.67880	liquid
99.233	1.0000	958.90	0.0010429	415.83	415.93	1.2985	3.7721	4.2148	1543.8	-0.032583	0.00028403	0.67885	liquid
99.375	1.0000	958.80	0.0010430	416.43	416.53	1.3001	3.7714	4.2150	1543.7	-0.032567	0.00028360	0.67889	liquid
99.517	1.0000	958.70	0.0010431	417.02	417.13	1.3017	3.7707	4.2151	1543.6	-0.032552	0.00028318	0.67894	liquid
99.658	1.0000	958.59	0.0010432	417.62	417.73	1.3033	3.7699	4.2153	1543.5	-0.032536	0.00028276	0.67898	liquid
99.800	1.0000	958.49	0.0010433	418.22	418.32	1.3050	3.7692	4.2154	1543.3	-0.032521	0.00028234	0.67903	liquid
99.942	1.0000	958.39	0.0010434	418.81	418.92	1.3066	3.7685	4.2156	1543.2	-0.032506	0.00028192	0.67907	liquid
99.974	1.0000	958.37	0.0010434	418.95	419.06	1.3069	3.7683	4.2156	1543.2	-0.032502	0.00028182	0.67908	liquid
99.974	1.0000	0.59766	1.6732	2506.0	2675.5	7.3544	1.5558	2.0799	472.18	12.170	1.2268e-05	0.025093	vapor
100.08	1.0000	0.59747	1.6737	2506.2	2675.8	7.3550	1.5554	2.0794	472.26	12.150	1.2272e-05	0.025101	vapor
100.22	1.0000	0.59722	1.6744	2506.4	2676.1	7.3558	1.5549	2.0788	472.36	12.124	1.2278e-05	0.025110	vapor
100.37	1.0000	0.59698	1.6751	2506.6	2676.3	7.3566	1.5545	2.0781	472.46	12.098	1.2283e-05	0.025120	vapor
100.51	1.0000	0.59673	1.6758	2506.8	2676.6	7.3574	1.5540	2.0774	472.57	12.072	1.2288e-05	0.025129	vapor
100.65	1.0000	0.59649	1.6765	2507.1	2676.9	7.3582	1.5535	2.0768	472.67	12.047	1.2293e-05	0.025139	vapor
100.79	1.0000	0.59624	1.6772	2507.3	2677.2	7.3590	1.5531	2.0762	472.77	12.021	1.2299e-05	0.025148	vapor
100.93	1.0000	0.59600	1.6779	2507.5	2677.5	7.3598	1.5527	2.0755	472.87	11.996	1.2304e-05	0.025158	vapor
101.07	1.0000	0.59575	1.6785	2507.7	2677.8	7.3605	1.5522	2.0749	472.97	11.970	1.2309e-05	0.025167	vapor
101.22	1.0000	0.59551	1.6792	2508.0	2678.1	7.3613	1.5518	2.0743	473.07	11.945	1.2315e-05	0.025177	vapor
101.36	1.0000	0.59527	1.6799	2508.2	2678.4	7.3621	1.5513	2.0737	473.17	11.920	1.2320e-05	0.025186	vapor
101.50	1.0000	0.59502	1.6806	2508.4	2678.7	7.3629	1.5509	2.0730	473.27	11.895	1.2325e-05	0.025196	vapor
101.64	1.0000	0.59478	1.6813	2508.6	2679.0	7.3637	1.5505	2.0724	473.37	11.870	1.2330e-05	0.025205	vapor
101.78	1.0000	0.59454	1.6820	2508.9	2679.3	7.3645	1.5501	2.0718	473.47	11.846	1.2336e-05	0.025215	vapor
101.92	1.0000	0.59430	1.6827	2509.1	2679.6	7.3652	1.5496	2.0712	473.57	11.821	1.2341e-05	0.025224	vapor
102.07	1.0000	0.59405	1.6833	2509.3	2679.9	7.3660	1.5492	2.0706	473.67	11.797	1.2346e-05	0.025234	vapor
102.21	1.0000	0.59381	1.6840	2509.5	2680.2	7.3668	1.5488	2.0701	473.77	11.772	1.2351e-05	0.025243	vapor
102.35	1.0000	0.59357	1.6847	2509.8	2680.5	7.3676	1.5484	2.0695	473.87	11.748	1.2357e-05	0.025253	vapor
102.49	1.0000	0.59333	1.6854	2510.0	2680.8	7.3684	1.5480	2.0689	473.98	11.724	1.2362e-05	0.025262	vapor
102.63	1.0000	0.59309	1.6861	2510.2	2681.0	7.3692	1.5476	2.0683	474.07	11.700	1.2367e-05	0.025272	vapor
102.77	1.0000	0.59285	1.6868	2510.4	2681.3	7.3699	1.5472	2.0678	474.17	11.676	1.2373e-05	0.025282	vapor
102.92	1.0000	0.59261	1.6875	2510.6	2681.6	7.3707	1.5468	2.0672	474.27	11.652	1.2378e-05	0.025291	vapor
103.06	1.0000	0.59236	1.6881	2510.9	2681.9	7.3715	1.5464	2.0666	474.37	11.628	1.2383e-05	0.025301	vapor
103.20	1.0000	0.59212	1.6888	2511.1	2682.2	7.3723	1.5461	2.0661	474.47	11.605	1.2388e-05	0.025310	vapor
103.34	1.0000	0.59188	1.6895	2511.3	2682.5	7.3730	1.5457	2.0655	474.57	11.581	1.2394e-05	0.025320	vapor
103.48	1.0000	0.59164	1.6902	2511.5	2682.8	7.3738	1.5453	2.0650	474.67	11.558	1.2399e-05	0.025330	vapor
103.62	1.0000	0.59140	1.6909	2511.8	2683.1	7.3746	1.5449	2.0644	474.77	11.535	1.2404e-05	0.025339	vapor
103.77	1.0000	0.59117	1.6916	2512.0	2683.4	7.3754	1.5446	2.0639	474.87	11.512	1.2410e-05	0.025349	vapor
103.91	1.0000	0.59093	1.6923	2512.2	2683.7	7.3762	1.5442	2.0634	474.97	11.489	1.2415e-05	0.025359	vapor
104.05	1.0000	0.59069	1.6929	2512.4	2684.0	7.3769	1.5438	2.0628	475.07	11.466	1.2420e-05	0.025368	vapor
104.19	1.0000	0.59045	1.6936	2512.7	2684.3	7.3777	1.5435	2.0623	475.17	11.443	1.2426e-05	0.025378	vapor
104.33	1.0000	0.59021	1.6943	2512.9	2684.6	7.3785	1.5431	2.0618	475.27	11.420	1.2431e-05	0.025388	vapor
104.47	1.0000	0.58997	1.6950	2513.1	2684.8	7.3792	1.5428	2.0613	475.37	11.397	1.2436e-05	0.025397	vapor
104.62	1.0000	0.58973	1.6957	2513.3	2685.1	7.3800	1.5424	2.0608	475.47	11.375	1.2441e-05	0.025407	vapor
104.76	1.0000	0.58950	1.6964	2513.5	2685.4	7.3808	1.5421	2.0603	475.56	11.352	1.2447e-05	0.025417	vapor
104.90	1.0000	0.58926	1.6970	2513.8	2685.7	7.3816	1.5417	2.0598	475.66	11.330	1.2452e-05	0.025427	vapor
105.04	1.0000	0.58902	1.6977	2514.0	2686.0	7.3823	1.5414	2.0593	475.76	11.308	1.2457e-05	0.025436	vapor
105.18	1.0000	0.58878	1.6984	2514.2	2686.3	7.3831	1.5410	2.0588	475.86	11.285	1.2463e-05	0.025446	vapor
105.32	1.0000	0.58855	1.6991	2514.4	2686.6	7.3839	1.5407	2.0583	475.96	11.263	1.2468e-05	0.025456	vapor
105.47	1.0000	0.58831	1.6998	2514.7	2686.9	7.3847	1.5403	2.0578	476.06	11.241	1.2473e-05	0.025465	vapor
105.61	1.0000	0.58807	1.7005	2514.9	2687.2	7.3854	1.5400	2.0573	476.15	11.219	1.2479e-05	0.025475	vapor
105.75	1.0000	0.58784	1.7011	2515.1	2687.5	7.3862	1.5397	2.0568	476.25	11.198	1.2484e-05	0.025485	vapor
105.89	1.0000	0.58760	1.7018	2515.3	2687.8	7.3870	1.5394	2.0563	476.35	11.176	1.2489e-05	0.025495	vapor
106.03	1.0000	0.58737	1.7025	2515.5	2688.1	7.3877	1.5390	2.0558	476.45	11.154	1.2494e-05	0.025505	vapor
106.17	1.0000	0.58713	1.7032	2515.8	2688.3	7.3885	1.5387	2.0554	476.55	11.133	1.2500e-05	0.025514	vapor
106.32	1.0000	0.58690	1.7039	2516.0	2688.6	7.3893	1.5384	2.0549	476.64	11.111	1.2505e-05	0.025524	vapor
106.46	1.0000	0.58666	1.7046	2516.2	2688.9	7.3900	1.5381	2.0544	476.74	11.090	1.2510e-05	0.025534	vapor
106.60	1.0000	0.58643	1.7052	2516.4	2689.2	7.3908	1.5378	2.0540	476.84	11.068	1.2516e-05	0.025544	vapor
106.74	1.0000	0.58619	1.7059	2516.7	2689.5	7.3916	1.5375	2.0535	476.94	11.047	1.2521e-05	0.025554	vapor
106.88	1.0000	0.58596	1.7066	2516.9	2689.8	7.3923	1.5371	2.0531	477.03	11.026	1.2526e-05	0.025563	vapor
107.02	1.0000	0.58572	1.7073	2517.1	2690.1	7.3931	1.5368	2.0526	477.13	11.005	1.2532e-05	0.025573	vapor
107.17	1.0000	0.58549	1.7080	2517.3	2690.4	7.3939	1.5365	2.0522	477.23	10.984	1.2537e-05	0.025583	vapor
107.31	1.0000	0.58525	1.7087	2517.5	2690.7	7.3946	1.5362	2.0517	477.33	10.963	1.2542e-05	0.025593	vapor
107.45	1.0000	0.58502	1.7093	2517.8	2691.0	7.3954	1.5359	2.0513	477.42	10.942	1.2548e-05	0.025603	vapor
107.59	1.0000	0.58479	1.7100	2518.0	2691.3	7.3961	1.5356	2.0508	477.52	10.921	1.2553e-05	0.025613	vapor
107.73	1.0000	0.58455	1.7107	2518.2	2691.5	7.3969	1.5353	2.0504	477.62	10.900	1.2558e-05	0.025622	vapor
107.87	1.0000	0.58432	1.7114	2518.4	2691.8	7.3977	1.5351	2.0499	477.72	10.880	1.2563e-05	0.025632	vapor
108.02	1.0000	0.58409	1.7121	2518.7	2692.1	7.3984	1.5348	2.0495	477.81	10.859	1.2569e-05	0.025642	vapor
108.16	1.0000	0.58386	1.7128	2518.9	2692.4	7.3992	1.5345	2.0491	477.91	10.839	1.2574e-05	0.025652	vapor
108.30	1.0000	0.58362	1.7134	2519.1	2692.7	7.4000	1.5342	2.0487	478.01	10.818	1.2579e-05	0.025662	vapor
108.44	1.0000	0.58339	1.7141	2519.3	2693.0	7.4007	1.5339	2.0482	478.10	10.798	1.2585e-05	0.025672	vapor
108.58	1.0000	0.58316	1.7148	2519.5	2693.3	7.4015	1.5336	2.0478	478.20	10.778	1.2590e-05	0.025682	vapor
108.72	1.0000	0.58293	1.7155	2519.8	2693.6	7.4022	1.5333	2.0474	478.30	10.758	1.2595e-05	0.025692	vapor
108.87	1.0000	0.58270	1.7162	2520.0	2693.9	7.4030	1.5331	2.0470	478.39	10.737	1.2601e-05	0.025702	vapor
109.01	1.0000	0.58247	1.7168	2520.2	2694.2	7.4038	1.5328	2.0466	478.49	10.717	1.2606e-05	0.025712	vapor
109.15	1.0000	0.58224	1.7175	2520.4	2694.4	7.4045	1.5325	2.0461	478.59	10.697	1.2611e-05	0.025722	vapor
109.29	1.0000	0.58200	1.7182	2520.6	2694.7	7.4053	1.5322	2.0457	478.68	10.678	1.2617e-05	0.025732	vapor
109.43	1.0000	0.58177	1.7189	2520.9	2695.0	7.4060	1.5320	2.0453	478.78	10.658	1.2622e-05	0.025742	vapor
109.57	1.0000	0.58154	1.7196	2521.1	2695.3	7.4068	1.5317	2.0449	478.88	10.638	1.2627e-05	0.025751	vapor
109.72	1.0000	0.58131	1.7202	2521.3	2695.6	7.4075	1.5314	2.0445	478.97	10.618	1.2633e-05	0.025761	vapor
109.86	1.0000	0.58108	1.7209	2521.5	2695.9	7.4083	1.5312	2.0441	479.07	10.599	1.2638e-05	0.025771	vapor
110.00	1.0000	0.58085	1.7216	2521.7	2696.2	7.4091	1.5309	2.0437	479.16	10.579	1.2643e-05	0.025781	vapor
