Temperature (C)	Pressure (bar)	Density (kg/m3)	Volume (m3/kg)	Internal Energy (kJ/kg)	Enthalpy (kJ/kg)	Entropy (J/g*K)	Cv (J/g*K)	Cp (J/g*K)	Sound Spd. (m/s)	Joule-Thomson (K/bar)	Viscosity (uPa*s)	Therm. Cond. (W/m*K)	Phase
25.000	250.00	1008.0	0.00099207	102.95	127.75	0.36047	4.0592	4.1154	1538.3	-0.022065	885.80	0.61853	liquid
26.628	250.00	1007.5	0.00099254	109.64	134.45	0.38289	4.0541	4.1161	1542.7	-0.021967	854.88	0.62126	liquid
28.256	250.00	1007.0	0.00099303	116.33	141.15	0.40518	4.0488	4.1168	1546.9	-0.021870	825.68	0.62395	liquid
29.884	250.00	1006.5	0.00099354	123.02	147.86	0.42736	4.0434	4.1176	1550.9	-0.021774	798.06	0.62660	liquid
31.512	250.00	1006.0	0.00099407	129.71	154.56	0.44943	4.0378	4.1184	1554.7	-0.021681	771.91	0.62921	liquid
33.140	250.00	1005.4	0.00099462	136.40	161.27	0.47138	4.0321	4.1192	1558.4	-0.021588	747.12	0.63177	liquid
34.769	250.00	1004.8	0.00099519	143.09	167.97	0.49322	4.0262	4.1200	1561.8	-0.021497	723.61	0.63428	liquid
36.397	250.00	1004.2	0.00099578	149.79	174.68	0.51495	4.0203	4.1208	1565.1	-0.021407	701.27	0.63674	liquid
38.025	250.00	1003.6	0.00099639	156.48	181.39	0.53657	4.0141	4.1217	1568.3	-0.021318	680.04	0.63914	liquid
39.653	250.00	1003.0	0.00099701	163.18	188.10	0.55808	4.0079	4.1225	1571.3	-0.021229	659.84	0.64150	liquid
41.281	250.00	1002.4	0.00099766	169.87	194.81	0.57948	4.0016	4.1233	1574.1	-0.021142	640.59	0.64380	liquid
42.909	250.00	1001.7	0.00099832	176.57	201.53	0.60078	3.9951	4.1242	1576.7	-0.021056	622.26	0.64604	liquid
44.537	250.00	1001.0	0.00099899	183.27	208.24	0.62197	3.9885	4.1250	1579.2	-0.020971	604.76	0.64823	liquid
46.165	250.00	1000.3	0.00099969	189.97	214.96	0.64306	3.9819	4.1259	1581.6	-0.020886	588.06	0.65037	liquid
47.793	250.00	999.60	0.0010004	196.67	221.68	0.66404	3.9751	4.1267	1583.8	-0.020802	572.10	0.65245	liquid
49.421	250.00	998.87	0.0010011	203.37	228.40	0.68493	3.9683	4.1276	1585.9	-0.020718	556.85	0.65447	liquid
51.049	250.00	998.13	0.0010019	210.07	235.12	0.70571	3.9613	4.1285	1587.9	-0.020636	542.25	0.65643	liquid
52.677	250.00	997.37	0.0010026	216.77	241.84	0.72639	3.9543	4.1293	1589.7	-0.020553	528.27	0.65834	liquid
54.306	250.00	996.60	0.0010034	223.48	248.56	0.74698	3.9472	4.1302	1591.3	-0.020471	514.89	0.66020	liquid
55.934	250.00	995.81	0.0010042	230.18	255.29	0.76746	3.9401	4.1311	1592.9	-0.020390	502.05	0.66200	liquid
57.562	250.00	995.01	0.0010050	236.89	262.02	0.78785	3.9328	4.1320	1594.3	-0.020309	489.74	0.66375	liquid
59.190	250.00	994.20	0.0010058	243.60	268.74	0.80815	3.9255	4.1329	1595.6	-0.020228	477.92	0.66544	liquid
60.818	250.00	993.37	0.0010067	250.31	275.47	0.82835	3.9181	4.1338	1596.8	-0.020148	466.58	0.66708	liquid
62.446	250.00	992.52	0.0010075	257.02	282.20	0.84845	3.9107	4.1348	1597.9	-0.020067	455.67	0.66866	liquid
64.074	250.00	991.67	0.0010084	263.73	288.94	0.86847	3.9032	4.1357	1598.8	-0.019987	445.19	0.67019	liquid
65.702	250.00	990.80	0.0010093	270.44	295.67	0.88839	3.8957	4.1367	1599.7	-0.019908	435.11	0.67168	liquid
67.330	250.00	989.92	0.0010102	277.15	302.41	0.90822	3.8881	4.1376	1600.4	-0.019828	425.40	0.67311	liquid
68.958	250.00	989.02	0.0010111	283.87	309.14	0.92796	3.8805	4.1386	1601.0	-0.019748	416.06	0.67449	liquid
70.586	250.00	988.11	0.0010120	290.58	315.88	0.94761	3.8729	4.1396	1601.6	-0.019668	407.06	0.67583	liquid
72.214	250.00	987.19	0.0010130	297.30	322.62	0.96717	3.8652	4.1407	1602.0	-0.019589	398.39	0.67711	liquid
73.843	250.00	986.26	0.0010139	304.02	329.37	0.98665	3.8574	4.1417	1602.3	-0.019509	390.02	0.67835	liquid
75.471	250.00	985.31	0.0010149	310.74	336.11	1.0060	3.8497	4.1428	1602.5	-0.019429	381.96	0.67955	liquid
77.099	250.00	984.35	0.0010159	317.46	342.86	1.0253	3.8419	4.1438	1602.6	-0.019349	374.17	0.68070	liquid
78.727	250.00	983.38	0.0010169	324.18	349.60	1.0446	3.8341	4.1450	1602.6	-0.019269	366.66	0.68180	liquid
80.355	250.00	982.40	0.0010179	330.90	356.35	1.0637	3.8263	4.1461	1602.6	-0.019189	359.40	0.68287	liquid
81.983	250.00	981.41	0.0010189	337.63	363.10	1.0828	3.8184	4.1473	1602.4	-0.019109	352.39	0.68389	liquid
83.611	250.00	980.40	0.0010200	344.36	369.86	1.1017	3.8106	4.1484	1602.2	-0.019028	345.61	0.68487	liquid
85.239	250.00	979.38	0.0010211	351.08	376.61	1.1206	3.8027	4.1497	1601.8	-0.018947	339.06	0.68581	liquid
86.867	250.00	978.35	0.0010221	357.81	383.37	1.1394	3.7948	4.1509	1601.4	-0.018866	332.72	0.68671	liquid
88.495	250.00	977.31	0.0010232	364.55	390.13	1.1582	3.7869	4.1522	1600.9	-0.018785	326.59	0.68757	liquid
90.123	250.00	976.26	0.0010243	371.28	396.89	1.1768	3.7791	4.1535	1600.3	-0.018703	320.65	0.68839	liquid
91.751	250.00	975.20	0.0010254	378.02	403.65	1.1954	3.7712	4.1549	1599.6	-0.018621	314.90	0.68918	liquid
93.380	250.00	974.13	0.0010266	384.75	410.42	1.2139	3.7633	4.1562	1598.8	-0.018538	309.33	0.68993	liquid
95.008	250.00	973.04	0.0010277	391.49	417.18	1.2323	3.7554	4.1577	1598.0	-0.018455	303.94	0.69065	liquid
96.636	250.00	971.94	0.0010289	398.23	423.96	1.2507	3.7475	4.1591	1597.1	-0.018371	298.71	0.69133	liquid
98.264	250.00	970.84	0.0010300	404.98	430.73	1.2689	3.7396	4.1606	1596.0	-0.018287	293.64	0.69198	liquid
99.892	250.00	969.72	0.0010312	411.72	437.50	1.2871	3.7318	4.1622	1595.0	-0.018203	288.72	0.69260	liquid
101.52	250.00	968.59	0.0010324	418.47	444.28	1.3053	3.7239	4.1637	1593.8	-0.018118	283.96	0.69318	liquid
103.15	250.00	967.45	0.0010336	425.22	451.06	1.3233	3.7160	4.1654	1592.6	-0.018032	279.33	0.69374	liquid
104.78	250.00	966.30	0.0010349	431.97	457.84	1.3413	3.7082	4.1670	1591.3	-0.017946	274.83	0.69426	liquid
106.40	250.00	965.14	0.0010361	438.73	464.63	1.3592	3.7004	4.1687	1589.9	-0.017859	270.47	0.69475	liquid
108.03	250.00	963.97	0.0010374	445.48	471.42	1.3771	3.6926	4.1705	1588.5	-0.017771	266.23	0.69521	liquid
109.66	250.00	962.79	0.0010386	452.24	478.21	1.3949	3.6848	4.1723	1587.0	-0.017683	262.12	0.69565	liquid
111.29	250.00	961.60	0.0010399	459.01	485.00	1.4126	3.6770	4.1742	1585.4	-0.017594	258.12	0.69605	liquid
112.92	250.00	960.40	0.0010412	465.77	491.80	1.4302	3.6693	4.1761	1583.7	-0.017504	254.23	0.69643	liquid
114.54	250.00	959.19	0.0010425	472.54	498.60	1.4478	3.6616	4.1780	1582.0	-0.017414	250.45	0.69678	liquid
116.17	250.00	957.97	0.0010439	479.31	505.41	1.4653	3.6539	4.1800	1580.2	-0.017323	246.77	0.69711	liquid
117.80	250.00	956.73	0.0010452	486.08	512.21	1.4827	3.6462	4.1821	1578.4	-0.017231	243.19	0.69741	liquid
119.43	250.00	955.49	0.0010466	492.86	519.02	1.5001	3.6385	4.1842	1576.4	-0.017138	239.71	0.69768	liquid
121.06	250.00	954.24	0.0010480	499.64	525.84	1.5175	3.6309	4.1863	1574.5	-0.017044	236.33	0.69793	liquid
122.69	250.00	952.98	0.0010493	506.42	532.65	1.5347	3.6233	4.1886	1572.4	-0.016950	233.03	0.69815	liquid
124.31	250.00	951.70	0.0010507	513.21	539.48	1.5519	3.6158	4.1908	1570.3	-0.016854	229.82	0.69834	liquid
125.94	250.00	950.42	0.0010522	520.00	546.30	1.5690	3.6082	4.1932	1568.1	-0.016758	226.69	0.69852	liquid
127.57	250.00	949.13	0.0010536	526.79	553.13	1.5861	3.6007	4.1956	1565.9	-0.016660	223.64	0.69867	liquid
129.20	250.00	947.82	0.0010550	533.59	559.96	1.6031	3.5932	4.1980	1563.6	-0.016562	220.67	0.69879	liquid
130.83	250.00	946.51	0.0010565	540.39	566.80	1.6201	3.5858	4.2005	1561.3	-0.016463	217.78	0.69889	liquid
132.45	250.00	945.19	0.0010580	547.19	573.64	1.6370	3.5784	4.2031	1558.8	-0.016362	214.95	0.69897	liquid
134.08	250.00	943.86	0.0010595	554.00	580.48	1.6538	3.5710	4.2057	1556.4	-0.016261	212.20	0.69902	liquid
135.71	250.00	942.51	0.0010610	560.81	587.33	1.6706	3.5637	4.2084	1553.8	-0.016158	209.52	0.69906	liquid
137.34	250.00	941.16	0.0010625	567.62	594.19	1.6874	3.5563	4.2112	1551.3	-0.016054	206.90	0.69907	liquid
138.97	250.00	939.80	0.0010641	574.44	601.05	1.7040	3.5491	4.2140	1548.6	-0.015950	204.35	0.69905	liquid
140.59	250.00	938.43	0.0010656	581.27	607.91	1.7206	3.5418	4.2169	1545.9	-0.015843	201.85	0.69902	liquid
142.22	250.00	937.04	0.0010672	588.10	614.78	1.7372	3.5346	4.2199	1543.1	-0.015736	199.42	0.69896	liquid
143.85	250.00	935.65	0.0010688	594.93	621.65	1.7537	3.5274	4.2229	1540.3	-0.015628	197.04	0.69888	liquid
145.48	250.00	934.25	0.0010704	601.77	628.53	1.7702	3.5203	4.2260	1537.5	-0.015518	194.72	0.69878	liquid
147.11	250.00	932.84	0.0010720	608.61	635.41	1.7866	3.5132	4.2292	1534.5	-0.015407	192.46	0.69866	liquid
148.73	250.00	931.41	0.0010736	615.46	642.30	1.8030	3.5062	4.2324	1531.6	-0.015294	190.24	0.69852	liquid
150.36	250.00	929.98	0.0010753	622.31	649.19	1.8193	3.4991	4.2357	1528.5	-0.015180	188.08	0.69835	liquid
151.99	250.00	928.54	0.0010770	629.17	656.09	1.8355	3.4921	4.2391	1525.4	-0.015065	185.97	0.69817	liquid
153.62	250.00	927.09	0.0010786	636.03	663.00	1.8517	3.4852	4.2426	1522.3	-0.014948	183.90	0.69796	liquid
155.25	250.00	925.62	0.0010804	642.90	669.91	1.8679	3.4783	4.2461	1519.1	-0.014830	181.88	0.69773	liquid
156.87	250.00	924.15	0.0010821	649.77	676.82	1.8840	3.4714	4.2497	1515.8	-0.014710	179.90	0.69748	liquid
158.50	250.00	922.67	0.0010838	656.65	683.74	1.9001	3.4646	4.2534	1512.5	-0.014589	177.97	0.69721	liquid
160.13	250.00	921.18	0.0010856	663.53	690.67	1.9161	3.4578	4.2572	1509.2	-0.014466	176.08	0.69692	liquid
161.76	250.00	919.67	0.0010873	670.42	697.61	1.9321	3.4510	4.2610	1505.8	-0.014342	174.22	0.69661	liquid
163.39	250.00	918.16	0.0010891	677.32	704.55	1.9480	3.4443	4.2649	1502.3	-0.014216	172.41	0.69628	liquid
165.02	250.00	916.64	0.0010909	684.22	711.49	1.9639	3.4376	4.2689	1498.8	-0.014088	170.64	0.69592	liquid
166.64	250.00	915.10	0.0010928	691.13	718.45	1.9797	3.4310	4.2730	1495.3	-0.013959	168.90	0.69555	liquid
168.27	250.00	913.56	0.0010946	698.04	725.41	1.9955	3.4244	4.2772	1491.7	-0.013827	167.20	0.69515	liquid
169.90	250.00	912.01	0.0010965	704.96	732.37	2.0113	3.4178	4.2815	1488.0	-0.013694	165.54	0.69473	liquid
171.53	250.00	910.44	0.0010984	711.89	739.35	2.0270	3.4113	4.2858	1484.3	-0.013560	163.91	0.69429	liquid
173.16	250.00	908.87	0.0011003	718.82	746.33	2.0427	3.4048	4.2903	1480.6	-0.013423	162.31	0.69383	liquid
174.78	250.00	907.28	0.0011022	725.76	753.32	2.0583	3.3984	4.2948	1476.8	-0.013284	160.75	0.69335	liquid
176.41	250.00	905.69	0.0011041	732.71	760.31	2.0739	3.3920	4.2994	1472.9	-0.013143	159.21	0.69285	liquid
178.04	250.00	904.08	0.0011061	739.66	767.32	2.0894	3.3856	4.3041	1469.0	-0.013000	157.71	0.69233	liquid
179.67	250.00	902.46	0.0011081	746.63	774.33	2.1049	3.3793	4.3090	1465.1	-0.012856	156.23	0.69178	liquid
181.30	250.00	900.83	0.0011101	753.60	781.35	2.1204	3.3730	4.3139	1461.1	-0.012709	154.79	0.69122	liquid
182.92	250.00	899.19	0.0011121	760.57	788.38	2.1358	3.3668	4.3189	1457.0	-0.012560	153.37	0.69063	liquid
184.55	250.00	897.54	0.0011142	767.56	795.41	2.1512	3.3606	4.3240	1452.9	-0.012408	151.97	0.69002	liquid
186.18	250.00	895.88	0.0011162	774.55	802.46	2.1666	3.3544	4.3292	1448.8	-0.012255	150.61	0.68939	liquid
187.81	250.00	894.21	0.0011183	781.55	809.51	2.1819	3.3483	4.3345	1444.6	-0.012099	149.27	0.68874	liquid
189.44	250.00	892.53	0.0011204	788.56	816.57	2.1972	3.3422	4.3399	1440.3	-0.011940	147.95	0.68806	liquid
191.06	250.00	890.84	0.0011225	795.58	823.64	2.2125	3.3361	4.3455	1436.1	-0.011779	146.66	0.68737	liquid
192.69	250.00	889.13	0.0011247	802.60	830.72	2.2277	3.3301	4.3511	1431.7	-0.011616	145.40	0.68665	liquid
194.32	250.00	887.41	0.0011269	809.64	837.81	2.2429	3.3241	4.3569	1427.3	-0.011450	144.15	0.68591	liquid
195.95	250.00	885.69	0.0011291	816.68	844.91	2.2581	3.3182	4.3627	1422.9	-0.011282	142.93	0.68515	liquid
197.58	250.00	883.95	0.0011313	823.73	852.01	2.2732	3.3123	4.3687	1418.4	-0.011111	141.73	0.68437	liquid
199.20	250.00	882.19	0.0011335	830.79	859.13	2.2883	3.3065	4.3748	1413.9	-0.010937	140.55	0.68356	liquid
200.83	250.00	880.43	0.0011358	837.86	866.26	2.3033	3.3006	4.3810	1409.4	-0.010760	139.39	0.68273	liquid
202.46	250.00	878.66	0.0011381	844.94	873.40	2.3184	3.2949	4.3874	1404.7	-0.010580	138.25	0.68188	liquid
204.09	250.00	876.87	0.0011404	852.03	880.54	2.3334	3.2891	4.3938	1400.1	-0.010398	137.12	0.68100	liquid
205.72	250.00	875.07	0.0011428	859.13	887.70	2.3484	3.2834	4.4004	1395.4	-0.010212	136.02	0.68011	liquid
207.35	250.00	873.26	0.0011451	866.24	894.87	2.3633	3.2778	4.4072	1390.6	-0.010023	134.94	0.67919	liquid
208.97	250.00	871.44	0.0011475	873.37	902.05	2.3782	3.2721	4.4140	1385.8	-0.0098311	133.87	0.67824	liquid
210.60	250.00	869.60	0.0011500	880.50	909.25	2.3931	3.2666	4.4210	1381.0	-0.0096359	132.82	0.67728	liquid
212.23	250.00	867.75	0.0011524	887.64	916.45	2.4080	3.2610	4.4282	1376.1	-0.0094373	131.79	0.67629	liquid
213.86	250.00	865.89	0.0011549	894.79	923.66	2.4228	3.2555	4.4355	1371.2	-0.0092353	130.78	0.67527	liquid
215.49	250.00	864.01	0.0011574	901.96	930.89	2.4376	3.2500	4.4429	1366.2	-0.0090297	129.78	0.67423	liquid
217.11	250.00	862.13	0.0011599	909.13	938.13	2.4524	3.2446	4.4505	1361.2	-0.0088205	128.79	0.67317	liquid
218.74	250.00	860.23	0.0011625	916.32	945.38	2.4672	3.2392	4.4582	1356.1	-0.0086076	127.82	0.67208	liquid
220.37	250.00	858.31	0.0011651	923.52	952.65	2.4819	3.2339	4.4661	1351.0	-0.0083909	126.87	0.67097	liquid
222.00	250.00	856.38	0.0011677	930.73	959.93	2.4967	3.2286	4.4741	1345.8	-0.0081703	125.93	0.66983	liquid
223.63	250.00	854.44	0.0011704	937.96	967.22	2.5114	3.2233	4.4823	1340.6	-0.0079456	125.00	0.66867	liquid
225.25	250.00	852.49	0.0011730	945.20	974.52	2.5260	3.2181	4.4907	1335.3	-0.0077168	124.09	0.66749	liquid
226.88	250.00	850.52	0.0011758	952.45	981.84	2.5407	3.2129	4.4993	1330.0	-0.0074838	123.19	0.66627	liquid
228.51	250.00	848.54	0.0011785	959.71	989.17	2.5553	3.2077	4.5080	1324.6	-0.0072464	122.30	0.66504	liquid
230.14	250.00	846.54	0.0011813	966.99	996.52	2.5700	3.2026	4.5169	1319.2	-0.0070045	121.43	0.66377	liquid
231.77	250.00	844.53	0.0011841	974.28	1003.9	2.5846	3.1975	4.5260	1313.8	-0.0067581	120.56	0.66248	liquid
233.39	250.00	842.50	0.0011869	981.58	1011.3	2.5991	3.1925	4.5353	1308.3	-0.0065069	119.71	0.66116	liquid
235.02	250.00	840.46	0.0011898	988.90	1018.6	2.6137	3.1875	4.5448	1302.8	-0.0062508	118.87	0.65982	liquid
236.65	250.00	838.40	0.0011927	996.24	1026.1	2.6283	3.1825	4.5545	1297.2	-0.0059897	118.05	0.65845	liquid
238.28	250.00	836.33	0.0011957	1003.6	1033.5	2.6428	3.1776	4.5644	1291.5	-0.0057235	117.23	0.65705	liquid
239.91	250.00	834.24	0.0011987	1011.0	1040.9	2.6573	3.1727	4.5745	1285.8	-0.0054519	116.42	0.65562	liquid
241.54	250.00	832.13	0.0012017	1018.3	1048.4	2.6718	3.1679	4.5848	1280.1	-0.0051749	115.63	0.65417	liquid
243.16	250.00	830.01	0.0012048	1025.7	1055.8	2.6863	3.1630	4.5954	1274.3	-0.0048923	114.84	0.65269	liquid
244.79	250.00	827.88	0.0012079	1033.1	1063.3	2.7008	3.1583	4.6062	1268.5	-0.0046039	114.06	0.65118	liquid
246.42	250.00	825.72	0.0012111	1040.6	1070.8	2.7153	3.1536	4.6172	1262.6	-0.0043095	113.29	0.64964	liquid
248.05	250.00	823.55	0.0012143	1048.0	1078.4	2.7298	3.1489	4.6285	1256.7	-0.0040090	112.54	0.64807	liquid
249.68	250.00	821.36	0.0012175	1055.5	1085.9	2.7442	3.1442	4.6400	1250.7	-0.0037022	111.79	0.64647	liquid
251.30	250.00	819.16	0.0012208	1063.0	1093.5	2.7587	3.1396	4.6518	1244.7	-0.0033888	111.04	0.64484	liquid
252.93	250.00	816.93	0.0012241	1070.5	1101.1	2.7731	3.1351	4.6638	1238.6	-0.0030686	110.31	0.64318	liquid
254.56	250.00	814.69	0.0012275	1078.0	1108.7	2.7875	3.1306	4.6762	1232.5	-0.0027415	109.59	0.64148	liquid
256.19	250.00	812.43	0.0012309	1085.5	1116.3	2.8019	3.1261	4.6888	1226.3	-0.0024072	108.87	0.63976	liquid
257.82	250.00	810.15	0.0012343	1093.1	1123.9	2.8164	3.1217	4.7017	1220.1	-0.0020655	108.16	0.63801	liquid
259.44	250.00	807.85	0.0012378	1100.7	1131.6	2.8308	3.1173	4.7149	1213.8	-0.0017161	107.46	0.63622	liquid
261.07	250.00	805.54	0.0012414	1108.3	1139.3	2.8452	3.1129	4.7285	1207.5	-0.0013588	106.76	0.63440	liquid
262.70	250.00	803.20	0.0012450	1115.9	1147.0	2.8596	3.1086	4.7424	1201.1	-0.00099333	106.07	0.63255	liquid
264.33	250.00	800.84	0.0012487	1123.5	1154.7	2.8740	3.1044	4.7566	1194.7	-0.00061937	105.39	0.63067	liquid
265.96	250.00	798.46	0.0012524	1131.2	1162.5	2.8884	3.1002	4.7711	1188.2	-0.00023664	104.71	0.62875	liquid
267.58	250.00	796.06	0.0012562	1138.9	1170.3	2.9028	3.0960	4.7861	1181.6	0.00015517	104.04	0.62680	liquid
269.21	250.00	793.64	0.0012600	1146.6	1178.1	2.9172	3.0919	4.8014	1175.0	0.00055637	103.38	0.62481	liquid
270.84	250.00	791.19	0.0012639	1154.3	1185.9	2.9317	3.0878	4.8171	1168.4	0.00096730	102.72	0.62279	liquid
272.47	250.00	788.73	0.0012679	1162.1	1193.8	2.9461	3.0838	4.8332	1161.6	0.0013883	102.07	0.62073	liquid
274.10	250.00	786.24	0.0012719	1169.8	1201.6	2.9605	3.0798	4.8498	1154.9	0.0018198	101.42	0.61864	liquid
275.72	250.00	783.72	0.0012760	1177.6	1209.5	2.9749	3.0759	4.8668	1148.0	0.0022622	100.78	0.61651	liquid
277.35	250.00	781.19	0.0012801	1185.5	1217.5	2.9894	3.0720	4.8842	1141.2	0.0027158	100.14	0.61435	liquid
278.98	250.00	778.62	0.0012843	1193.3	1225.5	3.0038	3.0682	4.9021	1134.2	0.0031811	99.508	0.61215	liquid
280.61	250.00	776.04	0.0012886	1201.2	1233.4	3.0183	3.0644	4.9206	1127.2	0.0036586	98.879	0.60991	liquid
282.24	250.00	773.42	0.0012930	1209.1	1241.5	3.0328	3.0607	4.9395	1120.1	0.0041487	98.254	0.60764	liquid
283.87	250.00	770.78	0.0012974	1217.1	1249.5	3.0472	3.0571	4.9590	1113.0	0.0046520	97.634	0.60532	liquid
285.49	250.00	768.12	0.0013019	1225.1	1257.6	3.0617	3.0535	4.9790	1105.8	0.0051690	97.017	0.60297	liquid
287.12	250.00	765.42	0.0013065	1233.1	1265.7	3.0763	3.0499	4.9997	1098.6	0.0057003	96.403	0.60059	liquid
288.75	250.00	762.70	0.0013111	1241.1	1273.9	3.0908	3.0464	5.0209	1091.2	0.0062464	95.793	0.59816	liquid
290.38	250.00	759.94	0.0013159	1249.2	1282.1	3.1054	3.0430	5.0429	1083.8	0.0068080	95.186	0.59570	liquid
292.01	250.00	757.16	0.0013207	1257.3	1290.3	3.1199	3.0396	5.0655	1076.4	0.0073857	94.582	0.59319	liquid
293.63	250.00	754.35	0.0013257	1265.4	1298.6	3.1345	3.0363	5.0888	1068.8	0.0079804	93.980	0.59065	liquid
295.26	250.00	751.50	0.0013307	1273.6	1306.9	3.1492	3.0331	5.1128	1061.2	0.0085927	93.381	0.58808	liquid
296.89	250.00	748.62	0.0013358	1281.8	1315.2	3.1638	3.0299	5.1377	1053.6	0.0092234	92.784	0.58546	liquid
298.52	250.00	745.71	0.0013410	1290.1	1323.6	3.1785	3.0268	5.1633	1045.8	0.0098735	92.189	0.58280	liquid
300.15	250.00	742.76	0.0013463	1298.4	1332.0	3.1932	3.0238	5.1898	1038.0	0.010544	91.596	0.58011	liquid
301.77	250.00	739.77	0.0013518	1306.7	1340.5	3.2080	3.0209	5.2173	1030.1	0.011235	91.005	0.57738	liquid
303.40	250.00	736.75	0.0013573	1315.1	1349.0	3.2228	3.0180	5.2457	1022.1	0.011949	90.415	0.57461	liquid
305.03	250.00	733.69	0.0013630	1323.5	1357.6	3.2376	3.0152	5.2751	1014.1	0.012686	89.825	0.57180	liquid
306.66	250.00	730.59	0.0013688	1332.0	1366.2	3.2525	3.0125	5.3057	1005.9	0.013447	89.237	0.56895	liquid
308.29	250.00	727.45	0.0013747	1340.5	1374.9	3.2674	3.0099	5.3373	997.69	0.014235	88.650	0.56607	liquid
309.91	250.00	724.26	0.0013807	1349.1	1383.6	3.2824	3.0074	5.3702	989.37	0.015049	88.062	0.56315	liquid
311.54	250.00	721.03	0.0013869	1357.7	1392.4	3.2974	3.0049	5.4043	980.96	0.015892	87.475	0.56020	liquid
313.17	250.00	717.76	0.0013932	1366.4	1401.2	3.3125	3.0026	5.4398	972.46	0.016765	86.888	0.55721	liquid
314.80	250.00	714.44	0.0013997	1375.1	1410.1	3.3276	3.0004	5.4768	963.86	0.017670	86.300	0.55418	liquid
316.43	250.00	711.07	0.0014063	1383.9	1419.0	3.3428	2.9983	5.5153	955.16	0.018608	85.711	0.55112	liquid
318.05	250.00	707.64	0.0014131	1392.7	1428.0	3.3581	2.9963	5.5555	946.37	0.019582	85.122	0.54803	liquid
319.68	250.00	704.17	0.0014201	1401.6	1437.1	3.3734	2.9944	5.5974	937.46	0.020594	84.531	0.54490	liquid
321.31	250.00	700.64	0.0014273	1410.6	1446.3	3.3888	2.9926	5.6412	928.46	0.021646	83.939	0.54175	liquid
322.94	250.00	697.05	0.0014346	1419.6	1455.5	3.4043	2.9910	5.6870	919.33	0.022740	83.344	0.53856	liquid
324.57	250.00	693.40	0.0014422	1428.7	1464.8	3.4199	2.9895	5.7351	910.10	0.023880	82.747	0.53533	liquid
326.20	250.00	689.68	0.0014499	1437.9	1474.2	3.4356	2.9881	5.7854	900.74	0.025067	82.148	0.53208	liquid
327.82	250.00	685.90	0.0014579	1447.2	1483.6	3.4513	2.9869	5.8383	891.26	0.026306	81.545	0.52880	liquid
329.45	250.00	682.05	0.0014662	1456.5	1493.2	3.4672	2.9859	5.8939	881.66	0.027600	80.939	0.52549	liquid
331.08	250.00	678.12	0.0014747	1466.0	1502.8	3.4832	2.9851	5.9525	871.91	0.028952	80.329	0.52215	liquid
332.71	250.00	674.12	0.0014834	1475.5	1512.6	3.4993	2.9844	6.0143	862.04	0.030367	79.715	0.51878	liquid
334.34	250.00	670.04	0.0014925	1485.1	1522.4	3.5155	2.9839	6.0796	852.01	0.031850	79.096	0.51538	liquid
335.96	250.00	665.87	0.0015018	1494.8	1532.4	3.5319	2.9837	6.1487	841.84	0.033405	78.471	0.51196	liquid
337.59	250.00	661.61	0.0015115	1504.6	1542.4	3.5484	2.9837	6.2221	831.50	0.035039	77.841	0.50851	liquid
339.22	250.00	657.25	0.0015215	1514.6	1552.6	3.5651	2.9839	6.3001	821.00	0.036758	77.204	0.50502	liquid
340.85	250.00	652.79	0.0015319	1524.6	1562.9	3.5819	2.9845	6.3832	810.33	0.038570	76.559	0.50151	liquid
342.48	250.00	648.22	0.0015427	1534.8	1573.4	3.5989	2.9853	6.4720	799.47	0.040482	75.907	0.49796	liquid
344.10	250.00	643.54	0.0015539	1545.2	1584.0	3.6161	2.9864	6.5671	788.41	0.042503	75.245	0.49438	liquid
345.73	250.00	638.73	0.0015656	1555.7	1594.8	3.6336	2.9879	6.6693	777.15	0.044644	74.575	0.49077	liquid
347.36	250.00	633.78	0.0015778	1566.3	1605.7	3.6512	2.9897	6.7795	765.66	0.046918	73.893	0.48712	liquid
348.99	250.00	628.69	0.0015906	1577.1	1616.9	3.6691	2.9920	6.8987	753.94	0.049338	73.199	0.48342	liquid
350.62	250.00	623.45	0.0016040	1588.1	1628.2	3.6873	2.9948	7.0283	741.96	0.051920	72.493	0.47968	liquid
352.24	250.00	618.03	0.0016180	1599.3	1639.8	3.7058	2.9981	7.1697	729.70	0.054683	71.772	0.47589	liquid
353.87	250.00	612.43	0.0016328	1610.7	1651.6	3.7247	3.0020	7.3249	717.13	0.057649	71.035	0.47204	liquid
355.50	250.00	606.62	0.0016485	1622.4	1663.6	3.7439	3.0066	7.4962	704.23	0.060845	70.279	0.46813	liquid
357.13	250.00	600.58	0.0016650	1634.4	1676.0	3.7635	3.0120	7.6864	690.97	0.064301	69.504	0.46414	liquid
358.76	250.00	594.30	0.0016827	1646.6	1688.7	3.7836	3.0182	7.8992	677.30	0.068055	68.705	0.46007	liquid
360.39	250.00	587.73	0.0017015	1659.2	1701.7	3.8042	3.0256	8.1391	663.17	0.072153	67.881	0.45590	liquid
362.01	250.00	580.84	0.0017217	1672.1	1715.2	3.8255	3.0341	8.4120	648.54	0.076650	67.026	0.45162	liquid
363.64	250.00	573.58	0.0017434	1685.5	1729.1	3.8474	3.0442	8.7255	633.34	0.081611	66.137	0.44722	liquid
365.27	250.00	565.90	0.0017671	1699.4	1743.6	3.8701	3.0560	9.0896	617.52	0.087121	65.208	0.44267	liquid
366.90	250.00	557.73	0.0017930	1713.9	1758.8	3.8938	3.0700	9.5177	600.99	0.093281	64.231	0.43795	liquid
368.53	250.00	548.98	0.0018216	1729.1	1774.7	3.9186	3.0868	10.028	583.67	0.10022	63.199	0.43303	liquid
370.15	250.00	539.53	0.0018535	1745.1	1791.5	3.9448	3.1070	10.646	565.49	0.10810	62.099	0.42788	liquid
371.78	250.00	529.24	0.0018895	1762.2	1809.4	3.9726	3.1315	11.410	546.35	0.11713	60.916	0.42246	liquid
373.41	250.00	517.88	0.0019309	1780.5	1828.7	4.0026	3.1615	12.379	526.15	0.12762	59.631	0.41675	liquid
375.04	250.00	505.17	0.0019795	1800.4	1849.9	4.0352	3.1986	13.657	504.75	0.14000	58.215	0.41076	supercritical
376.67	250.00	490.63	0.0020382	1822.5	1873.5	4.0716	3.2447	15.450	481.94	0.15502	56.622	0.40462	supercritical
378.29	250.00	473.45	0.0021121	1847.9	1900.7	4.1134	3.3024	18.218	457.35	0.17400	54.774	0.39874	supercritical
379.92	250.00	452.00	0.0022124	1878.6	1933.9	4.1643	3.3761	23.044	430.72	0.19911	52.514	0.39391	supercritical
381.55	250.00	423.07	0.0023637	1918.9	1978.0	4.2317	3.4777	31.995	403.22	0.23273	49.549	0.39046	supercritical
383.18	250.00	381.57	0.0026207	1976.8	2042.3	4.3298	3.6415	49.086	377.37	0.27835	45.463	0.38838	supercritical
384.81	250.00	320.65	0.0031186	2067.8	2145.8	4.4873	3.8912	76.285	361.52	0.34147	39.850	0.38279	supercritical
386.43	250.00	266.95	0.0037460	2163.2	2256.8	4.6559	3.9091	56.076	372.78	0.39145	35.383	0.32148	supercritical
388.06	250.00	236.94	0.0042205	2226.8	2332.3	4.7702	3.7732	38.560	388.46	0.42104	33.157	0.27368	supercritical
389.69	250.00	218.05	0.0045861	2272.2	2386.9	4.8526	3.6507	29.335	401.52	0.43976	31.886	0.24338	supercritical
391.32	250.00	204.63	0.0048869	2307.7	2429.8	4.9173	3.5509	23.895	412.24	0.45271	31.058	0.22247	supercritical
392.95	250.00	194.34	0.0051455	2337.0	2465.7	4.9712	3.4673	20.336	421.35	0.46219	30.474	0.20699	supercritical
394.57	250.00	186.06	0.0053747	2362.3	2496.6	5.0176	3.3953	17.830	429.32	0.46938	30.040	0.19493	supercritical
396.20	250.00	179.15	0.0055819	2384.5	2524.1	5.0587	3.3316	15.966	436.46	0.47497	29.706	0.18520	supercritical
397.83	250.00	173.25	0.0057721	2404.5	2548.8	5.0956	3.2743	14.521	442.96	0.47939	29.443	0.17713	supercritical
399.46	250.00	168.11	0.0059486	2422.8	2571.5	5.1294	3.2221	13.367	448.94	0.48291	29.233	0.17029	supercritical
401.09	250.00	163.56	0.0061140	2439.6	2592.5	5.1605	3.1740	12.420	454.50	0.48572	29.063	0.16440	supercritical
402.72	250.00	159.49	0.0062700	2455.3	2612.0	5.1895	3.1295	11.628	459.71	0.48796	28.925	0.15927	supercritical
404.34	250.00	155.81	0.0064180	2469.9	2630.4	5.2166	3.0878	10.955	464.62	0.48973	28.812	0.15474	supercritical
405.97	250.00	152.46	0.0065590	2483.8	2647.7	5.2422	3.0488	10.375	469.27	0.49111	28.720	0.15070	supercritical
407.60	250.00	149.39	0.0066940	2496.9	2664.2	5.2664	3.0120	9.8682	473.69	0.49216	28.646	0.14709	supercritical
409.23	250.00	146.55	0.0068236	2509.3	2679.9	5.2895	2.9772	9.4221	477.91	0.49291	28.586	0.14382	supercritical
410.86	250.00	143.92	0.0069483	2521.2	2694.9	5.3114	2.9442	9.0257	481.95	0.49342	28.538	0.14086	supercritical
412.48	250.00	141.47	0.0070688	2532.6	2709.3	5.3325	2.9129	8.6708	485.83	0.49371	28.501	0.13815	supercritical
414.11	250.00	139.17	0.0071853	2543.5	2723.2	5.3526	2.8830	8.3509	489.57	0.49380	28.473	0.13567	supercritical
415.74	250.00	137.02	0.0072983	2554.1	2736.5	5.3721	2.8546	8.0610	493.17	0.49373	28.453	0.13339	supercritical
417.37	250.00	134.99	0.0074081	2564.2	2749.4	5.3908	2.8273	7.7968	496.64	0.49350	28.441	0.13129	supercritical
419.00	250.00	133.07	0.0075148	2574.1	2761.9	5.4088	2.8013	7.5549	500.01	0.49313	28.434	0.12934	supercritical
420.62	250.00	131.26	0.0076187	2583.6	2774.1	5.4263	2.7763	7.3325	503.27	0.49263	28.434	0.12754	supercritical
422.25	250.00	129.53	0.0077201	2592.8	2785.8	5.4433	2.7523	7.1273	506.44	0.49202	28.438	0.12586	supercritical
423.88	250.00	127.89	0.0078192	2601.8	2797.3	5.4597	2.7292	6.9372	509.51	0.49131	28.447	0.12429	supercritical
425.51	250.00	126.33	0.0079159	2610.5	2808.4	5.4757	2.7071	6.7607	512.50	0.49051	28.459	0.12283	supercritical
427.14	250.00	124.83	0.0080106	2619.0	2819.3	5.4912	2.6858	6.5963	515.42	0.48961	28.476	0.12146	supercritical
428.76	250.00	123.41	0.0081034	2627.3	2829.9	5.5064	2.6652	6.4426	518.26	0.48864	28.495	0.12017	supercritical
430.39	250.00	122.04	0.0081943	2635.4	2840.3	5.5211	2.6454	6.2988	521.03	0.48760	28.518	0.11897	supercritical
432.02	250.00	120.72	0.0082835	2643.3	2850.4	5.5355	2.6263	6.1638	523.74	0.48649	28.543	0.11783	supercritical
433.65	250.00	119.46	0.0083711	2651.1	2860.3	5.5496	2.6078	6.0369	526.38	0.48531	28.571	0.11677	supercritical
435.28	250.00	118.24	0.0084571	2658.6	2870.1	5.5633	2.5900	5.9172	528.97	0.48408	28.601	0.11576	supercritical
436.91	250.00	117.07	0.0085416	2666.1	2879.6	5.5768	2.5728	5.8043	531.50	0.48280	28.634	0.11482	supercritical
438.53	250.00	115.95	0.0086248	2673.4	2889.0	5.5900	2.5561	5.6975	533.98	0.48147	28.668	0.11392	supercritical
440.16	250.00	114.86	0.0087066	2680.5	2898.2	5.6029	2.5400	5.5964	536.41	0.48009	28.704	0.11308	supercritical
441.79	250.00	113.80	0.0087872	2687.5	2907.2	5.6155	2.5244	5.5005	538.79	0.47867	28.742	0.11228	supercritical
443.42	250.00	112.78	0.0088666	2694.4	2916.1	5.6279	2.5093	5.4094	541.12	0.47721	28.781	0.11153	supercritical
445.05	250.00	111.80	0.0089448	2701.2	2924.8	5.6401	2.4947	5.3227	543.42	0.47572	28.822	0.11081	supercritical
446.67	250.00	110.84	0.0090219	2707.9	2933.4	5.6521	2.4805	5.2402	545.67	0.47419	28.864	0.11014	supercritical
448.30	250.00	109.91	0.0090980	2714.4	2941.9	5.6638	2.4667	5.1615	547.88	0.47263	28.908	0.10950	supercritical
449.93	250.00	109.01	0.0091731	2720.9	2950.2	5.6754	2.4534	5.0864	550.06	0.47104	28.952	0.10889	supercritical
451.56	250.00	108.14	0.0092472	2727.3	2958.4	5.6867	2.4405	5.0146	552.20	0.46942	28.998	0.10831	supercritical
453.19	250.00	107.29	0.0093204	2733.5	2966.6	5.6979	2.4279	4.9460	554.30	0.46778	29.045	0.10777	supercritical
454.81	250.00	106.47	0.0093927	2739.7	2974.6	5.7089	2.4157	4.8803	556.37	0.46612	29.092	0.10725	supercritical
456.44	250.00	105.66	0.0094642	2745.8	2982.5	5.7197	2.4039	4.8173	558.41	0.46444	29.141	0.10676	supercritical
458.07	250.00	104.88	0.0095348	2751.9	2990.2	5.7304	2.3924	4.7569	560.41	0.46273	29.190	0.10630	supercritical
459.70	250.00	104.12	0.0096047	2757.8	2997.9	5.7409	2.3812	4.6990	562.39	0.46101	29.240	0.10586	supercritical
461.33	250.00	103.37	0.0096738	2763.7	3005.5	5.7513	2.3703	4.6433	564.34	0.45927	29.291	0.10544	supercritical
462.95	250.00	102.65	0.0097421	2769.5	3013.1	5.7615	2.3598	4.5898	566.26	0.45751	29.343	0.10505	supercritical
464.58	250.00	101.94	0.0098098	2775.2	3020.5	5.7716	2.3495	4.5383	568.16	0.45575	29.395	0.10467	supercritical
466.21	250.00	101.25	0.0098767	2780.9	3027.8	5.7815	2.3395	4.4887	570.02	0.45396	29.448	0.10432	supercritical
467.84	250.00	100.57	0.0099430	2786.5	3035.1	5.7914	2.3298	4.4409	571.87	0.45217	29.501	0.10398	supercritical
469.47	250.00	99.913	0.010009	2792.1	3042.3	5.8010	2.3204	4.3949	573.69	0.45037	29.555	0.10366	supercritical
471.09	250.00	99.268	0.010074	2797.6	3049.4	5.8106	2.3112	4.3505	575.48	0.44855	29.610	0.10336	supercritical
472.72	250.00	98.638	0.010138	2803.0	3056.5	5.8201	2.3022	4.3077	577.26	0.44673	29.665	0.10308	supercritical
474.35	250.00	98.020	0.010202	2808.4	3063.4	5.8294	2.2935	4.2663	579.01	0.44490	29.720	0.10281	supercritical
475.98	250.00	97.416	0.010265	2813.7	3070.4	5.8387	2.2850	4.2264	580.74	0.44306	29.776	0.10255	supercritical
477.61	250.00	96.824	0.010328	2819.0	3077.2	5.8478	2.2768	4.1877	582.45	0.44121	29.832	0.10231	supercritical
479.24	250.00	96.245	0.010390	2824.2	3084.0	5.8568	2.2687	4.1504	584.14	0.43936	29.889	0.10209	supercritical
480.86	250.00	95.677	0.010452	2829.4	3090.7	5.8658	2.2609	4.1142	585.81	0.43751	29.946	0.10188	supercritical
482.49	250.00	95.120	0.010513	2834.6	3097.4	5.8746	2.2533	4.0793	587.46	0.43565	30.004	0.10168	supercritical
484.12	250.00	94.574	0.010574	2839.7	3104.0	5.8833	2.2458	4.0454	589.09	0.43379	30.061	0.10149	supercritical
485.75	250.00	94.038	0.010634	2844.7	3110.6	5.8920	2.2386	4.0125	590.71	0.43192	30.119	0.10132	supercritical
487.38	250.00	93.512	0.010694	2849.7	3117.1	5.9006	2.2315	3.9807	592.30	0.43005	30.178	0.10115	supercritical
489.00	250.00	92.997	0.010753	2854.7	3123.5	5.9090	2.2246	3.9499	593.89	0.42818	30.237	0.10100	supercritical
490.63	250.00	92.490	0.010812	2859.6	3129.9	5.9174	2.2179	3.9199	595.45	0.42631	30.295	0.10086	supercritical
492.26	250.00	91.993	0.010870	2864.5	3136.3	5.9258	2.2113	3.8909	597.00	0.42444	30.355	0.10072	supercritical
493.89	250.00	91.504	0.010928	2869.4	3142.6	5.9340	2.2050	3.8627	598.53	0.42257	30.414	0.10060	supercritical
495.52	250.00	91.024	0.010986	2874.2	3148.9	5.9421	2.1987	3.8353	600.05	0.42070	30.474	0.10049	supercritical
497.14	250.00	90.552	0.011043	2879.0	3155.1	5.9502	2.1927	3.8087	601.56	0.41883	30.534	0.10038	supercritical
498.77	250.00	90.088	0.011100	2883.8	3161.3	5.9583	2.1867	3.7829	603.04	0.41696	30.594	0.10029	supercritical
500.40	250.00	89.632	0.011157	2888.5	3167.4	5.9662	2.1810	3.7578	604.52	0.41509	30.654	0.10020	supercritical
502.03	250.00	89.183	0.011213	2893.2	3173.5	5.9741	2.1753	3.7333	605.98	0.41322	30.714	0.10012	supercritical
503.66	250.00	88.742	0.011269	2897.9	3179.6	5.9819	2.1698	3.7096	607.43	0.41135	30.775	0.10005	supercritical
505.28	250.00	88.308	0.011324	2902.5	3185.6	5.9896	2.1645	3.6865	608.87	0.40949	30.836	0.099991	supercritical
506.91	250.00	87.880	0.011379	2907.1	3191.6	5.9973	2.1592	3.6640	610.29	0.40763	30.897	0.099936	supercritical
508.54	250.00	87.459	0.011434	2911.7	3197.5	6.0049	2.1541	3.6421	611.70	0.40578	30.958	0.099888	supercritical
510.17	250.00	87.045	0.011488	2916.2	3203.4	6.0125	2.1491	3.6207	613.10	0.40392	31.019	0.099847	supercritical
511.80	250.00	86.637	0.011542	2920.7	3209.3	6.0200	2.1443	3.6000	614.48	0.40207	31.081	0.099812	supercritical
513.42	250.00	86.235	0.011596	2925.2	3215.2	6.0274	2.1395	3.5797	615.86	0.40023	31.142	0.099784	supercritical
515.05	250.00	85.839	0.011650	2929.7	3221.0	6.0348	2.1349	3.5600	617.22	0.39839	31.204	0.099763	supercritical
516.68	250.00	85.448	0.011703	2934.2	3226.7	6.0421	2.1303	3.5408	618.57	0.39655	31.266	0.099747	supercritical
518.31	250.00	85.064	0.011756	2938.6	3232.5	6.0494	2.1259	3.5220	619.91	0.39472	31.328	0.099737	supercritical
519.94	250.00	84.684	0.011809	2943.0	3238.2	6.0566	2.1216	3.5038	621.25	0.39289	31.390	0.099734	supercritical
521.57	250.00	84.311	0.011861	2947.4	3243.9	6.0638	2.1174	3.4859	622.57	0.39107	31.452	0.099736	supercritical
523.19	250.00	83.942	0.011913	2951.7	3249.6	6.0709	2.1133	3.4685	623.88	0.38925	31.514	0.099743	supercritical
524.82	250.00	83.578	0.011965	2956.1	3255.2	6.0780	2.1093	3.4516	625.18	0.38744	31.576	0.099755	supercritical
526.45	250.00	83.220	0.012016	2960.4	3260.8	6.0850	2.1053	3.4350	626.47	0.38564	31.638	0.099773	supercritical
528.08	250.00	82.866	0.012068	2964.7	3266.4	6.0919	2.1015	3.4188	627.75	0.38383	31.701	0.099795	supercritical
529.71	250.00	82.517	0.012119	2969.0	3271.9	6.0989	2.0978	3.4030	629.02	0.38204	31.763	0.099823	supercritical
531.33	250.00	82.172	0.012170	2973.2	3277.5	6.1057	2.0941	3.3876	630.28	0.38025	31.826	0.099855	supercritical
532.96	250.00	81.832	0.012220	2977.5	3283.0	6.1126	2.0905	3.3725	631.54	0.37847	31.889	0.099891	supercritical
534.59	250.00	81.496	0.012270	2981.7	3288.4	6.1194	2.0871	3.3578	632.78	0.37669	31.951	0.099932	supercritical
536.22	250.00	81.165	0.012321	2985.9	3293.9	6.1261	2.0837	3.3434	634.02	0.37493	32.014	0.099977	supercritical
537.85	250.00	80.837	0.012370	2990.1	3299.3	6.1328	2.0803	3.3294	635.25	0.37316	32.077	0.10003	supercritical
539.47	250.00	80.514	0.012420	2994.2	3304.7	6.1395	2.0771	3.3156	636.47	0.37141	32.140	0.10008	supercritical
541.10	250.00	80.195	0.012470	2998.4	3310.1	6.1461	2.0739	3.3022	637.68	0.36966	32.203	0.10014	supercritical
542.73	250.00	79.880	0.012519	3002.5	3315.5	6.1527	2.0708	3.2891	638.88	0.36791	32.266	0.10020	supercritical
544.36	250.00	79.568	0.012568	3006.6	3320.8	6.1592	2.0678	3.2762	640.08	0.36618	32.329	0.10026	supercritical
545.99	250.00	79.260	0.012617	3010.7	3326.2	6.1657	2.0649	3.2636	641.26	0.36445	32.392	0.10033	supercritical
547.61	250.00	78.956	0.012665	3014.8	3331.5	6.1722	2.0620	3.2514	642.44	0.36273	32.455	0.10040	supercritical
549.24	250.00	78.655	0.012714	3018.9	3336.8	6.1786	2.0592	3.2393	643.62	0.36101	32.518	0.10048	supercritical
550.87	250.00	78.358	0.012762	3023.0	3342.0	6.1850	2.0564	3.2276	644.78	0.35931	32.581	0.10056	supercritical
552.50	250.00	78.064	0.012810	3027.0	3347.3	6.1914	2.0537	3.2160	645.94	0.35761	32.644	0.10064	supercritical
554.13	250.00	77.774	0.012858	3031.0	3352.5	6.1977	2.0511	3.2048	647.09	0.35591	32.707	0.10073	supercritical
555.76	250.00	77.486	0.012905	3035.1	3357.7	6.2040	2.0486	3.1937	648.24	0.35423	32.771	0.10081	supercritical
557.38	250.00	77.202	0.012953	3039.1	3362.9	6.2103	2.0461	3.1829	649.38	0.35255	32.834	0.10090	supercritical
559.01	250.00	76.922	0.013000	3043.1	3368.1	6.2165	2.0436	3.1723	650.51	0.35088	32.897	0.10100	supercritical
560.64	250.00	76.644	0.013047	3047.0	3373.2	6.2227	2.0413	3.1620	651.63	0.34922	32.960	0.10110	supercritical
562.27	250.00	76.369	0.013094	3051.0	3378.4	6.2288	2.0389	3.1518	652.75	0.34756	33.024	0.10119	supercritical
563.90	250.00	76.097	0.013141	3055.0	3383.5	6.2350	2.0367	3.1419	653.86	0.34592	33.087	0.10130	supercritical
565.52	250.00	75.828	0.013188	3058.9	3388.6	6.2411	2.0345	3.1322	654.97	0.34428	33.150	0.10140	supercritical
567.15	250.00	75.562	0.013234	3062.8	3393.7	6.2471	2.0323	3.1226	656.06	0.34265	33.214	0.10151	supercritical
568.78	250.00	75.298	0.013280	3066.7	3398.8	6.2532	2.0302	3.1133	657.16	0.34102	33.277	0.10162	supercritical
570.41	250.00	75.038	0.013327	3070.7	3403.8	6.2592	2.0281	3.1041	658.24	0.33940	33.340	0.10173	supercritical
572.04	250.00	74.780	0.013373	3074.5	3408.9	6.2651	2.0261	3.0951	659.33	0.33780	33.404	0.10185	supercritical
573.66	250.00	74.524	0.013418	3078.4	3413.9	6.2711	2.0242	3.0863	660.40	0.33619	33.467	0.10196	supercritical
575.29	250.00	74.272	0.013464	3082.3	3418.9	6.2770	2.0223	3.0777	661.47	0.33460	33.530	0.10208	supercritical
576.92	250.00	74.021	0.013510	3086.2	3423.9	6.2829	2.0204	3.0692	662.54	0.33302	33.594	0.10220	supercritical
578.55	250.00	73.774	0.013555	3090.0	3428.9	6.2888	2.0186	3.0609	663.59	0.33144	33.657	0.10232	supercritical
580.18	250.00	73.528	0.013600	3093.9	3433.9	6.2946	2.0168	3.0528	664.65	0.32987	33.720	0.10245	supercritical
581.80	250.00	73.285	0.013645	3097.7	3438.8	6.3004	2.0151	3.0448	665.69	0.32831	33.784	0.10258	supercritical
583.43	250.00	73.045	0.013690	3101.5	3443.8	6.3062	2.0134	3.0370	666.74	0.32675	33.847	0.10271	supercritical
585.06	250.00	72.806	0.013735	3105.4	3448.7	6.3120	2.0117	3.0293	667.77	0.32521	33.910	0.10284	supercritical
586.69	250.00	72.570	0.013780	3109.2	3453.7	6.3177	2.0101	3.0218	668.81	0.32367	33.974	0.10297	supercritical
588.32	250.00	72.336	0.013824	3113.0	3458.6	6.3234	2.0086	3.0144	669.83	0.32214	34.037	0.10310	supercritical
589.94	250.00	72.105	0.013869	3116.8	3463.5	6.3291	2.0071	3.0071	670.86	0.32061	34.100	0.10324	supercritical
591.57	250.00	71.875	0.013913	3120.5	3468.4	6.3347	2.0056	3.0000	671.87	0.31910	34.164	0.10338	supercritical
593.20	250.00	71.648	0.013957	3124.3	3473.2	6.3404	2.0041	2.9931	672.89	0.31759	34.227	0.10352	supercritical
594.83	250.00	71.423	0.014001	3128.1	3478.1	6.3460	2.0027	2.9862	673.89	0.31609	34.290	0.10366	supercritical
596.46	250.00	71.199	0.014045	3131.8	3483.0	6.3516	2.0013	2.9795	674.90	0.31460	34.353	0.10380	supercritical
598.09	250.00	70.978	0.014089	3135.6	3487.8	6.3571	2.0000	2.9729	675.90	0.31311	34.417	0.10394	supercritical
599.71	250.00	70.759	0.014133	3139.3	3492.7	6.3627	1.9987	2.9664	676.89	0.31164	34.480	0.10409	supercritical
601.34	250.00	70.541	0.014176	3143.1	3497.5	6.3682	1.9974	2.9601	677.88	0.31017	34.543	0.10423	supercritical
602.97	250.00	70.326	0.014220	3146.8	3502.3	6.3737	1.9962	2.9538	678.86	0.30871	34.606	0.10438	supercritical
604.60	250.00	70.112	0.014263	3150.5	3507.1	6.3792	1.9950	2.9477	679.84	0.30725	34.669	0.10453	supercritical
606.23	250.00	69.901	0.014306	3154.2	3511.9	6.3846	1.9939	2.9417	680.82	0.30581	34.732	0.10468	supercritical
607.85	250.00	69.691	0.014349	3157.9	3516.7	6.3901	1.9927	2.9358	681.79	0.30437	34.796	0.10483	supercritical
609.48	250.00	69.483	0.014392	3161.6	3521.4	6.3955	1.9916	2.9300	682.76	0.30294	34.859	0.10499	supercritical
611.11	250.00	69.276	0.014435	3165.3	3526.2	6.4009	1.9906	2.9243	683.72	0.30152	34.922	0.10514	supercritical
612.74	250.00	69.072	0.014478	3169.0	3531.0	6.4063	1.9895	2.9187	684.68	0.30010	34.985	0.10530	supercritical
614.37	250.00	68.869	0.014520	3172.7	3535.7	6.4116	1.9885	2.9132	685.64	0.29869	35.048	0.10545	supercritical
615.99	250.00	68.668	0.014563	3176.4	3540.5	6.4170	1.9875	2.9078	686.59	0.29729	35.111	0.10561	supercritical
617.62	250.00	68.468	0.014605	3180.1	3545.2	6.4223	1.9866	2.9025	687.54	0.29590	35.174	0.10577	supercritical
619.25	250.00	68.270	0.014648	3183.7	3549.9	6.4276	1.9856	2.8973	688.48	0.29452	35.237	0.10593	supercritical
620.88	250.00	68.074	0.014690	3187.4	3554.6	6.4328	1.9848	2.8922	689.42	0.29314	35.300	0.10609	supercritical
622.51	250.00	67.879	0.014732	3191.0	3559.3	6.4381	1.9839	2.8872	690.36	0.29177	35.363	0.10625	supercritical
624.13	250.00	67.686	0.014774	3194.7	3564.0	6.4433	1.9830	2.8823	691.29	0.29041	35.426	0.10641	supercritical
625.76	250.00	67.494	0.014816	3198.3	3568.7	6.4486	1.9822	2.8774	692.22	0.28905	35.488	0.10657	supercritical
627.39	250.00	67.304	0.014858	3201.9	3573.4	6.4538	1.9814	2.8727	693.14	0.28770	35.551	0.10674	supercritical
629.02	250.00	67.116	0.014900	3205.6	3578.1	6.4589	1.9807	2.8680	694.06	0.28636	35.614	0.10690	supercritical
630.65	250.00	66.928	0.014941	3209.2	3582.7	6.4641	1.9799	2.8634	694.98	0.28503	35.677	0.10707	supercritical
632.28	250.00	66.743	0.014983	3212.8	3587.4	6.4693	1.9792	2.8589	695.89	0.28370	35.740	0.10724	supercritical
633.90	250.00	66.559	0.015024	3216.4	3592.0	6.4744	1.9785	2.8545	696.81	0.28238	35.802	0.10740	supercritical
635.53	250.00	66.376	0.015066	3220.0	3596.7	6.4795	1.9779	2.8501	697.71	0.28107	35.865	0.10757	supercritical
637.16	250.00	66.194	0.015107	3223.6	3601.3	6.4846	1.9772	2.8458	698.62	0.27976	35.928	0.10774	supercritical
638.79	250.00	66.014	0.015148	3227.2	3605.9	6.4897	1.9766	2.8416	699.52	0.27847	35.990	0.10791	supercritical
640.42	250.00	65.835	0.015189	3230.8	3610.6	6.4948	1.9760	2.8375	700.41	0.27717	36.053	0.10808	supercritical
642.04	250.00	65.658	0.015230	3234.4	3615.2	6.4998	1.9754	2.8334	701.31	0.27589	36.115	0.10825	supercritical
643.67	250.00	65.482	0.015271	3238.0	3619.8	6.5048	1.9749	2.8294	702.20	0.27461	36.178	0.10842	supercritical
645.30	250.00	65.307	0.015312	3241.6	3624.4	6.5099	1.9743	2.8255	703.08	0.27334	36.240	0.10859	supercritical
646.93	250.00	65.134	0.015353	3245.2	3629.0	6.5149	1.9738	2.8216	703.97	0.27208	36.303	0.10877	supercritical
648.56	250.00	64.961	0.015394	3248.7	3633.6	6.5198	1.9733	2.8178	704.85	0.27083	36.365	0.10894	supercritical
650.18	250.00	64.790	0.015434	3252.3	3638.2	6.5248	1.9728	2.8141	705.73	0.26958	36.428	0.10911	supercritical
651.81	250.00	64.620	0.015475	3255.9	3642.8	6.5298	1.9724	2.8104	706.60	0.26833	36.490	0.10929	supercritical
653.44	250.00	64.452	0.015515	3259.4	3647.3	6.5347	1.9720	2.8068	707.47	0.26710	36.552	0.10946	supercritical
655.07	250.00	64.285	0.015556	3263.0	3651.9	6.5396	1.9716	2.8033	708.34	0.26587	36.615	0.10964	supercritical
656.70	250.00	64.118	0.015596	3266.5	3656.5	6.5445	1.9712	2.7998	709.21	0.26465	36.677	0.10981	supercritical
658.32	250.00	63.953	0.015636	3270.1	3661.0	6.5494	1.9708	2.7964	710.07	0.26343	36.739	0.10999	supercritical
659.95	250.00	63.789	0.015677	3273.6	3665.6	6.5543	1.9704	2.7930	710.93	0.26223	36.801	0.11017	supercritical
661.58	250.00	63.627	0.015717	3277.2	3670.1	6.5592	1.9701	2.7897	711.79	0.26102	36.864	0.11034	supercritical
663.21	250.00	63.465	0.015757	3280.7	3674.6	6.5640	1.9698	2.7865	712.64	0.25983	36.926	0.11052	supercritical
664.84	250.00	63.305	0.015797	3284.3	3679.2	6.5689	1.9695	2.7833	713.49	0.25864	36.988	0.11070	supercritical
666.46	250.00	63.145	0.015837	3287.8	3683.7	6.5737	1.9692	2.7801	714.34	0.25746	37.050	0.11088	supercritical
668.09	250.00	62.987	0.015876	3291.3	3688.2	6.5785	1.9689	2.7770	715.19	0.25628	37.112	0.11106	supercritical
669.72	250.00	62.830	0.015916	3294.8	3692.7	6.5833	1.9686	2.7740	716.03	0.25511	37.174	0.11123	supercritical
671.35	250.00	62.673	0.015956	3298.4	3697.3	6.5881	1.9684	2.7710	716.87	0.25395	37.236	0.11141	supercritical
672.98	250.00	62.518	0.015995	3301.9	3701.8	6.5928	1.9682	2.7681	717.71	0.25279	37.298	0.11159	supercritical
674.61	250.00	62.364	0.016035	3305.4	3706.3	6.5976	1.9680	2.7652	718.54	0.25164	37.360	0.11177	supercritical
676.23	250.00	62.211	0.016074	3308.9	3710.8	6.6023	1.9678	2.7624	719.37	0.25050	37.421	0.11195	supercritical
677.86	250.00	62.059	0.016114	3312.4	3715.3	6.6071	1.9676	2.7596	720.20	0.24936	37.483	0.11214	supercritical
679.49	250.00	61.908	0.016153	3315.9	3719.8	6.6118	1.9675	2.7568	721.03	0.24823	37.545	0.11232	supercritical
681.12	250.00	61.758	0.016192	3319.4	3724.2	6.6165	1.9673	2.7541	721.86	0.24711	37.607	0.11250	supercritical
682.75	250.00	61.608	0.016232	3322.9	3728.7	6.6212	1.9672	2.7515	722.68	0.24599	37.669	0.11268	supercritical
684.37	250.00	61.460	0.016271	3326.4	3733.2	6.6259	1.9671	2.7489	723.50	0.24487	37.730	0.11286	supercritical
686.00	250.00	61.313	0.016310	3329.9	3737.7	6.6305	1.9670	2.7463	724.31	0.24377	37.792	0.11304	supercritical
687.63	250.00	61.167	0.016349	3333.4	3742.1	6.6352	1.9669	2.7438	725.13	0.24267	37.853	0.11323	supercritical
689.26	250.00	61.021	0.016388	3336.9	3746.6	6.6398	1.9668	2.7413	725.94	0.24157	37.915	0.11341	supercritical
690.89	250.00	60.877	0.016427	3340.4	3751.1	6.6445	1.9668	2.7389	726.75	0.24048	37.976	0.11359	supercritical
692.51	250.00	60.733	0.016465	3343.9	3755.5	6.6491	1.9667	2.7365	727.56	0.23940	38.038	0.11377	supercritical
694.14	250.00	60.591	0.016504	3347.4	3760.0	6.6537	1.9667	2.7342	728.36	0.23832	38.099	0.11396	supercritical
695.77	250.00	60.449	0.016543	3350.9	3764.4	6.6583	1.9667	2.7319	729.16	0.23725	38.161	0.11414	supercritical
697.40	250.00	60.308	0.016582	3354.3	3768.9	6.6629	1.9666	2.7296	729.96	0.23619	38.222	0.11432	supercritical
699.03	250.00	60.168	0.016620	3357.8	3773.3	6.6675	1.9667	2.7274	730.76	0.23513	38.283	0.11451	supercritical
700.65	250.00	60.029	0.016659	3361.3	3777.8	6.6720	1.9667	2.7252	731.56	0.23408	38.345	0.11469	supercritical
702.28	250.00	59.890	0.016697	3364.8	3782.2	6.6766	1.9667	2.7230	732.35	0.23303	38.406	0.11488	supercritical
703.91	250.00	59.753	0.016736	3368.2	3786.6	6.6811	1.9667	2.7209	733.14	0.23199	38.467	0.11506	supercritical
705.54	250.00	59.616	0.016774	3371.7	3791.1	6.6856	1.9668	2.7188	733.93	0.23095	38.528	0.11525	supercritical
707.17	250.00	59.480	0.016812	3375.2	3795.5	6.6902	1.9669	2.7168	734.72	0.22992	38.589	0.11543	supercritical
708.79	250.00	59.345	0.016851	3378.6	3799.9	6.6947	1.9669	2.7148	735.50	0.22889	38.651	0.11562	supercritical
710.42	250.00	59.211	0.016889	3382.1	3804.3	6.6992	1.9670	2.7128	736.29	0.22787	38.712	0.11580	supercritical
712.05	250.00	59.077	0.016927	3385.6	3808.7	6.7036	1.9671	2.7108	737.07	0.22686	38.773	0.11598	supercritical
713.68	250.00	58.944	0.016965	3389.0	3813.1	6.7081	1.9672	2.7089	737.84	0.22585	38.834	0.11617	supercritical
715.31	250.00	58.813	0.017003	3392.5	3817.6	6.7126	1.9674	2.7071	738.62	0.22485	38.894	0.11636	supercritical
716.94	250.00	58.681	0.017041	3395.9	3822.0	6.7170	1.9675	2.7052	739.39	0.22385	38.955	0.11654	supercritical
718.56	250.00	58.551	0.017079	3399.4	3826.4	6.7215	1.9676	2.7034	740.17	0.22286	39.016	0.11673	supercritical
720.19	250.00	58.421	0.017117	3402.8	3830.8	6.7259	1.9678	2.7016	740.94	0.22187	39.077	0.11691	supercritical
721.82	250.00	58.292	0.017155	3406.3	3835.2	6.7303	1.9679	2.6999	741.70	0.22089	39.138	0.11710	supercritical
723.45	250.00	58.164	0.017193	3409.7	3839.6	6.7347	1.9681	2.6982	742.47	0.21991	39.199	0.11728	supercritical
725.08	250.00	58.037	0.017230	3413.2	3843.9	6.7391	1.9683	2.6965	743.23	0.21894	39.259	0.11747	supercritical
726.70	250.00	57.910	0.017268	3416.6	3848.3	6.7435	1.9685	2.6948	744.00	0.21798	39.320	0.11765	supercritical
728.33	250.00	57.784	0.017306	3420.1	3852.7	6.7479	1.9687	2.6932	744.76	0.21702	39.381	0.11784	supercritical
729.96	250.00	57.659	0.017343	3423.5	3857.1	6.7523	1.9689	2.6916	745.51	0.21606	39.441	0.11803	supercritical
731.59	250.00	57.534	0.017381	3427.0	3861.5	6.7567	1.9691	2.6900	746.27	0.21511	39.502	0.11821	supercritical
733.22	250.00	57.410	0.017419	3430.4	3865.9	6.7610	1.9694	2.6885	747.02	0.21417	39.562	0.11840	supercritical
734.84	250.00	57.287	0.017456	3433.8	3870.2	6.7654	1.9696	2.6870	747.78	0.21323	39.623	0.11858	supercritical
736.47	250.00	57.164	0.017493	3437.3	3874.6	6.7697	1.9698	2.6855	748.53	0.21229	39.683	0.11877	supercritical
738.10	250.00	57.042	0.017531	3440.7	3879.0	6.7740	1.9701	2.6840	749.28	0.21136	39.743	0.11896	supercritical
739.73	250.00	56.921	0.017568	3444.1	3883.4	6.7783	1.9704	2.6826	750.02	0.21044	39.804	0.11914	supercritical
741.36	250.00	56.801	0.017605	3447.6	3887.7	6.7826	1.9706	2.6812	750.77	0.20952	39.864	0.11933	supercritical
742.98	250.00	56.681	0.017643	3451.0	3892.1	6.7869	1.9709	2.6798	751.51	0.20860	39.924	0.11952	supercritical
744.61	250.00	56.561	0.017680	3454.4	3896.4	6.7912	1.9712	2.6784	752.25	0.20769	39.984	0.11970	supercritical
746.24	250.00	56.443	0.017717	3457.9	3900.8	6.7955	1.9715	2.6771	752.99	0.20679	40.045	0.11989	supercritical
747.87	250.00	56.325	0.017754	3461.3	3905.2	6.7998	1.9718	2.6758	753.73	0.20589	40.105	0.12007	supercritical
749.50	250.00	56.207	0.017791	3464.7	3909.5	6.8040	1.9721	2.6745	754.47	0.20499	40.165	0.12026	supercritical
751.13	250.00	56.091	0.017828	3468.2	3913.9	6.8083	1.9725	2.6732	755.20	0.20410	40.225	0.12045	supercritical
752.75	250.00	55.975	0.017865	3471.6	3918.2	6.8125	1.9728	2.6720	755.93	0.20321	40.285	0.12063	supercritical
754.38	250.00	55.859	0.017902	3475.0	3922.6	6.8168	1.9731	2.6708	756.66	0.20233	40.345	0.12082	supercritical
756.01	250.00	55.744	0.017939	3478.4	3926.9	6.8210	1.9735	2.6696	757.39	0.20146	40.405	0.12101	supercritical
757.64	250.00	55.630	0.017976	3481.9	3931.3	6.8252	1.9738	2.6684	758.12	0.20058	40.465	0.12119	supercritical
759.27	250.00	55.516	0.018013	3485.3	3935.6	6.8294	1.9742	2.6673	758.85	0.19972	40.525	0.12138	supercritical
760.89	250.00	55.403	0.018050	3488.7	3939.9	6.8336	1.9746	2.6662	759.57	0.19885	40.584	0.12157	supercritical
762.52	250.00	55.290	0.018086	3492.1	3944.3	6.8378	1.9749	2.6651	760.29	0.19800	40.644	0.12175	supercritical
764.15	250.00	55.178	0.018123	3495.6	3948.6	6.8420	1.9753	2.6640	761.01	0.19714	40.704	0.12194	supercritical
765.78	250.00	55.067	0.018160	3499.0	3953.0	6.8462	1.9757	2.6629	761.73	0.19629	40.764	0.12212	supercritical
767.41	250.00	54.956	0.018196	3502.4	3957.3	6.8504	1.9761	2.6619	762.45	0.19545	40.823	0.12231	supercritical
769.03	250.00	54.846	0.018233	3505.8	3961.6	6.8545	1.9765	2.6609	763.17	0.19461	40.883	0.12250	supercritical
770.66	250.00	54.736	0.018269	3509.2	3966.0	6.8587	1.9769	2.6599	763.88	0.19377	40.942	0.12268	supercritical
772.29	250.00	54.627	0.018306	3512.6	3970.3	6.8628	1.9773	2.6589	764.59	0.19294	41.002	0.12287	supercritical
773.92	250.00	54.518	0.018342	3516.1	3974.6	6.8670	1.9777	2.6579	765.30	0.19211	41.062	0.12306	supercritical
775.55	250.00	54.410	0.018379	3519.5	3978.9	6.8711	1.9782	2.6570	766.01	0.19129	41.121	0.12324	supercritical
777.17	250.00	54.303	0.018415	3522.9	3983.3	6.8752	1.9786	2.6561	766.72	0.19047	41.180	0.12343	supercritical
778.80	250.00	54.196	0.018452	3526.3	3987.6	6.8793	1.9790	2.6552	767.43	0.18966	41.240	0.12362	supercritical
780.43	250.00	54.089	0.018488	3529.7	3991.9	6.8834	1.9795	2.6543	768.13	0.18885	41.299	0.12380	supercritical
782.06	250.00	53.983	0.018524	3533.1	3996.2	6.8875	1.9799	2.6534	768.84	0.18804	41.358	0.12399	supercritical
783.69	250.00	53.878	0.018561	3536.5	4000.6	6.8916	1.9804	2.6526	769.54	0.18724	41.418	0.12417	supercritical
785.31	250.00	53.773	0.018597	3540.0	4004.9	6.8957	1.9809	2.6518	770.24	0.18644	41.477	0.12436	supercritical
786.94	250.00	53.668	0.018633	3543.4	4009.2	6.8998	1.9813	2.6510	770.94	0.18565	41.536	0.12455	supercritical
788.57	250.00	53.564	0.018669	3546.8	4013.5	6.9038	1.9818	2.6502	771.64	0.18486	41.595	0.12473	supercritical
790.20	250.00	53.461	0.018705	3550.2	4017.8	6.9079	1.9823	2.6494	772.33	0.18408	41.654	0.12492	supercritical
791.83	250.00	53.358	0.018741	3553.6	4022.1	6.9120	1.9828	2.6486	773.03	0.18329	41.713	0.12510	supercritical
793.46	250.00	53.255	0.018777	3557.0	4026.4	6.9160	1.9833	2.6479	773.72	0.18252	41.772	0.12529	supercritical
795.08	250.00	53.153	0.018813	3560.4	4030.8	6.9200	1.9838	2.6472	774.41	0.18174	41.831	0.12548	supercritical
796.71	250.00	53.052	0.018849	3563.8	4035.1	6.9241	1.9843	2.6465	775.10	0.18098	41.890	0.12566	supercritical
798.34	250.00	52.951	0.018885	3567.2	4039.4	6.9281	1.9848	2.6458	775.79	0.18021	41.949	0.12585	supercritical
799.97	250.00	52.850	0.018921	3570.6	4043.7	6.9321	1.9853	2.6451	776.48	0.17945	42.008	0.12603	supercritical
801.60	250.00	52.750	0.018957	3574.1	4048.0	6.9361	1.9858	2.6444	777.17	0.17869	42.067	0.12622	supercritical
803.22	250.00	52.651	0.018993	3577.5	4052.3	6.9401	1.9863	2.6438	777.85	0.17794	42.126	0.12640	supercritical
804.85	250.00	52.552	0.019029	3580.9	4056.6	6.9441	1.9869	2.6432	778.53	0.17719	42.184	0.12659	supercritical
806.48	250.00	52.453	0.019065	3584.3	4060.9	6.9481	1.9874	2.6426	779.22	0.17644	42.243	0.12677	supercritical
808.11	250.00	52.355	0.019100	3587.7	4065.2	6.9521	1.9879	2.6420	779.90	0.17570	42.302	0.12696	supercritical
809.74	250.00	52.257	0.019136	3591.1	4069.5	6.9561	1.9885	2.6414	780.58	0.17496	42.360	0.12714	supercritical
811.36	250.00	52.160	0.019172	3594.5	4073.8	6.9600	1.9890	2.6408	781.26	0.17423	42.419	0.12733	supercritical
812.99	250.00	52.063	0.019208	3597.9	4078.1	6.9640	1.9896	2.6403	781.93	0.17350	42.478	0.12752	supercritical
814.62	250.00	51.966	0.019243	3601.3	4082.4	6.9679	1.9901	2.6397	782.61	0.17277	42.536	0.12770	supercritical
816.25	250.00	51.870	0.019279	3604.7	4086.7	6.9719	1.9907	2.6392	783.28	0.17205	42.594	0.12789	supercritical
817.88	250.00	51.775	0.019314	3608.1	4091.0	6.9758	1.9913	2.6387	783.96	0.17133	42.653	0.12807	supercritical
819.50	250.00	51.680	0.019350	3611.5	4095.3	6.9798	1.9918	2.6382	784.63	0.17062	42.711	0.12826	supercritical
821.13	250.00	51.585	0.019385	3614.9	4099.6	6.9837	1.9924	2.6377	785.30	0.16990	42.770	0.12844	supercritical
822.76	250.00	51.491	0.019421	3618.4	4103.9	6.9876	1.9930	2.6372	785.97	0.16920	42.828	0.12863	supercritical
824.39	250.00	51.397	0.019456	3621.8	4108.2	6.9915	1.9936	2.6368	786.64	0.16849	42.886	0.12881	supercritical
826.02	250.00	51.303	0.019492	3625.2	4112.5	6.9954	1.9942	2.6363	787.30	0.16779	42.944	0.12899	supercritical
827.65	250.00	51.210	0.019527	3628.6	4116.8	6.9993	1.9948	2.6359	787.97	0.16709	43.003	0.12918	supercritical
829.27	250.00	51.118	0.019563	3632.0	4121.0	7.0032	1.9954	2.6355	788.63	0.16640	43.061	0.12936	supercritical
830.90	250.00	51.026	0.019598	3635.4	4125.3	7.0071	1.9960	2.6350	789.29	0.16571	43.119	0.12955	supercritical
832.53	250.00	50.934	0.019633	3638.8	4129.6	7.0110	1.9966	2.6347	789.96	0.16502	43.177	0.12973	supercritical
834.16	250.00	50.842	0.019669	3642.2	4133.9	7.0149	1.9972	2.6343	790.62	0.16434	43.235	0.12992	supercritical
835.79	250.00	50.751	0.019704	3645.6	4138.2	7.0188	1.9978	2.6339	791.28	0.16366	43.293	0.13010	supercritical
837.41	250.00	50.661	0.019739	3649.0	4142.5	7.0226	1.9984	2.6335	791.93	0.16298	43.351	0.13029	supercritical
839.04	250.00	50.570	0.019774	3652.4	4146.8	7.0265	1.9990	2.6332	792.59	0.16231	43.409	0.13047	supercritical
840.67	250.00	50.481	0.019810	3655.8	4151.1	7.0303	1.9996	2.6329	793.25	0.16164	43.467	0.13065	supercritical
842.30	250.00	50.391	0.019845	3659.2	4155.4	7.0342	2.0003	2.6325	793.90	0.16097	43.525	0.13084	supercritical
843.93	250.00	50.302	0.019880	3662.6	4159.6	7.0380	2.0009	2.6322	794.56	0.16031	43.582	0.13102	supercritical
845.55	250.00	50.213	0.019915	3666.0	4163.9	7.0418	2.0015	2.6319	795.21	0.15965	43.640	0.13121	supercritical
847.18	250.00	50.125	0.019950	3669.5	4168.2	7.0457	2.0022	2.6316	795.86	0.15899	43.698	0.13139	supercritical
848.81	250.00	50.037	0.019985	3672.9	4172.5	7.0495	2.0028	2.6313	796.51	0.15833	43.756	0.13157	supercritical
850.44	250.00	49.950	0.020020	3676.3	4176.8	7.0533	2.0034	2.6311	797.16	0.15768	43.813	0.13176	supercritical
852.07	250.00	49.862	0.020055	3679.7	4181.1	7.0571	2.0041	2.6308	797.81	0.15704	43.871	0.13194	supercritical
853.69	250.00	49.776	0.020090	3683.1	4185.3	7.0609	2.0047	2.6306	798.45	0.15639	43.928	0.13212	supercritical
855.32	250.00	49.689	0.020125	3686.5	4189.6	7.0647	2.0054	2.6303	799.10	0.15575	43.986	0.13231	supercritical
856.95	250.00	49.603	0.020160	3689.9	4193.9	7.0685	2.0060	2.6301	799.74	0.15511	44.043	0.13249	supercritical
858.58	250.00	49.517	0.020195	3693.3	4198.2	7.0723	2.0067	2.6299	800.39	0.15448	44.101	0.13267	supercritical
860.21	250.00	49.432	0.020230	3696.7	4202.5	7.0761	2.0074	2.6297	801.03	0.15385	44.158	0.13286	supercritical
861.83	250.00	49.347	0.020265	3700.1	4206.7	7.0799	2.0080	2.6295	801.67	0.15322	44.216	0.13304	supercritical
863.46	250.00	49.262	0.020300	3703.5	4211.0	7.0836	2.0087	2.6293	802.31	0.15260	44.273	0.13322	supercritical
865.09	250.00	49.178	0.020334	3707.0	4215.3	7.0874	2.0094	2.6291	802.95	0.15197	44.330	0.13341	supercritical
866.72	250.00	49.094	0.020369	3710.4	4219.6	7.0911	2.0100	2.6289	803.59	0.15135	44.388	0.13359	supercritical
868.35	250.00	49.010	0.020404	3713.8	4223.9	7.0949	2.0107	2.6288	804.22	0.15074	44.445	0.13377	supercritical
869.98	250.00	48.927	0.020439	3717.2	4228.2	7.0986	2.0114	2.6286	804.86	0.15013	44.502	0.13396	supercritical
871.60	250.00	48.844	0.020473	3720.6	4232.4	7.1024	2.0121	2.6285	805.49	0.14952	44.559	0.13414	supercritical
873.23	250.00	48.761	0.020508	3724.0	4236.7	7.1061	2.0128	2.6284	806.13	0.14891	44.616	0.13432	supercritical
874.86	250.00	48.679	0.020543	3727.4	4241.0	7.1098	2.0135	2.6282	806.76	0.14831	44.673	0.13450	supercritical
876.49	250.00	48.597	0.020577	3730.8	4245.3	7.1136	2.0141	2.6281	807.39	0.14770	44.730	0.13469	supercritical
878.12	250.00	48.515	0.020612	3734.2	4249.5	7.1173	2.0148	2.6280	808.02	0.14711	44.787	0.13487	supercritical
879.74	250.00	48.434	0.020647	3737.7	4253.8	7.1210	2.0155	2.6279	808.65	0.14651	44.844	0.13505	supercritical
881.37	250.00	48.353	0.020681	3741.1	4258.1	7.1247	2.0162	2.6278	809.28	0.14592	44.901	0.13523	supercritical
883.00	250.00	48.272	0.020716	3744.5	4262.4	7.1284	2.0169	2.6278	809.91	0.14533	44.958	0.13541	supercritical
884.63	250.00	48.192	0.020750	3747.9	4266.7	7.1321	2.0176	2.6277	810.54	0.14474	45.015	0.13560	supercritical
886.26	250.00	48.112	0.020785	3751.3	4270.9	7.1358	2.0183	2.6276	811.16	0.14416	45.072	0.13578	supercritical
887.88	250.00	48.032	0.020819	3754.7	4275.2	7.1395	2.0191	2.6276	811.79	0.14358	45.129	0.13596	supercritical
889.51	250.00	47.953	0.020854	3758.1	4279.5	7.1432	2.0198	2.6275	812.41	0.14300	45.185	0.13614	supercritical
891.14	250.00	47.874	0.020888	3761.6	4283.8	7.1469	2.0205	2.6275	813.03	0.14242	45.242	0.13632	supercritical
892.77	250.00	47.795	0.020923	3765.0	4288.0	7.1505	2.0212	2.6275	813.66	0.14185	45.299	0.13651	supercritical
894.40	250.00	47.717	0.020957	3768.4	4292.3	7.1542	2.0219	2.6274	814.28	0.14128	45.355	0.13669	supercritical
896.02	250.00	47.638	0.020991	3771.8	4296.6	7.1579	2.0226	2.6274	814.90	0.14071	45.412	0.13687	supercritical
897.65	250.00	47.561	0.021026	3775.2	4300.9	7.1615	2.0233	2.6274	815.51	0.14015	45.469	0.13705	supercritical
899.28	250.00	47.483	0.021060	3778.7	4305.2	7.1652	2.0241	2.6274	816.13	0.13959	45.525	0.13723	supercritical
900.91	250.00	47.406	0.021095	3782.1	4309.4	7.1688	2.0248	2.6274	816.75	0.13903	45.582	0.13741	supercritical
902.54	250.00	47.329	0.021129	3785.5	4313.7	7.1724	2.0255	2.6275	817.37	0.13847	45.638	0.13759	supercritical
904.16	250.00	47.252	0.021163	3788.9	4318.0	7.1761	2.0263	2.6275	817.98	0.13792	45.694	0.13777	supercritical
905.79	250.00	47.176	0.021197	3792.3	4322.3	7.1797	2.0270	2.6275	818.60	0.13737	45.751	0.13796	supercritical
907.42	250.00	47.100	0.021232	3795.8	4326.5	7.1833	2.0277	2.6275	819.21	0.13682	45.807	0.13814	supercritical
909.05	250.00	47.024	0.021266	3799.2	4330.8	7.1870	2.0285	2.6276	819.82	0.13627	45.863	0.13832	supercritical
910.68	250.00	46.948	0.021300	3802.6	4335.1	7.1906	2.0292	2.6276	820.43	0.13573	45.920	0.13850	supercritical
912.31	250.00	46.873	0.021334	3806.0	4339.4	7.1942	2.0299	2.6277	821.04	0.13519	45.976	0.13868	supercritical
913.93	250.00	46.798	0.021368	3809.5	4343.7	7.1978	2.0307	2.6278	821.65	0.13465	46.032	0.13886	supercritical
915.56	250.00	46.723	0.021403	3812.9	4347.9	7.2014	2.0314	2.6278	822.26	0.13412	46.088	0.13904	supercritical
917.19	250.00	46.649	0.021437	3816.3	4352.2	7.2050	2.0322	2.6279	822.87	0.13358	46.144	0.13922	supercritical
918.82	250.00	46.575	0.021471	3819.7	4356.5	7.2086	2.0329	2.6280	823.48	0.13305	46.200	0.13940	supercritical
920.45	250.00	46.501	0.021505	3823.2	4360.8	7.2122	2.0337	2.6281	824.08	0.13252	46.257	0.13958	supercritical
922.07	250.00	46.427	0.021539	3826.6	4365.1	7.2158	2.0344	2.6282	824.69	0.13200	46.313	0.13976	supercritical
923.70	250.00	46.354	0.021573	3830.0	4369.3	7.2193	2.0352	2.6283	825.29	0.13148	46.369	0.13994	supercritical
925.33	250.00	46.281	0.021607	3833.4	4373.6	7.2229	2.0359	2.6284	825.90	0.13095	46.424	0.14012	supercritical
926.96	250.00	46.208	0.021641	3836.9	4377.9	7.2265	2.0367	2.6285	826.50	0.13044	46.480	0.14030	supercritical
928.59	250.00	46.136	0.021675	3840.3	4382.2	7.2300	2.0374	2.6287	827.10	0.12992	46.536	0.14048	supercritical
930.21	250.00	46.064	0.021709	3843.7	4386.5	7.2336	2.0382	2.6288	827.70	0.12941	46.592	0.14066	supercritical
931.84	250.00	45.992	0.021743	3847.2	4390.7	7.2371	2.0390	2.6289	828.30	0.12890	46.648	0.14084	supercritical
933.47	250.00	45.920	0.021777	3850.6	4395.0	7.2407	2.0397	2.6291	828.90	0.12839	46.704	0.14102	supercritical
935.10	250.00	45.849	0.021811	3854.0	4399.3	7.2442	2.0405	2.6292	829.50	0.12788	46.759	0.14120	supercritical
936.73	250.00	45.777	0.021845	3857.5	4403.6	7.2478	2.0412	2.6294	830.10	0.12738	46.815	0.14138	supercritical
938.35	250.00	45.707	0.021879	3860.9	4407.9	7.2513	2.0420	2.6295	830.69	0.12688	46.871	0.14156	supercritical
939.98	250.00	45.636	0.021913	3864.3	4412.1	7.2549	2.0428	2.6297	831.29	0.12638	46.926	0.14174	supercritical
941.61	250.00	45.565	0.021946	3867.8	4416.4	7.2584	2.0436	2.6299	831.88	0.12588	46.982	0.14192	supercritical
943.24	250.00	45.495	0.021980	3871.2	4420.7	7.2619	2.0443	2.6300	832.48	0.12538	47.037	0.14210	supercritical
944.87	250.00	45.425	0.022014	3874.6	4425.0	7.2654	2.0451	2.6302	833.07	0.12489	47.093	0.14228	supercritical
946.50	250.00	45.356	0.022048	3878.1	4429.3	7.2689	2.0459	2.6304	833.66	0.12440	47.148	0.14246	supercritical
948.12	250.00	45.286	0.022082	3881.5	4433.5	7.2724	2.0466	2.6306	834.26	0.12391	47.204	0.14264	supercritical
949.75	250.00	45.217	0.022115	3884.9	4437.8	7.2759	2.0474	2.6308	834.85	0.12343	47.259	0.14281	supercritical
951.38	250.00	45.148	0.022149	3888.4	4442.1	7.2794	2.0482	2.6310	835.44	0.12295	47.315	0.14299	supercritical
953.01	250.00	45.080	0.022183	3891.8	4446.4	7.2829	2.0490	2.6312	836.03	0.12246	47.370	0.14317	supercritical
954.64	250.00	45.011	0.022217	3895.3	4450.7	7.2864	2.0498	2.6314	836.62	0.12199	47.425	0.14335	supercritical
956.26	250.00	44.943	0.022250	3898.7	4455.0	7.2899	2.0505	2.6316	837.20	0.12151	47.480	0.14353	supercritical
957.89	250.00	44.875	0.022284	3902.1	4459.2	7.2934	2.0513	2.6318	837.79	0.12103	47.536	0.14371	supercritical
959.52	250.00	44.807	0.022318	3905.6	4463.5	7.2969	2.0521	2.6321	838.38	0.12056	47.591	0.14389	supercritical
961.15	250.00	44.740	0.022351	3909.0	4467.8	7.3004	2.0529	2.6323	838.96	0.12009	47.646	0.14407	supercritical
962.78	250.00	44.673	0.022385	3912.5	4472.1	7.3038	2.0537	2.6325	839.55	0.11962	47.701	0.14424	supercritical
964.40	250.00	44.606	0.022419	3915.9	4476.4	7.3073	2.0545	2.6328	840.13	0.11916	47.756	0.14442	supercritical
966.03	250.00	44.539	0.022452	3919.4	4480.7	7.3108	2.0552	2.6330	840.72	0.11869	47.811	0.14460	supercritical
967.66	250.00	44.472	0.022486	3922.8	4485.0	7.3142	2.0560	2.6333	841.30	0.11823	47.866	0.14478	supercritical
969.29	250.00	44.406	0.022520	3926.3	4489.3	7.3177	2.0568	2.6335	841.88	0.11777	47.921	0.14496	supercritical
970.92	250.00	44.340	0.022553	3929.7	4493.5	7.3211	2.0576	2.6338	842.46	0.11731	47.976	0.14514	supercritical
972.54	250.00	44.274	0.022587	3933.2	4497.8	7.3246	2.0584	2.6341	843.04	0.11686	48.031	0.14531	supercritical
974.17	250.00	44.208	0.022620	3936.6	4502.1	7.3280	2.0592	2.6343	843.62	0.11641	48.086	0.14549	supercritical
975.80	250.00	44.143	0.022654	3940.1	4506.4	7.3314	2.0600	2.6346	844.20	0.11595	48.141	0.14567	supercritical
977.43	250.00	44.078	0.022687	3943.5	4510.7	7.3349	2.0608	2.6349	844.78	0.11550	48.196	0.14585	supercritical
979.06	250.00	44.013	0.022721	3947.0	4515.0	7.3383	2.0616	2.6352	845.35	0.11506	48.251	0.14602	supercritical
980.68	250.00	43.948	0.022754	3950.4	4519.3	7.3417	2.0624	2.6355	845.93	0.11461	48.305	0.14620	supercritical
982.31	250.00	43.883	0.022788	3953.9	4523.6	7.3451	2.0632	2.6357	846.51	0.11417	48.360	0.14638	supercritical
983.94	250.00	43.819	0.022821	3957.3	4527.9	7.3486	2.0640	2.6360	847.08	0.11373	48.415	0.14656	supercritical
985.57	250.00	43.755	0.022854	3960.8	4532.1	7.3520	2.0648	2.6363	847.66	0.11329	48.469	0.14673	supercritical
987.20	250.00	43.691	0.022888	3964.2	4536.4	7.3554	2.0656	2.6366	848.23	0.11285	48.524	0.14691	supercritical
988.83	250.00	43.628	0.022921	3967.7	4540.7	7.3588	2.0664	2.6369	848.80	0.11241	48.578	0.14709	supercritical
990.45	250.00	43.564	0.022955	3971.2	4545.0	7.3622	2.0672	2.6373	849.38	0.11198	48.633	0.14727	supercritical
992.08	250.00	43.501	0.022988	3974.6	4549.3	7.3656	2.0680	2.6376	849.95	0.11155	48.688	0.14744	supercritical
993.71	250.00	43.438	0.023021	3978.1	4553.6	7.3690	2.0688	2.6379	850.52	0.11112	48.742	0.14762	supercritical
995.34	250.00	43.375	0.023055	3981.5	4557.9	7.3724	2.0696	2.6382	851.09	0.11069	48.796	0.14780	supercritical
996.97	250.00	43.312	0.023088	3985.0	4562.2	7.3757	2.0704	2.6385	851.66	0.11027	48.851	0.14797	supercritical
998.59	250.00	43.250	0.023121	3988.5	4566.5	7.3791	2.0712	2.6389	852.23	0.10984	48.905	0.14815	supercritical
1000.2	250.00	43.188	0.023155	3991.9	4570.8	7.3825	2.0720	2.6392	852.79	0.10942	48.960	0.14833	supercritical
1001.8	250.00	43.126	0.023188	3995.4	4575.1	7.3859	2.0728	2.6395	853.36	0.10900	49.014	0.14851	supercritical
