Temperature (C)	Pressure (bar)	Density (kg/m3)	Volume (m3/kg)	Internal Energy (kJ/kg)	Enthalpy (kJ/kg)	Entropy (J/g*K)	Cv (J/g*K)	Cp (J/g*K)	Sound Spd. (m/s)	Joule-Thomson (K/bar)	Viscosity (uPa*s)	Therm. Cond. (W/m*K)	Phase
25.000	250.00	1008.0	0.00099207	102.95	127.75	0.36047	4.0592	4.1154	1538.3	-0.022065	885.80	0.61853	liquid
26.042	250.00	1007.7	0.00099237	107.23	132.04	0.37483	4.0560	4.1158	1541.1	-0.022002	865.81	0.62028	liquid
27.083	250.00	1007.4	0.00099267	111.51	136.32	0.38913	4.0526	4.1163	1543.9	-0.021939	846.55	0.62202	liquid
28.125	250.00	1007.1	0.00099299	115.79	140.61	0.40339	4.0493	4.1168	1546.6	-0.021878	827.97	0.62374	liquid
29.167	250.00	1006.7	0.00099331	120.07	144.90	0.41760	4.0458	4.1173	1549.2	-0.021816	810.04	0.62544	liquid
30.208	250.00	1006.4	0.00099364	124.35	149.19	0.43176	4.0423	4.1178	1551.7	-0.021756	792.74	0.62713	liquid
31.250	250.00	1006.1	0.00099398	128.63	153.48	0.44588	4.0387	4.1183	1554.1	-0.021696	776.03	0.62879	liquid
32.292	250.00	1005.7	0.00099433	132.91	157.77	0.45995	4.0351	4.1188	1556.5	-0.021636	759.88	0.63044	liquid
33.333	250.00	1005.3	0.00099469	137.19	162.06	0.47397	4.0314	4.1193	1558.8	-0.021577	744.27	0.63207	liquid
34.375	250.00	1005.0	0.00099505	141.48	166.35	0.48795	4.0277	4.1198	1561.0	-0.021519	729.18	0.63368	liquid
35.417	250.00	1004.6	0.00099542	145.76	170.64	0.50188	4.0239	4.1203	1563.2	-0.021461	714.58	0.63526	liquid
36.458	250.00	1004.2	0.00099580	150.04	174.94	0.51577	4.0200	4.1209	1565.3	-0.021403	700.45	0.63683	liquid
37.500	250.00	1003.8	0.00099619	154.32	179.23	0.52961	4.0161	4.1214	1567.3	-0.021346	686.77	0.63837	liquid
38.542	250.00	1003.4	0.00099658	158.61	183.52	0.54341	4.0122	4.1219	1569.2	-0.021289	673.51	0.63990	liquid
39.583	250.00	1003.0	0.00099699	162.89	187.82	0.55716	4.0082	4.1225	1571.1	-0.021233	660.68	0.64140	liquid
40.625	250.00	1002.6	0.00099739	167.18	192.11	0.57087	4.0041	4.1230	1573.0	-0.021177	648.23	0.64288	liquid
41.667	250.00	1002.2	0.00099781	171.46	196.41	0.58454	4.0000	4.1235	1574.7	-0.021122	636.17	0.64433	liquid
42.708	250.00	1001.8	0.00099823	175.75	200.70	0.59816	3.9959	4.1241	1576.4	-0.021067	624.47	0.64577	liquid
43.750	250.00	1001.3	0.00099866	180.03	205.00	0.61174	3.9917	4.1246	1578.0	-0.021012	613.12	0.64718	liquid
44.792	250.00	1000.9	0.00099910	184.32	209.29	0.62528	3.9875	4.1252	1579.6	-0.020957	602.10	0.64857	liquid
45.833	250.00	1000.5	0.00099955	188.60	213.59	0.63877	3.9833	4.1257	1581.1	-0.020903	591.40	0.64994	liquid
46.875	250.00	1000.0	0.0010000	192.89	217.89	0.65222	3.9790	4.1263	1582.6	-0.020849	581.01	0.65128	liquid
47.917	250.00	999.55	0.0010005	197.18	222.19	0.66563	3.9746	4.1268	1584.0	-0.020796	570.92	0.65260	liquid
48.958	250.00	999.08	0.0010009	201.46	226.49	0.67900	3.9702	4.1274	1585.3	-0.020742	561.11	0.65390	liquid
50.000	250.00	998.61	0.0010014	205.75	230.79	0.69233	3.9658	4.1279	1586.6	-0.020689	551.58	0.65517	liquid
51.042	250.00	998.13	0.0010019	210.04	235.09	0.70561	3.9614	4.1285	1587.8	-0.020636	542.32	0.65642	liquid
52.083	250.00	997.65	0.0010024	214.33	239.39	0.71886	3.9569	4.1290	1589.0	-0.020583	533.30	0.65765	liquid
53.125	250.00	997.16	0.0010028	218.62	243.69	0.73206	3.9524	4.1296	1590.1	-0.020531	524.54	0.65886	liquid
54.167	250.00	996.67	0.0010033	222.91	247.99	0.74523	3.9478	4.1302	1591.2	-0.020478	516.00	0.66004	liquid
55.208	250.00	996.17	0.0010038	227.20	252.29	0.75835	3.9433	4.1307	1592.2	-0.020426	507.70	0.66120	liquid
56.250	250.00	995.66	0.0010044	231.49	256.60	0.77143	3.9387	4.1313	1593.2	-0.020374	499.62	0.66234	liquid
57.292	250.00	995.15	0.0010049	235.78	260.90	0.78448	3.9340	4.1319	1594.1	-0.020322	491.75	0.66346	liquid
58.333	250.00	994.63	0.0010054	240.07	265.20	0.79748	3.9294	4.1325	1595.0	-0.020271	484.08	0.66455	liquid
59.375	250.00	994.10	0.0010059	244.36	269.51	0.81045	3.9247	4.1330	1595.8	-0.020219	476.61	0.66563	liquid
60.417	250.00	993.57	0.0010065	248.65	273.82	0.82338	3.9200	4.1336	1596.5	-0.020168	469.33	0.66668	liquid
61.458	250.00	993.04	0.0010070	252.95	278.12	0.83627	3.9152	4.1342	1597.3	-0.020116	462.23	0.66771	liquid
62.500	250.00	992.50	0.0010076	257.24	282.43	0.84912	3.9105	4.1348	1597.9	-0.020065	455.32	0.66871	liquid
63.542	250.00	991.95	0.0010081	261.53	286.74	0.86193	3.9057	4.1354	1598.5	-0.020014	448.57	0.66970	liquid
64.583	250.00	991.40	0.0010087	265.83	291.04	0.87471	3.9009	4.1360	1599.1	-0.019962	441.99	0.67066	liquid
65.625	250.00	990.84	0.0010092	270.12	295.35	0.88745	3.8961	4.1366	1599.6	-0.019911	435.57	0.67161	liquid
66.667	250.00	990.28	0.0010098	274.42	299.66	0.90015	3.8912	4.1372	1600.1	-0.019860	429.31	0.67253	liquid
67.708	250.00	989.71	0.0010104	278.71	303.97	0.91281	3.8864	4.1379	1600.6	-0.019809	423.20	0.67344	liquid
68.750	250.00	989.13	0.0010110	283.01	308.28	0.92544	3.8815	4.1385	1601.0	-0.019758	417.24	0.67432	liquid
69.792	250.00	988.56	0.0010116	287.30	312.59	0.93803	3.8766	4.1391	1601.3	-0.019707	411.41	0.67518	liquid
70.833	250.00	987.97	0.0010122	291.60	316.91	0.95058	3.8717	4.1398	1601.6	-0.019656	405.72	0.67603	liquid
71.875	250.00	987.38	0.0010128	295.90	321.22	0.96310	3.8668	4.1404	1601.9	-0.019605	400.17	0.67685	liquid
72.917	250.00	986.79	0.0010134	300.20	325.53	0.97558	3.8618	4.1411	1602.1	-0.019554	394.74	0.67765	liquid
73.958	250.00	986.19	0.0010140	304.50	329.85	0.98803	3.8569	4.1418	1602.3	-0.019503	389.44	0.67844	liquid
75.000	250.00	985.59	0.0010146	308.79	334.16	1.0004	3.8519	4.1425	1602.4	-0.019452	384.26	0.67921	liquid
76.042	250.00	984.98	0.0010153	313.09	338.48	1.0128	3.8470	4.1431	1602.6	-0.019401	379.20	0.67996	liquid
77.083	250.00	984.36	0.0010159	317.39	342.79	1.0252	3.8420	4.1438	1602.6	-0.019350	374.25	0.68069	liquid
78.125	250.00	983.74	0.0010165	321.70	347.11	1.0375	3.8370	4.1445	1602.6	-0.019299	369.41	0.68140	liquid
79.167	250.00	983.12	0.0010172	326.00	351.43	1.0497	3.8320	4.1453	1602.6	-0.019248	364.67	0.68209	liquid
80.208	250.00	982.49	0.0010178	330.30	355.74	1.0620	3.8270	4.1460	1602.6	-0.019196	360.04	0.68277	liquid
81.250	250.00	981.85	0.0010185	334.60	360.06	1.0742	3.8220	4.1467	1602.5	-0.019145	355.52	0.68343	liquid
82.292	250.00	981.22	0.0010191	338.90	364.38	1.0864	3.8169	4.1475	1602.4	-0.019094	351.09	0.68408	liquid
83.333	250.00	980.57	0.0010198	343.21	368.70	1.0985	3.8119	4.1482	1602.2	-0.019042	346.75	0.68470	liquid
84.375	250.00	979.92	0.0010205	347.51	373.03	1.1106	3.8069	4.1490	1602.0	-0.018990	342.51	0.68531	liquid
85.417	250.00	979.27	0.0010212	351.82	377.35	1.1227	3.8019	4.1498	1601.8	-0.018938	338.36	0.68591	liquid
86.458	250.00	978.61	0.0010219	356.12	381.67	1.1347	3.7968	4.1506	1601.5	-0.018887	334.29	0.68648	liquid
87.500	250.00	977.95	0.0010225	360.43	385.99	1.1467	3.7918	4.1514	1601.2	-0.018834	330.31	0.68705	liquid
88.542	250.00	977.28	0.0010232	364.74	390.32	1.1587	3.7867	4.1522	1600.8	-0.018782	326.42	0.68759	liquid
89.583	250.00	976.61	0.0010239	369.05	394.65	1.1706	3.7817	4.1531	1600.5	-0.018730	322.60	0.68812	liquid
90.625	250.00	975.94	0.0010247	373.36	398.97	1.1825	3.7766	4.1539	1600.1	-0.018677	318.86	0.68864	liquid
91.667	250.00	975.25	0.0010254	377.67	403.30	1.1944	3.7716	4.1548	1599.6	-0.018625	315.20	0.68914	liquid
92.708	250.00	974.57	0.0010261	381.98	407.63	1.2063	3.7665	4.1557	1599.1	-0.018572	311.61	0.68963	liquid
93.750	250.00	973.88	0.0010268	386.29	411.96	1.2181	3.7615	4.1566	1598.6	-0.018519	308.09	0.69010	liquid
94.792	250.00	973.18	0.0010276	390.60	416.29	1.2299	3.7564	4.1575	1598.1	-0.018466	304.65	0.69056	liquid
95.833	250.00	972.49	0.0010283	394.91	420.62	1.2416	3.7514	4.1584	1597.5	-0.018413	301.27	0.69100	liquid
96.875	250.00	971.78	0.0010290	399.22	424.95	1.2534	3.7463	4.1593	1596.9	-0.018359	297.96	0.69143	liquid
97.917	250.00	971.07	0.0010298	403.54	429.28	1.2650	3.7413	4.1603	1596.3	-0.018305	294.71	0.69185	liquid
98.958	250.00	970.36	0.0010305	407.85	433.62	1.2767	3.7363	4.1613	1595.6	-0.018251	291.53	0.69225	liquid
100.00	250.00	969.65	0.0010313	412.17	437.95	1.2883	3.7312	4.1623	1594.9	-0.018197	288.40	0.69264	liquid
101.04	250.00	968.92	0.0010321	416.49	442.29	1.2999	3.7262	4.1633	1594.2	-0.018143	285.34	0.69301	liquid
102.08	250.00	968.20	0.0010328	420.81	446.63	1.3115	3.7212	4.1643	1593.4	-0.018088	282.34	0.69338	liquid
103.13	250.00	967.47	0.0010336	425.12	450.96	1.3231	3.7162	4.1653	1592.6	-0.018033	279.39	0.69373	liquid
104.17	250.00	966.74	0.0010344	429.44	455.30	1.3346	3.7111	4.1664	1591.8	-0.017978	276.50	0.69407	liquid
105.21	250.00	966.00	0.0010352	433.76	459.64	1.3461	3.7061	4.1675	1590.9	-0.017923	273.66	0.69439	liquid
106.25	250.00	965.25	0.0010360	438.09	463.99	1.3575	3.7011	4.1686	1590.1	-0.017867	270.88	0.69471	liquid
107.29	250.00	964.51	0.0010368	442.41	468.33	1.3690	3.6961	4.1697	1589.1	-0.017811	268.15	0.69501	liquid
108.33	250.00	963.76	0.0010376	446.73	472.67	1.3804	3.6911	4.1708	1588.2	-0.017755	265.46	0.69530	liquid
109.38	250.00	963.00	0.0010384	451.06	477.02	1.3917	3.6862	4.1720	1587.2	-0.017699	262.83	0.69557	liquid
110.42	250.00	962.24	0.0010392	455.38	481.36	1.4031	3.6812	4.1732	1586.2	-0.017642	260.24	0.69584	liquid
111.46	250.00	961.48	0.0010401	459.71	485.71	1.4144	3.6762	4.1743	1585.2	-0.017585	257.71	0.69610	liquid
112.50	250.00	960.71	0.0010409	464.04	490.06	1.4257	3.6713	4.1756	1584.2	-0.017527	255.21	0.69634	liquid
113.54	250.00	959.94	0.0010417	468.37	494.41	1.4370	3.6663	4.1768	1583.1	-0.017470	252.76	0.69657	liquid
114.58	250.00	959.16	0.0010426	472.70	498.76	1.4482	3.6614	4.1781	1582.0	-0.017412	250.36	0.69679	liquid
115.63	250.00	958.38	0.0010434	477.03	503.12	1.4594	3.6565	4.1793	1580.8	-0.017354	248.00	0.69700	liquid
116.67	250.00	957.59	0.0010443	481.36	507.47	1.4706	3.6515	4.1806	1579.7	-0.017295	245.67	0.69720	liquid
117.71	250.00	956.80	0.0010451	485.70	511.83	1.4818	3.6466	4.1820	1578.5	-0.017236	243.39	0.69739	liquid
118.75	250.00	956.01	0.0010460	490.03	516.18	1.4929	3.6417	4.1833	1577.3	-0.017177	241.15	0.69757	liquid
119.79	250.00	955.21	0.0010469	494.37	520.54	1.5040	3.6368	4.1847	1576.0	-0.017117	238.95	0.69774	liquid
120.83	250.00	954.41	0.0010478	498.71	524.90	1.5151	3.6320	4.1860	1574.7	-0.017057	236.78	0.69789	liquid
121.88	250.00	953.60	0.0010487	503.05	529.26	1.5261	3.6271	4.1875	1573.4	-0.016997	234.66	0.69804	liquid
122.92	250.00	952.79	0.0010495	507.39	533.62	1.5372	3.6222	4.1889	1572.1	-0.016936	232.56	0.69818	liquid
123.96	250.00	951.98	0.0010504	511.73	537.99	1.5482	3.6174	4.1903	1570.8	-0.016875	230.51	0.69830	liquid
125.00	250.00	951.16	0.0010513	516.07	542.35	1.5591	3.6126	4.1918	1569.4	-0.016814	228.49	0.69842	liquid
126.04	250.00	950.34	0.0010523	520.42	546.72	1.5701	3.6078	4.1933	1568.0	-0.016752	226.50	0.69853	liquid
127.08	250.00	949.51	0.0010532	524.76	551.09	1.5810	3.6030	4.1948	1566.6	-0.016690	224.54	0.69862	liquid
128.13	250.00	948.68	0.0010541	529.11	555.46	1.5919	3.5982	4.1964	1565.1	-0.016627	222.62	0.69871	liquid
129.17	250.00	947.85	0.0010550	533.46	559.83	1.6028	3.5934	4.1980	1563.7	-0.016564	220.73	0.69879	liquid
130.21	250.00	947.01	0.0010560	537.81	564.21	1.6137	3.5886	4.1996	1562.2	-0.016501	218.86	0.69886	liquid
131.25	250.00	946.17	0.0010569	542.16	568.58	1.6245	3.5839	4.2012	1560.6	-0.016437	217.03	0.69891	liquid
132.29	250.00	945.32	0.0010578	546.51	572.96	1.6353	3.5791	4.2028	1559.1	-0.016372	215.23	0.69896	liquid
133.33	250.00	944.47	0.0010588	550.87	577.34	1.6461	3.5744	4.2045	1557.5	-0.016308	213.46	0.69900	liquid
134.38	250.00	943.61	0.0010598	555.22	581.72	1.6569	3.5697	4.2062	1555.9	-0.016242	211.71	0.69903	liquid
135.42	250.00	942.76	0.0010607	559.58	586.10	1.6676	3.5650	4.2079	1554.3	-0.016177	210.00	0.69905	liquid
136.46	250.00	941.89	0.0010617	563.94	590.49	1.6783	3.5603	4.2097	1552.7	-0.016111	208.31	0.69906	liquid
137.50	250.00	941.03	0.0010627	568.30	594.87	1.6890	3.5556	4.2115	1551.0	-0.016044	206.64	0.69907	liquid
138.54	250.00	940.15	0.0010637	572.67	599.26	1.6997	3.5510	4.2133	1549.3	-0.015977	205.01	0.69906	liquid
139.58	250.00	939.28	0.0010646	577.03	603.65	1.7103	3.5463	4.2151	1547.6	-0.015909	203.39	0.69904	liquid
140.63	250.00	938.40	0.0010656	581.40	608.04	1.7210	3.5417	4.2170	1545.9	-0.015841	201.81	0.69902	liquid
141.67	250.00	937.52	0.0010666	585.77	612.43	1.7316	3.5371	4.2189	1544.1	-0.015773	200.24	0.69898	liquid
142.71	250.00	936.63	0.0010677	590.14	616.83	1.7422	3.5325	4.2208	1542.3	-0.015704	198.71	0.69894	liquid
143.75	250.00	935.74	0.0010687	594.51	621.23	1.7527	3.5279	4.2227	1540.5	-0.015634	197.19	0.69889	liquid
144.79	250.00	934.84	0.0010697	598.88	625.63	1.7633	3.5233	4.2247	1538.7	-0.015564	195.70	0.69883	liquid
145.83	250.00	933.94	0.0010707	603.26	630.03	1.7738	3.5188	4.2267	1536.8	-0.015494	194.23	0.69876	liquid
146.88	250.00	933.04	0.0010718	607.64	634.43	1.7843	3.5142	4.2287	1535.0	-0.015422	192.78	0.69868	liquid
147.92	250.00	932.13	0.0010728	612.02	638.84	1.7947	3.5097	4.2308	1533.1	-0.015351	191.35	0.69859	liquid
148.96	250.00	931.22	0.0010739	616.40	643.25	1.8052	3.5052	4.2329	1531.1	-0.015279	189.94	0.69850	liquid
150.00	250.00	930.30	0.0010749	620.78	647.66	1.8156	3.5007	4.2350	1529.2	-0.015206	188.56	0.69839	liquid
151.04	250.00	929.38	0.0010760	625.17	652.07	1.8261	3.4962	4.2371	1527.2	-0.015132	187.19	0.69828	liquid
152.08	250.00	928.46	0.0010771	629.56	656.48	1.8364	3.4917	4.2393	1525.3	-0.015058	185.85	0.69816	liquid
153.13	250.00	927.53	0.0010781	633.95	660.90	1.8468	3.4873	4.2415	1523.2	-0.014984	184.52	0.69803	liquid
154.17	250.00	926.60	0.0010792	638.34	665.32	1.8572	3.4829	4.2437	1521.2	-0.014909	183.21	0.69789	liquid
155.21	250.00	925.66	0.0010803	642.74	669.74	1.8675	3.4784	4.2460	1519.2	-0.014833	181.92	0.69774	liquid
156.25	250.00	924.72	0.0010814	647.13	674.17	1.8778	3.4740	4.2483	1517.1	-0.014757	180.65	0.69758	liquid
157.29	250.00	923.77	0.0010825	651.53	678.59	1.8881	3.4697	4.2506	1515.0	-0.014680	179.40	0.69742	liquid
158.33	250.00	922.82	0.0010836	655.93	683.02	1.8984	3.4653	4.2530	1512.9	-0.014602	178.17	0.69724	liquid
159.38	250.00	921.87	0.0010848	660.34	687.45	1.9087	3.4609	4.2554	1510.8	-0.014524	176.95	0.69706	liquid
160.42	250.00	920.91	0.0010859	664.74	691.89	1.9189	3.4566	4.2578	1508.6	-0.014445	175.75	0.69687	liquid
161.46	250.00	919.95	0.0010870	669.15	696.32	1.9291	3.4523	4.2603	1506.4	-0.014365	174.56	0.69667	liquid
162.50	250.00	918.99	0.0010882	673.56	700.76	1.9393	3.4480	4.2628	1504.2	-0.014285	173.40	0.69646	liquid
163.54	250.00	918.02	0.0010893	677.97	705.21	1.9495	3.4437	4.2653	1502.0	-0.014204	172.24	0.69624	liquid
164.58	250.00	917.04	0.0010905	682.39	709.65	1.9597	3.4394	4.2679	1499.8	-0.014122	171.11	0.69602	liquid
165.63	250.00	916.06	0.0010916	686.81	714.10	1.9698	3.4351	4.2705	1497.5	-0.014040	169.99	0.69578	liquid
166.67	250.00	915.08	0.0010928	691.23	718.55	1.9799	3.4309	4.2731	1495.2	-0.013957	168.88	0.69554	liquid
167.71	250.00	914.10	0.0010940	695.65	723.00	1.9901	3.4267	4.2758	1492.9	-0.013873	167.79	0.69529	liquid
168.75	250.00	913.10	0.0010952	700.08	727.45	2.0002	3.4225	4.2785	1490.6	-0.013789	166.71	0.69503	liquid
169.79	250.00	912.11	0.0010964	704.50	731.91	2.0102	3.4183	4.2812	1488.3	-0.013703	165.65	0.69476	liquid
170.83	250.00	911.11	0.0010976	708.93	736.37	2.0203	3.4141	4.2840	1485.9	-0.013617	164.60	0.69448	liquid
171.88	250.00	910.11	0.0010988	713.37	740.84	2.0303	3.4099	4.2868	1483.5	-0.013530	163.57	0.69420	liquid
172.92	250.00	909.10	0.0011000	717.80	745.30	2.0404	3.4058	4.2896	1481.1	-0.013443	162.54	0.69390	liquid
173.96	250.00	908.09	0.0011012	722.24	749.77	2.0504	3.4017	4.2925	1478.7	-0.013355	161.54	0.69360	liquid
175.00	250.00	907.07	0.0011025	726.69	754.25	2.0604	3.3975	4.2954	1476.2	-0.013265	160.54	0.69329	liquid
176.04	250.00	906.05	0.0011037	731.13	758.72	2.0703	3.3934	4.2984	1473.8	-0.013175	159.56	0.69297	liquid
177.08	250.00	905.02	0.0011049	735.58	763.20	2.0803	3.3894	4.3014	1471.3	-0.013085	158.59	0.69264	liquid
178.13	250.00	903.99	0.0011062	740.03	767.68	2.0902	3.3853	4.3044	1468.8	-0.012993	157.63	0.69230	liquid
179.17	250.00	902.96	0.0011075	744.48	772.17	2.1002	3.3812	4.3075	1466.3	-0.012900	156.68	0.69195	liquid
180.21	250.00	901.92	0.0011087	748.94	776.66	2.1101	3.3772	4.3106	1463.7	-0.012807	155.75	0.69160	liquid
181.25	250.00	900.88	0.0011100	753.40	781.15	2.1200	3.3732	4.3137	1461.2	-0.012713	154.83	0.69123	liquid
182.29	250.00	899.83	0.0011113	757.86	785.64	2.1299	3.3692	4.3169	1458.6	-0.012618	153.91	0.69086	liquid
183.33	250.00	898.78	0.0011126	762.33	790.14	2.1397	3.3652	4.3202	1456.0	-0.012522	153.01	0.69048	liquid
184.38	250.00	897.73	0.0011139	766.80	794.65	2.1496	3.3612	4.3234	1453.4	-0.012425	152.13	0.69009	liquid
185.42	250.00	896.66	0.0011152	771.27	799.15	2.1594	3.3573	4.3267	1450.7	-0.012327	151.25	0.68969	liquid
186.46	250.00	895.60	0.0011166	775.74	803.66	2.1692	3.3533	4.3301	1448.1	-0.012228	150.38	0.68928	liquid
187.50	250.00	894.53	0.0011179	780.22	808.17	2.1790	3.3494	4.3335	1445.4	-0.012128	149.52	0.68886	liquid
188.54	250.00	893.46	0.0011192	784.71	812.69	2.1888	3.3455	4.3369	1442.7	-0.012028	148.67	0.68844	liquid
189.58	250.00	892.38	0.0011206	789.19	817.21	2.1986	3.3416	4.3404	1440.0	-0.011926	147.84	0.68800	liquid
190.63	250.00	891.29	0.0011220	793.68	821.73	2.2084	3.3378	4.3440	1437.2	-0.011823	147.01	0.68756	liquid
191.67	250.00	890.21	0.0011233	798.17	826.26	2.2181	3.3339	4.3475	1434.5	-0.011719	146.19	0.68711	liquid
192.71	250.00	889.11	0.0011247	802.67	830.79	2.2279	3.3301	4.3512	1431.7	-0.011614	145.38	0.68664	liquid
193.75	250.00	888.02	0.0011261	807.17	835.32	2.2376	3.3262	4.3548	1428.9	-0.011509	144.58	0.68617	liquid
194.79	250.00	886.91	0.0011275	811.67	839.86	2.2473	3.3224	4.3585	1426.1	-0.011402	143.79	0.68569	liquid
195.83	250.00	885.81	0.0011289	816.18	844.40	2.2570	3.3186	4.3623	1423.2	-0.011294	143.01	0.68520	liquid
196.88	250.00	884.70	0.0011303	820.69	848.95	2.2667	3.3148	4.3661	1420.4	-0.011185	142.24	0.68471	liquid
197.92	250.00	883.58	0.0011318	825.20	853.50	2.2763	3.3111	4.3700	1417.5	-0.011074	141.48	0.68420	liquid
198.96	250.00	882.46	0.0011332	829.72	858.05	2.2860	3.3073	4.3739	1414.6	-0.010963	140.72	0.68368	liquid
200.00	250.00	881.33	0.0011346	834.24	862.61	2.2956	3.3036	4.3778	1411.7	-0.010851	139.98	0.68316	liquid
201.04	250.00	880.20	0.0011361	838.77	867.17	2.3053	3.2999	4.3818	1408.8	-0.010737	139.24	0.68262	liquid
202.08	250.00	879.07	0.0011376	843.30	871.74	2.3149	3.2962	4.3859	1405.8	-0.010622	138.51	0.68208	liquid
203.13	250.00	877.93	0.0011390	847.83	876.31	2.3245	3.2925	4.3900	1402.9	-0.010506	137.79	0.68152	liquid
204.17	250.00	876.78	0.0011405	852.37	880.89	2.3341	3.2889	4.3942	1399.9	-0.010389	137.07	0.68096	liquid
205.21	250.00	875.63	0.0011420	856.91	885.46	2.3437	3.2852	4.3984	1396.9	-0.010270	136.36	0.68039	liquid
206.25	250.00	874.48	0.0011435	861.46	890.05	2.3532	3.2816	4.4026	1393.8	-0.010150	135.67	0.67981	liquid
207.29	250.00	873.32	0.0011451	866.01	894.64	2.3628	3.2780	4.4069	1390.8	-0.010029	134.97	0.67922	liquid
208.33	250.00	872.15	0.0011466	870.56	899.23	2.3724	3.2744	4.4113	1387.7	-0.0099070	134.29	0.67862	liquid
209.38	250.00	870.98	0.0011481	875.12	903.83	2.3819	3.2708	4.4157	1384.6	-0.0097833	133.61	0.67801	liquid
210.42	250.00	869.81	0.0011497	879.69	908.43	2.3914	3.2672	4.4202	1381.5	-0.0096582	132.94	0.67739	liquid
211.46	250.00	868.63	0.0011512	884.25	913.04	2.4009	3.2636	4.4248	1378.4	-0.0095318	132.28	0.67676	liquid
212.50	250.00	867.44	0.0011528	888.83	917.65	2.4104	3.2601	4.4294	1375.3	-0.0094040	131.62	0.67612	liquid
213.54	250.00	866.25	0.0011544	893.40	922.26	2.4199	3.2566	4.4340	1372.1	-0.0092748	130.97	0.67547	liquid
214.58	250.00	865.05	0.0011560	897.98	926.88	2.4294	3.2531	4.4387	1368.9	-0.0091441	130.33	0.67481	liquid
215.63	250.00	863.85	0.0011576	902.57	931.51	2.4389	3.2496	4.4435	1365.8	-0.0090120	129.69	0.67414	liquid
216.67	250.00	862.65	0.0011592	907.16	936.14	2.4484	3.2461	4.4484	1362.5	-0.0088783	129.06	0.67346	liquid
217.71	250.00	861.43	0.0011609	911.76	940.78	2.4578	3.2426	4.4533	1359.3	-0.0087432	128.44	0.67278	liquid
218.75	250.00	860.22	0.0011625	916.36	945.42	2.4673	3.2392	4.4582	1356.0	-0.0086065	127.82	0.67208	liquid
219.79	250.00	858.99	0.0011642	920.96	950.07	2.4767	3.2358	4.4633	1352.8	-0.0084683	127.21	0.67137	liquid
220.83	250.00	857.76	0.0011658	925.57	954.72	2.4861	3.2324	4.4684	1349.5	-0.0083285	126.60	0.67065	liquid
221.88	250.00	856.53	0.0011675	930.19	959.38	2.4955	3.2290	4.4735	1346.2	-0.0081871	126.00	0.66992	liquid
222.92	250.00	855.29	0.0011692	934.81	964.04	2.5050	3.2256	4.4787	1342.8	-0.0080440	125.40	0.66918	liquid
223.96	250.00	854.05	0.0011709	939.43	968.71	2.5144	3.2222	4.4840	1339.5	-0.0078993	124.81	0.66843	liquid
225.00	250.00	852.79	0.0011726	944.06	973.38	2.5237	3.2189	4.4894	1336.1	-0.0077528	124.23	0.66767	liquid
226.04	250.00	851.54	0.0011743	948.70	978.06	2.5331	3.2155	4.4948	1332.7	-0.0076047	123.65	0.66690	liquid
227.08	250.00	850.27	0.0011761	953.34	982.74	2.5425	3.2122	4.5003	1329.3	-0.0074547	123.08	0.66612	liquid
228.13	250.00	849.01	0.0011778	957.99	987.44	2.5519	3.2089	4.5059	1325.9	-0.0073030	122.51	0.66533	liquid
229.17	250.00	847.73	0.0011796	962.64	992.13	2.5612	3.2056	4.5116	1322.5	-0.0071495	121.95	0.66453	liquid
230.21	250.00	846.45	0.0011814	967.30	996.83	2.5706	3.2024	4.5173	1319.0	-0.0069941	121.39	0.66372	liquid
231.25	250.00	845.17	0.0011832	971.96	1001.5	2.5799	3.1991	4.5231	1315.5	-0.0068368	120.84	0.66289	liquid
232.29	250.00	843.87	0.0011850	976.63	1006.3	2.5893	3.1959	4.5290	1312.0	-0.0066776	120.29	0.66206	liquid
233.33	250.00	842.58	0.0011868	981.31	1011.0	2.5986	3.1927	4.5350	1308.5	-0.0065164	119.75	0.66121	liquid
234.38	250.00	841.27	0.0011887	985.99	1015.7	2.6079	3.1894	4.5410	1305.0	-0.0063533	119.21	0.66036	liquid
235.42	250.00	839.96	0.0011905	990.68	1020.4	2.6172	3.1863	4.5471	1301.4	-0.0061881	118.67	0.65949	liquid
236.46	250.00	838.64	0.0011924	995.37	1025.2	2.6265	3.1831	4.5533	1297.8	-0.0060208	118.14	0.65861	liquid
237.50	250.00	837.32	0.0011943	1000.1	1029.9	2.6359	3.1799	4.5596	1294.2	-0.0058515	117.62	0.65772	liquid
238.54	250.00	835.99	0.0011962	1004.8	1034.7	2.6452	3.1768	4.5660	1290.6	-0.0056800	117.10	0.65682	liquid
239.58	250.00	834.65	0.0011981	1009.5	1039.4	2.6544	3.1737	4.5725	1287.0	-0.0055064	116.58	0.65591	liquid
240.63	250.00	833.31	0.0012000	1014.2	1044.2	2.6637	3.1706	4.5790	1283.3	-0.0053305	116.07	0.65499	liquid
241.67	250.00	831.96	0.0012020	1018.9	1049.0	2.6730	3.1675	4.5857	1279.7	-0.0051523	115.56	0.65405	liquid
242.71	250.00	830.61	0.0012039	1023.7	1053.8	2.6823	3.1644	4.5924	1276.0	-0.0049719	115.06	0.65310	liquid
243.75	250.00	829.24	0.0012059	1028.4	1058.5	2.6916	3.1613	4.5992	1272.2	-0.0047890	114.56	0.65215	liquid
244.79	250.00	827.87	0.0012079	1033.1	1063.3	2.7008	3.1583	4.6062	1268.5	-0.0046038	114.06	0.65118	liquid
245.83	250.00	826.50	0.0012099	1037.9	1068.1	2.7101	3.1553	4.6132	1264.7	-0.0044162	113.57	0.65019	liquid
246.88	250.00	825.12	0.0012120	1042.7	1072.9	2.7193	3.1522	4.6203	1261.0	-0.0042261	113.08	0.64920	liquid
247.92	250.00	823.73	0.0012140	1047.4	1077.8	2.7286	3.1493	4.6275	1257.2	-0.0040334	112.60	0.64819	liquid
248.96	250.00	822.33	0.0012161	1052.2	1082.6	2.7378	3.1463	4.6349	1253.4	-0.0038381	112.11	0.64717	liquid
250.00	250.00	820.92	0.0012181	1057.0	1087.4	2.7471	3.1433	4.6423	1249.5	-0.0036402	111.64	0.64614	liquid
251.04	250.00	819.51	0.0012202	1061.8	1092.3	2.7563	3.1404	4.6499	1245.7	-0.0034396	111.16	0.64510	liquid
252.08	250.00	818.09	0.0012224	1066.6	1097.1	2.7656	3.1375	4.6575	1241.8	-0.0032363	110.69	0.64405	liquid
253.13	250.00	816.67	0.0012245	1071.4	1102.0	2.7748	3.1345	4.6653	1237.9	-0.0030301	110.22	0.64298	liquid
254.17	250.00	815.23	0.0012266	1076.2	1106.8	2.7840	3.1317	4.6732	1234.0	-0.0028211	109.76	0.64190	liquid
255.21	250.00	813.79	0.0012288	1081.0	1111.7	2.7933	3.1288	4.6812	1230.0	-0.0026092	109.30	0.64080	liquid
256.25	250.00	812.34	0.0012310	1085.8	1116.6	2.8025	3.1259	4.6893	1226.1	-0.0023943	108.84	0.63970	liquid
257.29	250.00	810.89	0.0012332	1090.6	1121.5	2.8117	3.1231	4.6975	1222.1	-0.0021764	108.39	0.63858	liquid
258.33	250.00	809.42	0.0012354	1095.5	1126.4	2.8209	3.1203	4.7059	1218.1	-0.0019553	107.93	0.63744	liquid
259.38	250.00	807.95	0.0012377	1100.3	1131.3	2.8302	3.1175	4.7144	1214.1	-0.0017311	107.49	0.63630	liquid
260.42	250.00	806.47	0.0012400	1105.2	1136.2	2.8394	3.1147	4.7230	1210.0	-0.0015036	107.04	0.63514	liquid
261.46	250.00	804.98	0.0012423	1110.1	1141.1	2.8486	3.1119	4.7317	1206.0	-0.0012729	106.60	0.63397	liquid
262.50	250.00	803.49	0.0012446	1114.9	1146.0	2.8578	3.1092	4.7406	1201.9	-0.0010387	106.16	0.63278	liquid
263.54	250.00	801.98	0.0012469	1119.8	1151.0	2.8670	3.1064	4.7497	1197.8	-0.00080112	105.72	0.63158	liquid
264.58	250.00	800.47	0.0012493	1124.7	1155.9	2.8763	3.1037	4.7588	1193.6	-0.00055999	105.28	0.63037	liquid
265.63	250.00	798.95	0.0012516	1129.6	1160.9	2.8855	3.1010	4.7682	1189.5	-0.00031525	104.85	0.62914	liquid
266.67	250.00	797.42	0.0012541	1134.5	1165.9	2.8947	3.0983	4.7776	1185.3	-6.6826e-05	104.42	0.62790	liquid
267.71	250.00	795.88	0.0012565	1139.4	1170.9	2.9039	3.0957	4.7872	1181.1	0.00018537	103.99	0.62665	liquid
268.75	250.00	794.33	0.0012589	1144.4	1175.8	2.9131	3.0930	4.7970	1176.9	0.00044142	103.57	0.62538	liquid
269.79	250.00	792.77	0.0012614	1149.3	1180.9	2.9224	3.0904	4.8069	1172.7	0.00070142	103.15	0.62410	liquid
270.83	250.00	791.20	0.0012639	1154.3	1185.9	2.9316	3.0878	4.8170	1168.4	0.00096545	102.72	0.62280	liquid
271.88	250.00	789.63	0.0012664	1159.2	1190.9	2.9408	3.0853	4.8273	1164.1	0.0012336	102.31	0.62149	liquid
272.92	250.00	788.04	0.0012690	1164.2	1195.9	2.9500	3.0827	4.8377	1159.8	0.0015060	101.89	0.62016	liquid
273.96	250.00	786.45	0.0012715	1169.2	1201.0	2.9593	3.0802	4.8483	1155.5	0.0017827	101.48	0.61882	liquid
275.00	250.00	784.85	0.0012741	1174.2	1206.0	2.9685	3.0776	4.8591	1151.1	0.0020639	101.06	0.61746	liquid
276.04	250.00	783.23	0.0012768	1179.2	1211.1	2.9777	3.0751	4.8701	1146.7	0.0023496	100.65	0.61609	liquid
277.08	250.00	781.61	0.0012794	1184.2	1216.2	2.9870	3.0727	4.8813	1142.3	0.0026399	100.25	0.61471	liquid
278.13	250.00	779.98	0.0012821	1189.2	1221.3	2.9962	3.0702	4.8926	1137.9	0.0029350	99.840	0.61331	liquid
279.17	250.00	778.33	0.0012848	1194.2	1226.4	3.0055	3.0678	4.9042	1133.4	0.0032349	99.436	0.61189	liquid
280.21	250.00	776.68	0.0012875	1199.3	1231.5	3.0147	3.0654	4.9160	1128.9	0.0035399	99.033	0.61046	liquid
281.25	250.00	775.01	0.0012903	1204.3	1236.6	3.0240	3.0630	4.9279	1124.4	0.0038500	98.633	0.60902	liquid
282.29	250.00	773.34	0.0012931	1209.4	1241.7	3.0332	3.0606	4.9401	1119.9	0.0041654	98.234	0.60756	liquid
283.33	250.00	771.65	0.0012959	1214.5	1246.9	3.0425	3.0582	4.9526	1115.3	0.0044861	97.836	0.60608	liquid
284.38	250.00	769.95	0.0012988	1219.6	1252.1	3.0518	3.0559	4.9652	1110.8	0.0048124	97.440	0.60459	liquid
285.42	250.00	768.24	0.0013017	1224.7	1257.2	3.0611	3.0536	4.9781	1106.2	0.0051444	97.046	0.60309	liquid
286.46	250.00	766.52	0.0013046	1229.8	1262.4	3.0703	3.0513	4.9912	1101.5	0.0054821	96.653	0.60156	liquid
287.50	250.00	764.79	0.0013075	1234.9	1267.6	3.0796	3.0491	5.0046	1096.9	0.0058259	96.261	0.60003	liquid
288.54	250.00	763.05	0.0013105	1240.1	1272.9	3.0889	3.0469	5.0182	1092.2	0.0061758	95.871	0.59847	liquid
289.58	250.00	761.29	0.0013136	1245.3	1278.1	3.0983	3.0447	5.0321	1087.5	0.0065320	95.482	0.59690	liquid
290.63	250.00	759.52	0.0013166	1250.4	1283.3	3.1076	3.0425	5.0462	1082.7	0.0068947	95.094	0.59532	liquid
291.67	250.00	757.74	0.0013197	1255.6	1288.6	3.1169	3.0403	5.0607	1077.9	0.0072641	94.707	0.59372	liquid
292.71	250.00	755.95	0.0013228	1260.8	1293.9	3.1262	3.0382	5.0754	1073.1	0.0076403	94.322	0.59210	liquid
293.75	250.00	754.14	0.0013260	1266.0	1299.2	3.1356	3.0361	5.0905	1068.3	0.0080235	93.937	0.59047	liquid
294.79	250.00	752.32	0.0013292	1271.3	1304.5	3.1449	3.0340	5.1058	1063.5	0.0084140	93.554	0.58882	liquid
295.83	250.00	750.49	0.0013325	1276.5	1309.8	3.1543	3.0320	5.1214	1058.6	0.0088120	93.171	0.58716	liquid
296.88	250.00	748.65	0.0013357	1281.8	1315.2	3.1637	3.0300	5.1374	1053.6	0.0092176	92.790	0.58548	liquid
297.92	250.00	746.79	0.0013391	1287.0	1320.5	3.1731	3.0280	5.1537	1048.7	0.0096311	92.409	0.58379	liquid
298.96	250.00	744.91	0.0013424	1292.3	1325.9	3.1825	3.0260	5.1704	1043.7	0.010053	92.029	0.58208	liquid
300.00	250.00	743.02	0.0013459	1297.6	1331.3	3.1919	3.0241	5.1874	1038.7	0.010483	91.649	0.58035	liquid
301.04	250.00	741.12	0.0013493	1303.0	1336.7	3.2014	3.0222	5.2048	1033.7	0.010921	91.271	0.57861	liquid
302.08	250.00	739.20	0.0013528	1308.3	1342.1	3.2108	3.0203	5.2226	1028.6	0.011369	90.893	0.57685	liquid
303.13	250.00	737.27	0.0013564	1313.7	1347.6	3.2203	3.0185	5.2408	1023.5	0.011826	90.515	0.57508	liquid
304.17	250.00	735.32	0.0013600	1319.1	1353.1	3.2298	3.0167	5.2594	1018.3	0.012292	90.138	0.57329	liquid
305.21	250.00	733.35	0.0013636	1324.5	1358.5	3.2393	3.0149	5.2784	1013.2	0.012768	89.761	0.57149	liquid
306.25	250.00	731.37	0.0013673	1329.9	1364.1	3.2488	3.0132	5.2979	1008.0	0.013254	89.385	0.56967	liquid
307.29	250.00	729.37	0.0013710	1335.3	1369.6	3.2583	3.0115	5.3178	1002.7	0.013750	89.009	0.56784	liquid
308.33	250.00	727.36	0.0013748	1340.8	1375.1	3.2679	3.0098	5.3382	997.45	0.014258	88.633	0.56599	liquid
309.38	250.00	725.32	0.0013787	1346.2	1380.7	3.2774	3.0082	5.3592	992.13	0.014776	88.257	0.56412	liquid
310.42	250.00	723.27	0.0013826	1351.7	1386.3	3.2870	3.0066	5.3806	986.78	0.015306	87.881	0.56225	liquid
311.46	250.00	721.20	0.0013866	1357.2	1391.9	3.2966	3.0051	5.4025	981.40	0.015847	87.506	0.56035	liquid
312.50	250.00	719.11	0.0013906	1362.8	1397.5	3.3063	3.0036	5.4250	975.97	0.016401	87.130	0.55844	liquid
313.54	250.00	717.01	0.0013947	1368.3	1403.2	3.3159	3.0021	5.4481	970.51	0.016968	86.754	0.55652	liquid
314.58	250.00	714.88	0.0013988	1373.9	1408.9	3.3256	3.0007	5.4718	965.00	0.017548	86.378	0.55459	liquid
315.63	250.00	712.73	0.0014030	1379.5	1414.6	3.3353	2.9993	5.4961	959.46	0.018142	86.001	0.55263	liquid
316.67	250.00	710.57	0.0014073	1385.2	1420.4	3.3451	2.9980	5.5211	953.87	0.018750	85.625	0.55067	liquid
317.71	250.00	708.38	0.0014117	1390.8	1426.1	3.3548	2.9967	5.5468	948.25	0.019372	85.248	0.54869	liquid
318.75	250.00	706.17	0.0014161	1396.5	1431.9	3.3646	2.9954	5.5731	942.58	0.020010	84.870	0.54670	liquid
319.79	250.00	703.93	0.0014206	1402.2	1437.7	3.3745	2.9942	5.6003	936.87	0.020663	84.492	0.54469	liquid
320.83	250.00	701.68	0.0014252	1407.9	1443.6	3.3843	2.9931	5.6281	931.11	0.021333	84.113	0.54268	liquid
321.88	250.00	699.40	0.0014298	1413.7	1449.5	3.3942	2.9920	5.6568	925.31	0.022020	83.733	0.54064	liquid
322.92	250.00	697.10	0.0014345	1419.5	1455.4	3.4041	2.9910	5.6864	919.46	0.022725	83.352	0.53860	liquid
323.96	250.00	694.77	0.0014393	1425.3	1461.3	3.4141	2.9900	5.7168	913.57	0.023448	82.971	0.53654	liquid
325.00	250.00	692.41	0.0014442	1431.2	1467.3	3.4241	2.9891	5.7482	907.62	0.024190	82.588	0.53447	liquid
326.04	250.00	690.03	0.0014492	1437.0	1473.3	3.4341	2.9882	5.7805	901.63	0.024953	82.205	0.53239	liquid
327.08	250.00	687.63	0.0014543	1443.0	1479.3	3.4442	2.9875	5.8139	895.59	0.025736	81.820	0.53030	liquid
328.13	250.00	685.19	0.0014594	1448.9	1485.4	3.4543	2.9867	5.8484	889.49	0.026541	81.433	0.52819	liquid
329.17	250.00	682.73	0.0014647	1454.9	1491.5	3.4644	2.9861	5.8840	883.35	0.027369	81.046	0.52607	liquid
330.21	250.00	680.23	0.0014701	1460.9	1497.6	3.4746	2.9855	5.9208	877.15	0.028221	80.656	0.52394	liquid
331.25	250.00	677.71	0.0014756	1466.9	1503.8	3.4849	2.9850	5.9588	870.89	0.029097	80.265	0.52180	liquid
332.29	250.00	675.15	0.0014811	1473.0	1510.1	3.4952	2.9846	5.9982	864.57	0.029999	79.872	0.51965	liquid
333.33	250.00	672.56	0.0014868	1479.2	1516.3	3.5055	2.9842	6.0389	858.20	0.030928	79.478	0.51748	liquid
334.38	250.00	669.94	0.0014927	1485.3	1522.6	3.5159	2.9839	6.0812	851.77	0.031886	79.081	0.51530	liquid
335.42	250.00	667.28	0.0014986	1491.5	1529.0	3.5264	2.9838	6.1250	845.27	0.032874	78.682	0.51311	liquid
336.46	250.00	664.59	0.0015047	1497.8	1535.4	3.5369	2.9837	6.1706	838.71	0.033893	78.280	0.51091	liquid
337.50	250.00	661.85	0.0015109	1504.1	1541.9	3.5474	2.9837	6.2178	832.09	0.034945	77.876	0.50870	liquid
338.54	250.00	659.08	0.0015173	1510.4	1548.4	3.5581	2.9838	6.2670	825.40	0.036031	77.470	0.50648	liquid
339.58	250.00	656.27	0.0015238	1516.8	1554.9	3.5688	2.9840	6.3182	818.63	0.037154	77.060	0.50424	liquid
340.63	250.00	653.41	0.0015304	1523.3	1561.5	3.5796	2.9844	6.3715	811.80	0.038316	76.648	0.50199	liquid
341.67	250.00	650.51	0.0015373	1529.8	1568.2	3.5904	2.9848	6.4271	804.89	0.039518	76.232	0.49973	liquid
342.71	250.00	647.56	0.0015442	1536.3	1574.9	3.6014	2.9854	6.4851	797.90	0.040763	75.813	0.49745	liquid
343.75	250.00	644.57	0.0015514	1542.9	1581.7	3.6124	2.9861	6.5458	790.83	0.042053	75.390	0.49517	liquid
344.79	250.00	641.52	0.0015588	1549.6	1588.6	3.6235	2.9870	6.6093	783.68	0.043392	74.963	0.49286	liquid
345.83	250.00	638.43	0.0015664	1556.3	1595.5	3.6346	2.9880	6.6759	776.44	0.044781	74.533	0.49055	liquid
346.88	250.00	635.27	0.0015741	1563.1	1602.5	3.6459	2.9891	6.7457	769.11	0.046226	74.097	0.48821	liquid
347.92	250.00	632.06	0.0015821	1570.0	1609.5	3.6573	2.9905	6.8191	761.69	0.047728	73.657	0.48586	liquid
348.96	250.00	628.79	0.0015904	1576.9	1616.7	3.6688	2.9920	6.8964	754.16	0.049292	73.212	0.48349	liquid
350.00	250.00	625.45	0.0015988	1583.9	1623.9	3.6804	2.9937	6.9779	746.53	0.050922	72.762	0.48111	liquid
351.04	250.00	622.05	0.0016076	1591.0	1631.2	3.6921	2.9956	7.0640	738.79	0.052623	72.306	0.47870	liquid
352.08	250.00	618.58	0.0016166	1598.2	1638.6	3.7040	2.9978	7.1551	730.93	0.054400	71.844	0.47627	liquid
353.12	250.00	615.03	0.0016259	1605.5	1646.1	3.7160	3.0001	7.2518	722.94	0.056260	71.375	0.47382	liquid
354.17	250.00	611.39	0.0016356	1612.8	1653.7	3.7281	3.0028	7.3546	714.83	0.058208	70.900	0.47134	liquid
355.21	250.00	607.68	0.0016456	1620.3	1661.4	3.7404	3.0057	7.4641	706.58	0.060252	70.417	0.46884	liquid
356.25	250.00	603.87	0.0016560	1627.9	1669.3	3.7529	3.0090	7.5812	698.18	0.062400	69.925	0.46630	liquid
357.29	250.00	599.97	0.0016668	1635.6	1677.2	3.7655	3.0125	7.7066	689.62	0.064662	69.425	0.46374	liquid
358.33	250.00	595.96	0.0016780	1643.4	1685.3	3.7783	3.0165	7.8414	680.90	0.067047	68.915	0.46114	liquid
359.37	250.00	591.84	0.0016897	1651.3	1693.6	3.7914	3.0209	7.9868	671.99	0.069568	68.396	0.45850	liquid
360.42	250.00	587.60	0.0017018	1659.4	1702.0	3.8047	3.0257	8.1440	662.89	0.072236	67.864	0.45582	liquid
361.46	250.00	583.22	0.0017146	1667.7	1710.5	3.8182	3.0310	8.3148	653.59	0.075068	67.321	0.45310	liquid
362.50	250.00	578.71	0.0017280	1676.1	1719.3	3.8320	3.0370	8.5010	644.06	0.078081	66.764	0.45032	liquid
363.54	250.00	574.04	0.0017420	1684.7	1728.3	3.8460	3.0435	8.7049	634.29	0.081293	66.193	0.44749	liquid
364.58	250.00	569.19	0.0017569	1693.5	1737.4	3.8605	3.0508	8.9292	624.27	0.084726	65.605	0.44461	liquid
365.62	250.00	564.16	0.0017725	1702.6	1746.9	3.8752	3.0589	9.1771	613.97	0.088407	64.999	0.44165	liquid
366.67	250.00	558.93	0.0017891	1711.8	1756.6	3.8904	3.0679	9.4525	603.37	0.092364	64.373	0.43863	liquid
367.71	250.00	553.45	0.0018068	1721.4	1766.6	3.9060	3.0780	9.7603	592.46	0.096630	63.725	0.43552	liquid
368.75	250.00	547.72	0.0018257	1731.3	1776.9	3.9221	3.0893	10.106	581.22	0.10125	63.052	0.43233	liquid
369.79	250.00	541.70	0.0018460	1741.5	1787.6	3.9388	3.1021	10.498	569.61	0.10625	62.350	0.42904	liquid
370.83	250.00	535.35	0.0018679	1752.1	1798.8	3.9562	3.1166	10.945	557.62	0.11171	61.616	0.42565	liquid
371.87	250.00	528.62	0.0018917	1763.2	1810.5	3.9743	3.1330	11.460	545.22	0.11769	60.846	0.42214	liquid
372.92	250.00	521.45	0.0019177	1774.8	1822.7	3.9933	3.1517	12.059	532.38	0.12427	60.033	0.41851	liquid
373.96	250.00	513.77	0.0019464	1787.0	1835.6	4.0132	3.1731	12.768	519.08	0.13155	59.170	0.41476	supercritical
375.00	250.00	505.48	0.0019783	1799.9	1849.4	4.0344	3.1976	13.623	505.26	0.13969	58.249	0.41090	supercritical
376.04	250.00	496.46	0.0020142	1813.7	1864.1	4.0571	3.2258	14.681	490.87	0.14888	57.257	0.40698	supercritical
377.08	250.00	486.53	0.0020554	1828.7	1880.1	4.0817	3.2582	16.038	475.82	0.15944	56.177	0.40307	supercritical
378.12	250.00	475.40	0.0021035	1845.1	1897.7	4.1088	3.2957	17.861	460.00	0.17179	54.981	0.39932	supercritical
379.17	250.00	462.65	0.0021615	1863.5	1917.5	4.1392	3.3394	20.440	443.32	0.18653	53.629	0.39596	supercritical
380.21	250.00	447.58	0.0022343	1884.8	1940.7	4.1747	3.3913	24.247	425.87	0.20435	52.055	0.39323	supercritical
381.25	250.00	429.17	0.0023301	1910.4	1968.7	4.2175	3.4557	29.916	408.21	0.22581	50.167	0.39105	supercritical
382.29	250.00	406.13	0.0024623	1942.3	2003.9	4.2713	3.5415	38.262	391.22	0.25149	47.857	0.38909	supercritical
383.33	250.00	376.69	0.0026547	1983.7	2050.1	4.3417	3.6622	51.514	375.03	0.28370	44.995	0.38843	supercritical
384.37	250.00	338.48	0.0029544	2039.9	2113.7	4.4386	3.8251	71.242	362.75	0.32433	41.441	0.38817	supercritical
385.42	250.00	297.00	0.0033670	2107.5	2191.6	4.5569	3.9413	72.115	363.93	0.36304	37.817	0.36258	supercritical
386.46	250.00	266.38	0.0037541	2164.3	2258.2	4.6579	3.9074	55.729	373.01	0.39201	35.339	0.32061	supercritical
387.50	250.00	245.58	0.0040720	2207.5	2309.3	4.7354	3.8209	43.338	383.27	0.41246	33.774	0.28765	supercritical
388.54	250.00	230.58	0.0043369	2241.5	2350.0	4.7969	3.7345	35.257	392.60	0.42736	32.716	0.26342	supercritical
389.58	250.00	219.09	0.0045643	2269.6	2383.7	4.8478	3.6581	29.796	400.74	0.43874	31.953	0.24503	supercritical
390.62	250.00	209.87	0.0047649	2293.5	2412.6	4.8914	3.5911	25.909	407.91	0.44772	31.373	0.23055	supercritical
391.67	250.00	202.22	0.0049452	2314.4	2438.0	4.9296	3.5319	23.014	414.30	0.45498	30.917	0.21879	supercritical
392.71	250.00	195.70	0.0051097	2333.0	2460.8	4.9638	3.4788	20.778	420.10	0.46097	30.548	0.20900	supercritical
393.75	250.00	190.05	0.0052617	2349.9	2481.4	4.9949	3.4306	19.000	425.40	0.46597	30.245	0.20069	supercritical
394.79	250.00	185.07	0.0054034	2365.4	2500.5	5.0234	3.3863	17.551	430.32	0.47021	29.990	0.19352	supercritical
395.83	250.00	180.62	0.0055365	2379.7	2518.1	5.0497	3.3454	16.346	434.90	0.47382	29.775	0.18724	supercritical
396.87	250.00	176.61	0.0056622	2393.0	2534.6	5.0744	3.3072	15.327	439.21	0.47692	29.590	0.18169	supercritical
397.92	250.00	172.96	0.0057817	2405.5	2550.1	5.0975	3.2714	14.454	443.28	0.47959	29.431	0.17674	supercritical
398.96	250.00	169.62	0.0058956	2417.3	2564.7	5.1193	3.2377	13.697	447.15	0.48191	29.293	0.17228	supercritical
400.00	250.00	166.54	0.0060047	2428.5	2578.6	5.1400	3.2057	13.032	450.83	0.48391	29.173	0.16824	supercritical
401.04	250.00	163.68	0.0061095	2439.2	2591.9	5.1597	3.1753	12.444	454.35	0.48565	29.068	0.16456	supercritical
402.08	250.00	161.02	0.0062105	2449.3	2604.6	5.1785	3.1464	11.920	457.73	0.48715	28.975	0.16118	supercritical
403.12	250.00	158.53	0.0063080	2459.1	2616.8	5.1965	3.1187	11.449	460.97	0.48845	28.894	0.15807	supercritical
404.17	250.00	156.19	0.0064023	2468.4	2628.5	5.2138	3.0922	11.023	464.10	0.48956	28.823	0.15520	supercritical
405.21	250.00	153.99	0.0064937	2477.4	2639.7	5.2304	3.0668	10.636	467.12	0.49051	28.761	0.15254	supercritical
406.25	250.00	151.92	0.0065825	2486.1	2650.6	5.2464	3.0423	10.283	470.04	0.49131	28.706	0.15006	supercritical
407.29	250.00	149.95	0.0066689	2494.4	2661.2	5.2620	3.0188	9.9590	472.87	0.49198	28.659	0.14774	supercritical
408.33	250.00	148.08	0.0067530	2502.6	2671.4	5.2770	2.9961	9.6604	475.62	0.49253	28.617	0.14557	supercritical
409.37	250.00	146.30	0.0068351	2510.4	2681.3	5.2915	2.9742	9.3844	478.29	0.49297	28.581	0.14354	supercritical
410.42	250.00	144.61	0.0069151	2518.1	2690.9	5.3056	2.9530	9.1282	480.88	0.49331	28.550	0.14163	supercritical
411.46	250.00	142.99	0.0069934	2525.5	2700.3	5.3193	2.9325	8.8899	483.41	0.49355	28.523	0.13983	supercritical
412.50	250.00	141.44	0.0070700	2532.7	2709.5	5.3327	2.9126	8.6675	485.87	0.49371	28.501	0.13813	supercritical
413.54	250.00	139.96	0.0071449	2539.8	2718.4	5.3457	2.8933	8.4593	488.28	0.49379	28.482	0.13652	supercritical
414.58	250.00	138.53	0.0072184	2546.6	2727.1	5.3583	2.8747	8.2641	490.62	0.49380	28.467	0.13499	supercritical
415.62	250.00	137.17	0.0072905	2553.3	2735.6	5.3707	2.8565	8.0806	492.92	0.49374	28.455	0.13355	supercritical
416.67	250.00	135.85	0.0073612	2559.9	2743.9	5.3828	2.8389	7.9077	495.16	0.49361	28.445	0.13218	supercritical
417.71	250.00	134.58	0.0074306	2566.3	2752.1	5.3946	2.8218	7.7445	497.36	0.49343	28.439	0.13087	supercritical
418.75	250.00	133.35	0.0074988	2572.6	2760.1	5.4061	2.8051	7.5901	499.51	0.49319	28.435	0.12963	supercritical
419.79	250.00	132.17	0.0075659	2578.8	2767.9	5.4175	2.7889	7.4439	501.62	0.49290	28.433	0.12844	supercritical
420.83	250.00	131.03	0.0076319	2584.8	2775.6	5.4285	2.7731	7.3052	503.68	0.49256	28.434	0.12731	supercritical
421.87	250.00	129.92	0.0076969	2590.7	2783.1	5.4394	2.7578	7.1734	505.71	0.49217	28.436	0.12624	supercritical
422.92	250.00	128.85	0.0077608	2596.5	2790.5	5.4500	2.7428	7.0480	507.70	0.49174	28.441	0.12520	supercritical
423.96	250.00	127.81	0.0078238	2602.2	2797.8	5.4605	2.7282	6.9285	509.66	0.49127	28.447	0.12422	supercritical
425.00	250.00	126.81	0.0078859	2607.8	2805.0	5.4707	2.7139	6.8145	511.58	0.49077	28.455	0.12327	supercritical
426.04	250.00	125.83	0.0079472	2613.3	2812.0	5.4808	2.7000	6.7056	513.47	0.49022	28.464	0.12237	supercritical
427.08	250.00	124.88	0.0080076	2618.7	2818.9	5.4907	2.6864	6.6015	515.32	0.48964	28.475	0.12150	supercritical
428.12	250.00	123.96	0.0080672	2624.1	2825.8	5.5005	2.6732	6.5018	517.15	0.48903	28.487	0.12067	supercritical
429.17	250.00	123.06	0.0081260	2629.3	2832.5	5.5100	2.6602	6.4063	518.95	0.48839	28.501	0.11987	supercritical
430.21	250.00	122.19	0.0081841	2634.5	2839.1	5.5195	2.6476	6.3146	520.72	0.48772	28.515	0.11910	supercritical
431.25	250.00	121.34	0.0082415	2639.6	2845.6	5.5288	2.6352	6.2267	522.46	0.48702	28.531	0.11836	supercritical
432.29	250.00	120.51	0.0082982	2644.6	2852.1	5.5379	2.6232	6.1422	524.18	0.48629	28.548	0.11765	supercritical
433.33	250.00	119.70	0.0083542	2649.6	2858.4	5.5469	2.6114	6.0609	525.87	0.48554	28.566	0.11697	supercritical
434.37	250.00	118.91	0.0084096	2654.5	2864.7	5.5558	2.5998	5.9827	527.54	0.48477	28.584	0.11631	supercritical
435.42	250.00	118.14	0.0084644	2659.3	2870.9	5.5645	2.5885	5.9073	529.19	0.48397	28.604	0.11568	supercritical
436.46	250.00	117.39	0.0085186	2664.1	2877.0	5.5731	2.5775	5.8347	530.81	0.48316	28.625	0.11507	supercritical
437.50	250.00	116.66	0.0085722	2668.8	2883.1	5.5816	2.5666	5.7646	532.41	0.48232	28.646	0.11448	supercritical
438.54	250.00	115.94	0.0086252	2673.4	2889.0	5.5900	2.5560	5.6970	533.99	0.48146	28.668	0.11392	supercritical
439.58	250.00	115.24	0.0086777	2678.0	2894.9	5.5983	2.5457	5.6317	535.55	0.48058	28.691	0.11337	supercritical
440.62	250.00	114.55	0.0087297	2682.5	2900.8	5.6065	2.5355	5.5686	537.09	0.47969	28.715	0.11285	supercritical
441.67	250.00	113.88	0.0087812	2687.0	2906.5	5.6146	2.5256	5.5075	538.61	0.47878	28.739	0.11234	supercritical
442.71	250.00	113.22	0.0088321	2691.4	2912.2	5.6226	2.5158	5.4485	540.11	0.47785	28.764	0.11185	supercritical
443.75	250.00	112.58	0.0088826	2695.8	2917.9	5.6304	2.5063	5.3913	541.60	0.47691	28.790	0.11138	supercritical
444.79	250.00	111.95	0.0089327	2700.2	2923.5	5.6382	2.4969	5.3359	543.06	0.47595	28.816	0.11092	supercritical
445.83	250.00	111.33	0.0089823	2704.4	2929.0	5.6459	2.4878	5.2823	544.51	0.47498	28.842	0.11048	supercritical
446.87	250.00	110.72	0.0090314	2708.7	2934.5	5.6535	2.4788	5.2302	545.94	0.47400	28.870	0.11005	supercritical
447.92	250.00	110.13	0.0090801	2712.9	2939.9	5.6611	2.4699	5.1798	547.36	0.47300	28.897	0.10964	supercritical
448.96	250.00	109.55	0.0091284	2717.1	2945.3	5.6685	2.4613	5.1308	548.76	0.47199	28.926	0.10925	supercritical
450.00	250.00	108.98	0.0091763	2721.2	2950.6	5.6759	2.4528	5.0832	550.15	0.47097	28.954	0.10886	supercritical
451.04	250.00	108.41	0.0092238	2725.3	2955.9	5.6831	2.4445	5.0370	551.52	0.46994	28.983	0.10849	supercritical
452.08	250.00	107.86	0.0092710	2729.3	2961.1	5.6903	2.4364	4.9921	552.88	0.46890	29.013	0.10814	supercritical
453.12	250.00	107.32	0.0093177	2733.3	2966.3	5.6975	2.4284	4.9485	554.22	0.46784	29.043	0.10779	supercritical
454.17	250.00	106.79	0.0093641	2737.3	2971.4	5.7045	2.4205	4.9061	555.55	0.46678	29.073	0.10745	supercritical
455.21	250.00	106.27	0.0094101	2741.2	2976.5	5.7115	2.4128	4.8648	556.87	0.46571	29.104	0.10713	supercritical
456.25	250.00	105.75	0.0094558	2745.1	2981.5	5.7185	2.4052	4.8246	558.17	0.46463	29.135	0.10682	supercritical
457.29	250.00	105.25	0.0095012	2749.0	2986.5	5.7253	2.3978	4.7855	559.46	0.46355	29.166	0.10652	supercritical
458.33	250.00	104.75	0.0095462	2752.8	2991.5	5.7321	2.3905	4.7474	560.74	0.46245	29.198	0.10623	supercritical
459.37	250.00	104.27	0.0095909	2756.6	2996.4	5.7388	2.3834	4.7103	562.00	0.46135	29.230	0.10594	supercritical
460.42	250.00	103.79	0.0096353	2760.4	3001.3	5.7455	2.3764	4.6741	563.26	0.46024	29.263	0.10567	supercritical
461.46	250.00	103.31	0.0096794	2764.2	3006.2	5.7521	2.3695	4.6389	564.50	0.45913	29.295	0.10541	supercritical
462.50	250.00	102.85	0.0097231	2767.9	3011.0	5.7587	2.3627	4.6045	565.73	0.45801	29.328	0.10515	supercritical
463.54	250.00	102.39	0.0097666	2771.6	3015.8	5.7652	2.3560	4.5710	566.95	0.45688	29.361	0.10491	supercritical
464.58	250.00	101.94	0.0098098	2775.3	3020.5	5.7716	2.3495	4.5382	568.16	0.45574	29.395	0.10467	supercritical
465.62	250.00	101.49	0.0098527	2778.9	3025.2	5.7780	2.3431	4.5063	569.35	0.45461	29.429	0.10444	supercritical
466.67	250.00	101.06	0.0098954	2782.5	3029.9	5.7843	2.3368	4.4751	570.54	0.45346	29.463	0.10422	supercritical
467.71	250.00	100.63	0.0099377	2786.1	3034.5	5.7906	2.3306	4.4447	571.72	0.45231	29.497	0.10401	supercritical
468.75	250.00	100.20	0.0099798	2789.6	3039.1	5.7968	2.3245	4.4150	572.89	0.45116	29.531	0.10380	supercritical
469.79	250.00	99.783	0.010022	2793.2	3043.7	5.8030	2.3185	4.3859	574.05	0.45000	29.566	0.10360	supercritical
470.83	250.00	99.371	0.010063	2796.7	3048.3	5.8091	2.3126	4.3576	575.20	0.44884	29.601	0.10341	supercritical
471.87	250.00	98.964	0.010105	2800.2	3052.8	5.8152	2.3069	4.3298	576.34	0.44768	29.636	0.10322	supercritical
472.92	250.00	98.563	0.010146	2803.7	3057.3	5.8212	2.3012	4.3027	577.47	0.44651	29.671	0.10304	supercritical
473.96	250.00	98.168	0.010187	2807.1	3061.8	5.8272	2.2956	4.2762	578.59	0.44534	29.707	0.10287	supercritical
475.00	250.00	97.778	0.010227	2810.5	3066.2	5.8331	2.2901	4.2502	579.70	0.44417	29.742	0.10270	supercritical
476.04	250.00	97.393	0.010268	2813.9	3070.6	5.8390	2.2847	4.2249	580.80	0.44299	29.778	0.10254	supercritical
477.08	250.00	97.013	0.010308	2817.3	3075.0	5.8449	2.2794	4.2000	581.90	0.44181	29.814	0.10239	supercritical
478.12	250.00	96.639	0.010348	2820.7	3079.4	5.8507	2.2742	4.1757	582.99	0.44063	29.850	0.10224	supercritical
479.17	250.00	96.269	0.010388	2824.0	3083.7	5.8565	2.2691	4.1519	584.07	0.43944	29.887	0.10210	supercritical
480.21	250.00	95.904	0.010427	2827.3	3088.0	5.8622	2.2640	4.1286	585.14	0.43826	29.923	0.10196	supercritical
481.25	250.00	95.543	0.010466	2830.7	3092.3	5.8679	2.2591	4.1058	586.20	0.43707	29.960	0.10183	supercritical
482.29	250.00	95.187	0.010506	2833.9	3096.6	5.8735	2.2542	4.0835	587.26	0.43588	29.997	0.10170	supercritical
483.33	250.00	94.836	0.010545	2837.2	3100.8	5.8791	2.2494	4.0616	588.31	0.43469	30.033	0.10158	supercritical
484.37	250.00	94.489	0.010583	2840.5	3105.0	5.8847	2.2447	4.0401	589.35	0.43349	30.070	0.10146	supercritical
485.42	250.00	94.146	0.010622	2843.7	3109.2	5.8902	2.2400	4.0191	590.38	0.43230	30.108	0.10135	supercritical
486.46	250.00	93.807	0.010660	2846.9	3113.4	5.8957	2.2355	3.9985	591.41	0.43111	30.145	0.10124	supercritical
487.50	250.00	93.473	0.010698	2850.1	3117.6	5.9012	2.2310	3.9783	592.43	0.42991	30.182	0.10114	supercritical
488.54	250.00	93.142	0.010736	2853.3	3121.7	5.9066	2.2265	3.9585	593.44	0.42871	30.220	0.10104	supercritical
489.58	250.00	92.815	0.010774	2856.5	3125.8	5.9120	2.2222	3.9391	594.45	0.42752	30.257	0.10095	supercritical
490.62	250.00	92.492	0.010812	2859.6	3129.9	5.9174	2.2179	3.9201	595.44	0.42632	30.295	0.10086	supercritical
491.67	250.00	92.173	0.010849	2862.8	3134.0	5.9227	2.2137	3.9014	596.44	0.42512	30.333	0.10077	supercritical
492.71	250.00	91.857	0.010886	2865.9	3138.0	5.9280	2.2096	3.8830	597.42	0.42392	30.371	0.10069	supercritical
493.75	250.00	91.545	0.010924	2869.0	3142.1	5.9333	2.2055	3.8651	598.40	0.42273	30.409	0.10061	supercritical
494.79	250.00	91.237	0.010961	2872.1	3146.1	5.9385	2.2015	3.8474	599.38	0.42153	30.447	0.10054	supercritical
495.83	250.00	90.931	0.010997	2875.2	3150.1	5.9437	2.1975	3.8301	600.35	0.42033	30.485	0.10047	supercritical
496.87	250.00	90.630	0.011034	2878.2	3154.1	5.9489	2.1937	3.8131	601.31	0.41913	30.524	0.10040	supercritical
497.92	250.00	90.331	0.011070	2881.3	3158.0	5.9540	2.1898	3.7964	602.26	0.41794	30.562	0.10034	supercritical
498.96	250.00	90.036	0.011107	2884.3	3162.0	5.9592	2.1861	3.7800	603.21	0.41674	30.601	0.10028	supercritical
500.00	250.00	89.744	0.011143	2887.3	3165.9	5.9642	2.1824	3.7639	604.16	0.41555	30.639	0.10022	supercritical
501.04	250.00	89.454	0.011179	2890.3	3169.8	5.9693	2.1787	3.7481	605.10	0.41435	30.678	0.10017	supercritical
502.08	250.00	89.168	0.011215	2893.3	3173.7	5.9743	2.1751	3.7325	606.03	0.41316	30.716	0.10012	supercritical
503.12	250.00	88.885	0.011250	2896.3	3177.6	5.9793	2.1716	3.7173	606.96	0.41196	30.755	0.10008	supercritical
504.17	250.00	88.605	0.011286	2899.3	3181.5	5.9843	2.1681	3.7023	607.88	0.41077	30.794	0.10003	supercritical
505.21	250.00	88.328	0.011321	2902.3	3185.3	5.9893	2.1647	3.6875	608.80	0.40958	30.833	0.099994	supercritical
506.25	250.00	88.053	0.011357	2905.2	3189.1	5.9942	2.1613	3.6730	609.71	0.40839	30.872	0.099958	supercritical
507.29	250.00	87.782	0.011392	2908.2	3193.0	5.9991	2.1580	3.6588	610.62	0.40720	30.911	0.099924	supercritical
508.33	250.00	87.513	0.011427	2911.1	3196.8	6.0039	2.1548	3.6448	611.52	0.40601	30.950	0.099893	supercritical
509.37	250.00	87.246	0.011462	2914.0	3200.6	6.0088	2.1515	3.6311	612.42	0.40483	30.989	0.099866	supercritical
510.42	250.00	86.982	0.011497	2916.9	3204.3	6.0136	2.1484	3.6175	613.31	0.40364	31.029	0.099841	supercritical
511.46	250.00	86.721	0.011531	2919.8	3208.1	6.0184	2.1453	3.6042	614.20	0.40246	31.068	0.099819	supercritical
512.50	250.00	86.462	0.011566	2922.7	3211.8	6.0232	2.1422	3.5912	615.08	0.40128	31.107	0.099799	supercritical
513.54	250.00	86.206	0.011600	2925.6	3215.6	6.0279	2.1392	3.5783	615.96	0.40010	31.147	0.099782	supercritical
514.58	250.00	85.952	0.011634	2928.4	3219.3	6.0327	2.1362	3.5656	616.83	0.39892	31.186	0.099768	supercritical
515.62	250.00	85.701	0.011668	2931.3	3223.0	6.0374	2.1333	3.5532	617.70	0.39774	31.226	0.099756	supercritical
516.67	250.00	85.452	0.011703	2934.1	3226.7	6.0420	2.1304	3.5409	618.56	0.39657	31.265	0.099747	supercritical
517.71	250.00	85.205	0.011736	2937.0	3230.4	6.0467	2.1275	3.5289	619.42	0.39539	31.305	0.099740	supercritical
518.75	250.00	84.961	0.011770	2939.8	3234.0	6.0513	2.1247	3.5170	620.28	0.39422	31.344	0.099736	supercritical
519.79	250.00	84.718	0.011804	2942.6	3237.7	6.0560	2.1220	3.5054	621.13	0.39306	31.384	0.099734	supercritical
520.83	250.00	84.478	0.011837	2945.4	3241.4	6.0606	2.1193	3.4939	621.97	0.39189	31.424	0.099734	supercritical
521.87	250.00	84.240	0.011871	2948.2	3245.0	6.0651	2.1166	3.4826	622.82	0.39072	31.463	0.099736	supercritical
522.92	250.00	84.004	0.011904	2951.0	3248.6	6.0697	2.1140	3.4715	623.65	0.38956	31.503	0.099741	supercritical
523.96	250.00	83.771	0.011937	2953.8	3252.2	6.0742	2.1114	3.4605	624.49	0.38840	31.543	0.099748	supercritical
525.00	250.00	83.539	0.011970	2956.6	3255.8	6.0787	2.1088	3.4497	625.32	0.38724	31.583	0.099757	supercritical
526.04	250.00	83.309	0.012003	2959.3	3259.4	6.0832	2.1063	3.4391	626.15	0.38609	31.623	0.099768	supercritical
527.08	250.00	83.081	0.012036	2962.1	3263.0	6.0877	2.1038	3.4286	626.97	0.38493	31.663	0.099781	supercritical
528.12	250.00	82.856	0.012069	2964.8	3266.5	6.0921	2.1014	3.4183	627.79	0.38378	31.703	0.099796	supercritical
529.17	250.00	82.632	0.012102	2967.6	3270.1	6.0966	2.0990	3.4082	628.60	0.38263	31.743	0.099813	supercritical
530.21	250.00	82.410	0.012134	2970.3	3273.6	6.1010	2.0966	3.3982	629.41	0.38149	31.783	0.099832	supercritical
531.25	250.00	82.190	0.012167	2973.0	3277.2	6.1054	2.0943	3.3884	630.22	0.38034	31.823	0.099853	supercritical
532.29	250.00	81.972	0.012199	2975.7	3280.7	6.1098	2.0920	3.3787	631.02	0.37920	31.863	0.099876	supercritical
533.33	250.00	81.755	0.012232	2978.4	3284.2	6.1141	2.0897	3.3691	631.82	0.37806	31.903	0.099900	supercritical
534.37	250.00	81.540	0.012264	2981.1	3287.7	6.1185	2.0875	3.3597	632.62	0.37693	31.943	0.099927	supercritical
535.42	250.00	81.327	0.012296	2983.8	3291.2	6.1228	2.0853	3.3505	633.41	0.37580	31.983	0.099955	supercritical
536.46	250.00	81.116	0.012328	2986.5	3294.7	6.1271	2.0832	3.3413	634.20	0.37466	32.023	0.099985	supercritical
537.50	250.00	80.907	0.012360	2989.2	3298.2	6.1314	2.0810	3.3323	634.99	0.37354	32.064	0.10002	supercritical
538.54	250.00	80.699	0.012392	2991.9	3301.6	6.1357	2.0789	3.3235	635.77	0.37241	32.104	0.10005	supercritical
539.58	250.00	80.493	0.012423	2994.5	3305.1	6.1399	2.0769	3.3147	636.55	0.37129	32.144	0.10008	supercritical
540.62	250.00	80.288	0.012455	2997.2	3308.6	6.1442	2.0748	3.3061	637.32	0.37017	32.184	0.10012	supercritical
541.67	250.00	80.085	0.012487	2999.8	3312.0	6.1484	2.0728	3.2976	638.10	0.36905	32.225	0.10016	supercritical
542.71	250.00	79.884	0.012518	3002.5	3315.4	6.1526	2.0709	3.2892	638.86	0.36794	32.265	0.10020	supercritical
543.75	250.00	79.684	0.012550	3005.1	3318.8	6.1568	2.0689	3.2810	639.63	0.36683	32.305	0.10024	supercritical
544.79	250.00	79.486	0.012581	3007.7	3322.3	6.1610	2.0670	3.2728	640.39	0.36572	32.345	0.10028	supercritical
545.83	250.00	79.289	0.012612	3010.4	3325.7	6.1651	2.0651	3.2648	641.15	0.36461	32.386	0.10033	supercritical
546.87	250.00	79.094	0.012643	3013.0	3329.1	6.1693	2.0633	3.2569	641.91	0.36351	32.426	0.10037	supercritical
547.92	250.00	78.900	0.012674	3015.6	3332.4	6.1734	2.0615	3.2491	642.66	0.36241	32.467	0.10042	supercritical
548.96	250.00	78.707	0.012705	3018.2	3335.8	6.1775	2.0597	3.2414	643.41	0.36131	32.507	0.10047	supercritical
550.00	250.00	78.517	0.012736	3020.8	3339.2	6.1816	2.0579	3.2338	644.16	0.36022	32.547	0.10052	supercritical
551.04	250.00	78.327	0.012767	3023.4	3342.6	6.1857	2.0561	3.2263	644.91	0.35913	32.588	0.10057	supercritical
552.08	250.00	78.139	0.012798	3026.0	3345.9	6.1898	2.0544	3.2190	645.65	0.35804	32.628	0.10062	supercritical
553.12	250.00	77.952	0.012828	3028.6	3349.3	6.1938	2.0527	3.2117	646.39	0.35696	32.669	0.10067	supercritical
554.17	250.00	77.767	0.012859	3031.1	3352.6	6.1979	2.0511	3.2045	647.12	0.35587	32.709	0.10073	supercritical
555.21	250.00	77.583	0.012889	3033.7	3355.9	6.2019	2.0494	3.1974	647.85	0.35479	32.749	0.10078	supercritical
556.25	250.00	77.400	0.012920	3036.3	3359.3	6.2059	2.0478	3.1904	648.58	0.35372	32.790	0.10084	supercritical
557.29	250.00	77.218	0.012950	3038.8	3362.6	6.2099	2.0462	3.1835	649.31	0.35265	32.830	0.10090	supercritical
558.33	250.00	77.038	0.012981	3041.4	3365.9	6.2139	2.0446	3.1767	650.04	0.35158	32.871	0.10096	supercritical
559.37	250.00	76.859	0.013011	3043.9	3369.2	6.2179	2.0431	3.1700	650.76	0.35051	32.911	0.10102	supercritical
560.42	250.00	76.682	0.013041	3046.5	3372.5	6.2218	2.0416	3.1634	651.48	0.34945	32.952	0.10108	supercritical
561.46	250.00	76.505	0.013071	3049.0	3375.8	6.2258	2.0401	3.1569	652.19	0.34839	32.992	0.10115	supercritical
562.50	250.00	76.330	0.013101	3051.6	3379.1	6.2297	2.0386	3.1504	652.91	0.34733	33.033	0.10121	supercritical
563.54	250.00	76.156	0.013131	3054.1	3382.4	6.2336	2.0372	3.1440	653.62	0.34627	33.073	0.10127	supercritical
564.58	250.00	75.983	0.013161	3056.6	3385.6	6.2375	2.0357	3.1378	654.33	0.34522	33.114	0.10134	supercritical
565.62	250.00	75.811	0.013191	3059.1	3388.9	6.2414	2.0343	3.1316	655.03	0.34418	33.154	0.10141	supercritical
566.67	250.00	75.641	0.013220	3061.7	3392.2	6.2453	2.0329	3.1254	655.74	0.34313	33.195	0.10148	supercritical
567.71	250.00	75.472	0.013250	3064.2	3395.4	6.2492	2.0316	3.1194	656.44	0.34209	33.235	0.10155	supercritical
568.75	250.00	75.303	0.013280	3066.7	3398.7	6.2530	2.0302	3.1134	657.14	0.34105	33.276	0.10162	supercritical
569.79	250.00	75.136	0.013309	3069.2	3401.9	6.2569	2.0289	3.1075	657.83	0.34002	33.316	0.10169	supercritical
570.83	250.00	74.970	0.013339	3071.7	3405.1	6.2607	2.0276	3.1017	658.53	0.33898	33.357	0.10176	supercritical
571.87	250.00	74.805	0.013368	3074.2	3408.4	6.2645	2.0263	3.0960	659.22	0.33795	33.397	0.10183	supercritical
572.92	250.00	74.641	0.013397	3076.7	3411.6	6.2684	2.0251	3.0903	659.91	0.33693	33.438	0.10191	supercritical
573.96	250.00	74.479	0.013427	3079.1	3414.8	6.2722	2.0238	3.0847	660.59	0.33591	33.478	0.10198	supercritical
575.00	250.00	74.317	0.013456	3081.6	3418.0	6.2759	2.0226	3.0792	661.28	0.33489	33.519	0.10206	supercritical
576.04	250.00	74.156	0.013485	3084.1	3421.2	6.2797	2.0214	3.0738	661.96	0.33387	33.560	0.10214	supercritical
577.08	250.00	73.996	0.013514	3086.6	3424.4	6.2835	2.0202	3.0684	662.64	0.33286	33.600	0.10221	supercritical
578.12	250.00	73.838	0.013543	3089.0	3427.6	6.2872	2.0190	3.0631	663.32	0.33185	33.641	0.10229	supercritical
579.17	250.00	73.680	0.013572	3091.5	3430.8	6.2910	2.0179	3.0578	663.99	0.33084	33.681	0.10237	supercritical
580.21	250.00	73.523	0.013601	3094.0	3434.0	6.2947	2.0168	3.0526	664.67	0.32984	33.722	0.10245	supercritical
581.25	250.00	73.368	0.013630	3096.4	3437.2	6.2984	2.0157	3.0475	665.34	0.32884	33.762	0.10253	supercritical
582.29	250.00	73.213	0.013659	3098.9	3440.3	6.3021	2.0146	3.0424	666.01	0.32784	33.803	0.10261	supercritical
583.33	250.00	73.059	0.013688	3101.3	3443.5	6.3058	2.0135	3.0375	666.67	0.32685	33.843	0.10270	supercritical
584.37	250.00	72.906	0.013716	3103.8	3446.7	6.3095	2.0124	3.0325	667.34	0.32586	33.884	0.10278	supercritical
585.42	250.00	72.754	0.013745	3106.2	3449.8	6.3132	2.0114	3.0276	668.00	0.32487	33.924	0.10286	supercritical
586.46	250.00	72.604	0.013773	3108.6	3453.0	6.3169	2.0104	3.0228	668.66	0.32388	33.965	0.10295	supercritical
587.50	250.00	72.453	0.013802	3111.1	3456.1	6.3205	2.0094	3.0181	669.32	0.32290	34.005	0.10304	supercritical
588.54	250.00	72.304	0.013830	3113.5	3459.3	6.3242	2.0084	3.0134	669.98	0.32193	34.046	0.10312	supercritical
589.58	250.00	72.156	0.013859	3115.9	3462.4	6.3278	2.0074	3.0087	670.63	0.32095	34.086	0.10321	supercritical
590.62	250.00	72.009	0.013887	3118.3	3465.5	6.3314	2.0064	3.0042	671.28	0.31998	34.127	0.10330	supercritical
591.67	250.00	71.862	0.013916	3120.8	3468.6	6.3351	2.0055	2.9996	671.93	0.31901	34.167	0.10338	supercritical
592.71	250.00	71.716	0.013944	3123.2	3471.8	6.3387	2.0046	2.9952	672.58	0.31805	34.208	0.10347	supercritical
593.75	250.00	71.572	0.013972	3125.6	3474.9	6.3423	2.0036	2.9907	673.23	0.31708	34.248	0.10356	supercritical
594.79	250.00	71.428	0.014000	3128.0	3478.0	6.3459	2.0028	2.9864	673.87	0.31613	34.289	0.10365	supercritical
595.83	250.00	71.285	0.014028	3130.4	3481.1	6.3494	2.0019	2.9821	674.51	0.31517	34.329	0.10374	supercritical
596.87	250.00	71.142	0.014056	3132.8	3484.2	6.3530	2.0010	2.9778	675.15	0.31422	34.370	0.10384	supercritical
597.92	250.00	71.001	0.014084	3135.2	3487.3	6.3566	2.0001	2.9736	675.79	0.31327	34.410	0.10393	supercritical
598.96	250.00	70.860	0.014112	3137.6	3490.4	6.3601	1.9993	2.9694	676.43	0.31232	34.450	0.10402	supercritical
600.00	250.00	70.720	0.014140	3140.0	3493.5	6.3637	1.9985	2.9653	677.06	0.31138	34.491	0.10411	supercritical
601.04	250.00	70.581	0.014168	3142.4	3496.6	6.3672	1.9977	2.9612	677.70	0.31044	34.531	0.10421	supercritical
602.08	250.00	70.443	0.014196	3144.8	3499.7	6.3707	1.9969	2.9572	678.33	0.30950	34.572	0.10430	supercritical
603.12	250.00	70.305	0.014224	3147.2	3502.7	6.3742	1.9961	2.9532	678.96	0.30857	34.612	0.10440	supercritical
604.17	250.00	70.169	0.014251	3149.5	3505.8	6.3777	1.9953	2.9493	679.59	0.30764	34.653	0.10449	supercritical
605.21	250.00	70.033	0.014279	3151.9	3508.9	6.3812	1.9946	2.9454	680.21	0.30671	34.693	0.10459	supercritical
606.25	250.00	69.898	0.014307	3154.3	3512.0	6.3847	1.9938	2.9416	680.84	0.30579	34.733	0.10468	supercritical
607.29	250.00	69.763	0.014334	3156.7	3515.0	6.3882	1.9931	2.9378	681.46	0.30487	34.774	0.10478	supercritical
608.33	250.00	69.629	0.014362	3159.0	3518.1	6.3917	1.9924	2.9341	682.08	0.30395	34.814	0.10488	supercritical
609.37	250.00	69.496	0.014389	3161.4	3521.1	6.3951	1.9917	2.9304	682.70	0.30303	34.855	0.10498	supercritical
610.42	250.00	69.364	0.014417	3163.8	3524.2	6.3986	1.9910	2.9267	683.31	0.30212	34.895	0.10507	supercritical
611.46	250.00	69.232	0.014444	3166.1	3527.2	6.4020	1.9903	2.9231	683.93	0.30121	34.935	0.10517	supercritical
612.50	250.00	69.102	0.014471	3168.5	3530.3	6.4055	1.9897	2.9195	684.54	0.30031	34.976	0.10527	supercritical
613.54	250.00	68.971	0.014499	3170.8	3533.3	6.4089	1.9890	2.9160	685.16	0.29941	35.016	0.10537	supercritical
614.58	250.00	68.842	0.014526	3173.2	3536.3	6.4123	1.9884	2.9125	685.77	0.29851	35.056	0.10547	supercritical
615.62	250.00	68.713	0.014553	3175.5	3539.4	6.4157	1.9877	2.9090	686.37	0.29761	35.097	0.10557	supercritical
616.67	250.00	68.585	0.014580	3177.9	3542.4	6.4192	1.9871	2.9056	686.98	0.29672	35.137	0.10567	supercritical
617.71	250.00	68.458	0.014608	3180.2	3545.4	6.4225	1.9865	2.9023	687.59	0.29583	35.177	0.10578	supercritical
618.75	250.00	68.331	0.014635	3182.6	3548.5	6.4259	1.9859	2.8989	688.19	0.29494	35.217	0.10588	supercritical
619.79	250.00	68.205	0.014662	3184.9	3551.5	6.4293	1.9853	2.8956	688.79	0.29406	35.258	0.10598	supercritical
620.83	250.00	68.079	0.014689	3187.3	3554.5	6.4327	1.9848	2.8924	689.39	0.29318	35.298	0.10608	supercritical
621.87	250.00	67.955	0.014716	3189.6	3557.5	6.4361	1.9842	2.8891	689.99	0.29230	35.338	0.10619	supercritical
622.92	250.00	67.830	0.014743	3191.9	3560.5	6.4394	1.9837	2.8860	690.59	0.29142	35.378	0.10629	supercritical
623.96	250.00	67.707	0.014770	3194.3	3563.5	6.4428	1.9831	2.8828	691.19	0.29055	35.419	0.10639	supercritical
625.00	250.00	67.584	0.014796	3196.6	3566.5	6.4461	1.9826	2.8797	691.78	0.28968	35.459	0.10650	supercritical
626.04	250.00	67.462	0.014823	3198.9	3569.5	6.4495	1.9821	2.8766	692.38	0.28882	35.499	0.10660	supercritical
627.08	250.00	67.340	0.014850	3201.3	3572.5	6.4528	1.9816	2.8736	692.97	0.28796	35.539	0.10671	supercritical
628.12	250.00	67.219	0.014877	3203.6	3575.5	6.4561	1.9811	2.8706	693.56	0.28710	35.580	0.10681	supercritical
629.17	250.00	67.099	0.014903	3205.9	3578.5	6.4594	1.9806	2.8676	694.15	0.28624	35.620	0.10692	supercritical
630.21	250.00	66.979	0.014930	3208.2	3581.5	6.4627	1.9801	2.8646	694.73	0.28538	35.660	0.10702	supercritical
631.25	250.00	66.860	0.014957	3210.5	3584.5	6.4660	1.9797	2.8617	695.32	0.28453	35.700	0.10713	supercritical
632.29	250.00	66.741	0.014983	3212.9	3587.4	6.4693	1.9792	2.8588	695.90	0.28369	35.740	0.10724	supercritical
633.33	250.00	66.623	0.015010	3215.2	3590.4	6.4726	1.9788	2.8560	696.49	0.28284	35.780	0.10734	supercritical
634.37	250.00	66.505	0.015036	3217.5	3593.4	6.4759	1.9783	2.8532	697.07	0.28200	35.820	0.10745	supercritical
635.42	250.00	66.388	0.015063	3219.8	3596.4	6.4791	1.9779	2.8504	697.65	0.28116	35.861	0.10756	supercritical
636.46	250.00	66.272	0.015089	3222.1	3599.3	6.4824	1.9775	2.8476	698.23	0.28032	35.901	0.10767	supercritical
637.50	250.00	66.156	0.015116	3224.4	3602.3	6.4857	1.9771	2.8449	698.80	0.27949	35.941	0.10777	supercritical
638.54	250.00	66.041	0.015142	3226.7	3605.2	6.4889	1.9767	2.8422	699.38	0.27866	35.981	0.10788	supercritical
639.58	250.00	65.927	0.015168	3229.0	3608.2	6.4922	1.9763	2.8396	699.96	0.27783	36.021	0.10799	supercritical
640.62	250.00	65.812	0.015195	3231.3	3611.2	6.4954	1.9759	2.8369	700.53	0.27701	36.061	0.10810	supercritical
641.67	250.00	65.699	0.015221	3233.6	3614.1	6.4986	1.9755	2.8343	701.10	0.27619	36.101	0.10821	supercritical
642.71	250.00	65.586	0.015247	3235.9	3617.1	6.5019	1.9752	2.8318	701.67	0.27537	36.141	0.10832	supercritical
643.75	250.00	65.473	0.015273	3238.2	3620.0	6.5051	1.9748	2.8292	702.24	0.27455	36.181	0.10843	supercritical
644.79	250.00	65.361	0.015300	3240.5	3623.0	6.5083	1.9745	2.8267	702.81	0.27374	36.221	0.10854	supercritical
645.83	250.00	65.250	0.015326	3242.8	3625.9	6.5115	1.9742	2.8242	703.37	0.27293	36.261	0.10865	supercritical
646.87	250.00	65.139	0.015352	3245.1	3628.8	6.5147	1.9738	2.8217	703.94	0.27212	36.301	0.10876	supercritical
647.92	250.00	65.029	0.015378	3247.3	3631.8	6.5179	1.9735	2.8193	704.50	0.27132	36.341	0.10887	supercritical
648.96	250.00	64.919	0.015404	3249.6	3634.7	6.5211	1.9732	2.8169	705.07	0.27052	36.381	0.10898	supercritical
650.00	250.00	64.810	0.015430	3251.9	3637.7	6.5242	1.9729	2.8145	705.63	0.26972	36.421	0.10909	supercritical
