Temperature (C)	Pressure (bar)	Density (kg/m3)	Volume (m3/kg)	Internal Energy (kJ/kg)	Enthalpy (kJ/kg)	Entropy (J/g*K)	Cv (J/g*K)	Cp (J/g*K)	Sound Spd. (m/s)	Joule-Thomson (K/bar)	Viscosity (uPa*s)	Therm. Cond. (W/m*K)	Phase
25.000	0.30000	997.02	0.0010030	104.82	104.85	0.36722	4.1378	4.1815	1496.6	-0.022147	890.10	0.60716	liquid
26.042	0.30000	996.74	0.0010033	109.18	109.21	0.38180	4.1337	4.1811	1499.3	-0.022077	869.38	0.60893	liquid
27.083	0.30000	996.46	0.0010036	113.53	113.56	0.39633	4.1295	4.1808	1502.0	-0.022008	849.43	0.61068	liquid
28.125	0.30000	996.17	0.0010038	117.89	117.92	0.41081	4.1252	4.1805	1504.6	-0.021940	830.22	0.61241	liquid
29.167	0.30000	995.87	0.0010042	122.24	122.27	0.42524	4.1209	4.1802	1507.1	-0.021873	811.69	0.61412	liquid
30.208	0.30000	995.55	0.0010045	126.60	126.63	0.43962	4.1166	4.1800	1509.5	-0.021806	793.83	0.61581	liquid
31.250	0.30000	995.23	0.0010048	130.95	130.98	0.45395	4.1122	4.1798	1511.9	-0.021740	776.60	0.61747	liquid
32.292	0.30000	994.90	0.0010051	135.31	135.34	0.46823	4.1078	4.1797	1514.1	-0.021674	759.96	0.61912	liquid
33.333	0.30000	994.56	0.0010055	139.66	139.69	0.48246	4.1033	4.1795	1516.3	-0.021609	743.90	0.62074	liquid
34.375	0.30000	994.22	0.0010058	144.01	144.04	0.49664	4.0987	4.1795	1518.5	-0.021544	728.38	0.62234	liquid
35.417	0.30000	993.86	0.0010062	148.37	148.40	0.51077	4.0942	4.1794	1520.5	-0.021480	713.38	0.62392	liquid
36.458	0.30000	993.49	0.0010066	152.72	152.75	0.52485	4.0896	4.1794	1522.5	-0.021416	698.87	0.62548	liquid
37.500	0.30000	993.12	0.0010069	157.07	157.10	0.53889	4.0849	4.1794	1524.4	-0.021353	684.84	0.62701	liquid
38.542	0.30000	992.73	0.0010073	161.43	161.46	0.55288	4.0802	4.1795	1526.3	-0.021291	671.26	0.62852	liquid
39.583	0.30000	992.34	0.0010077	165.78	165.81	0.56683	4.0755	4.1796	1528.1	-0.021228	658.11	0.63001	liquid
40.625	0.30000	991.94	0.0010081	170.14	170.17	0.58073	4.0707	4.1797	1529.8	-0.021166	645.38	0.63147	liquid
41.667	0.30000	991.54	0.0010085	174.49	174.52	0.59458	4.0659	4.1798	1531.5	-0.021105	633.05	0.63291	liquid
42.708	0.30000	991.12	0.0010090	178.84	178.87	0.60839	4.0611	4.1799	1533.0	-0.021044	621.09	0.63432	liquid
43.750	0.30000	990.70	0.0010094	183.20	183.23	0.62215	4.0562	4.1801	1534.6	-0.020983	609.50	0.63572	liquid
44.792	0.30000	990.27	0.0010098	187.55	187.58	0.63587	4.0513	4.1803	1536.0	-0.020922	598.26	0.63708	liquid
45.833	0.30000	989.83	0.0010103	191.91	191.94	0.64954	4.0464	4.1805	1537.4	-0.020862	587.36	0.63843	liquid
46.875	0.30000	989.38	0.0010107	196.26	196.29	0.66317	4.0414	4.1807	1538.8	-0.020802	576.78	0.63975	liquid
47.917	0.30000	988.93	0.0010112	200.62	200.65	0.67676	4.0364	4.1810	1540.1	-0.020743	566.50	0.64104	liquid
48.958	0.30000	988.47	0.0010117	204.97	205.00	0.69030	4.0314	4.1812	1541.3	-0.020684	556.53	0.64231	liquid
50.000	0.30000	988.00	0.0010121	209.33	209.36	0.70380	4.0264	4.1815	1542.4	-0.020624	546.84	0.64356	liquid
51.042	0.30000	987.53	0.0010126	213.68	213.71	0.71726	4.0213	4.1818	1543.6	-0.020566	537.42	0.64479	liquid
52.083	0.30000	987.05	0.0010131	218.04	218.07	0.73067	4.0162	4.1821	1544.6	-0.020507	528.27	0.64599	liquid
53.125	0.30000	986.56	0.0010136	222.40	222.43	0.74405	4.0111	4.1825	1545.6	-0.020448	519.37	0.64716	liquid
54.167	0.30000	986.06	0.0010141	226.75	226.78	0.75738	4.0059	4.1828	1546.5	-0.020390	510.72	0.64832	liquid
55.208	0.30000	985.56	0.0010147	231.11	231.14	0.77067	4.0007	4.1832	1547.4	-0.020332	502.30	0.64945	liquid
56.250	0.30000	985.05	0.0010152	235.47	235.50	0.78392	3.9955	4.1836	1548.3	-0.020274	494.11	0.65055	liquid
57.292	0.30000	984.54	0.0010157	239.83	239.86	0.79713	3.9903	4.1840	1549.0	-0.020216	486.14	0.65164	liquid
58.333	0.30000	984.01	0.0010162	244.18	244.21	0.81030	3.9851	4.1844	1549.8	-0.020159	478.38	0.65270	liquid
59.375	0.30000	983.49	0.0010168	248.54	248.57	0.82343	3.9798	4.1848	1550.5	-0.020101	470.82	0.65374	liquid
60.417	0.30000	982.95	0.0010173	252.90	252.93	0.83652	3.9745	4.1853	1551.1	-0.020044	463.46	0.65476	liquid
61.458	0.30000	982.41	0.0010179	257.26	257.29	0.84957	3.9692	4.1858	1551.7	-0.019986	456.29	0.65575	liquid
62.500	0.30000	981.86	0.0010185	261.62	261.65	0.86258	3.9639	4.1862	1552.2	-0.019929	449.30	0.65672	liquid
63.542	0.30000	981.31	0.0010191	265.98	266.01	0.87555	3.9586	4.1867	1552.7	-0.019871	442.49	0.65767	liquid
64.583	0.30000	980.75	0.0010196	270.34	270.38	0.88849	3.9532	4.1873	1553.1	-0.019814	435.85	0.65860	liquid
65.625	0.30000	980.18	0.0010202	274.71	274.74	0.90138	3.9479	4.1878	1553.5	-0.019757	429.38	0.65951	liquid
66.667	0.30000	979.61	0.0010208	279.07	279.10	0.91424	3.9425	4.1884	1553.8	-0.019700	423.06	0.66039	liquid
67.708	0.30000	979.03	0.0010214	283.43	283.46	0.92706	3.9371	4.1889	1554.1	-0.019643	416.91	0.66126	liquid
68.750	0.30000	978.44	0.0010220	287.80	287.83	0.93984	3.9317	4.1895	1554.4	-0.019586	410.90	0.66211	liquid
69.095	0.30000	978.25	0.0010222	289.24	289.27	0.94407	3.9299	4.1897	1554.4	-0.019567	408.94	0.66238	liquid
69.095	0.30000	0.19126	5.2284	2467.7	2624.5	7.7675	1.4923	1.9841	455.03	10.463	11.231	0.021986	vapor
69.792	0.30000	0.19086	5.2395	2468.7	2625.9	7.7715	1.4904	1.9817	455.54	10.321	11.255	0.022033	vapor
70.833	0.30000	0.19026	5.2560	2470.3	2628.0	7.7775	1.4879	1.9784	456.29	10.118	11.290	0.022105	vapor
71.875	0.30000	0.18966	5.2725	2471.9	2630.1	7.7835	1.4856	1.9754	457.04	9.9240	11.326	0.022177	vapor
72.917	0.30000	0.18907	5.2890	2473.4	2632.1	7.7894	1.4835	1.9726	457.78	9.7384	11.363	0.022249	vapor
73.958	0.30000	0.18848	5.3055	2475.0	2634.2	7.7954	1.4816	1.9701	458.52	9.5604	11.399	0.022321	vapor
75.000	0.30000	0.18790	5.3220	2476.6	2636.2	7.8013	1.4799	1.9677	459.25	9.3895	11.435	0.022394	vapor
76.042	0.30000	0.18732	5.3385	2478.1	2638.3	7.8071	1.4783	1.9655	459.97	9.2248	11.471	0.022467	vapor
77.083	0.30000	0.18674	5.3549	2479.7	2640.3	7.8130	1.4769	1.9635	460.69	9.0660	11.508	0.022541	vapor
78.125	0.30000	0.18617	5.3714	2481.2	2642.4	7.8188	1.4755	1.9616	461.41	8.9125	11.544	0.022615	vapor
79.167	0.30000	0.18560	5.3878	2482.8	2644.4	7.8246	1.4743	1.9598	462.13	8.7640	11.581	0.022689	vapor
80.208	0.30000	0.18504	5.4043	2484.3	2646.4	7.8304	1.4731	1.9581	462.84	8.6200	11.617	0.022764	vapor
81.250	0.30000	0.18448	5.4207	2485.9	2648.5	7.8362	1.4721	1.9566	463.55	8.4803	11.654	0.022839	vapor
82.292	0.30000	0.18392	5.4371	2487.4	2650.5	7.8419	1.4711	1.9551	464.25	8.3447	11.691	0.022914	vapor
83.333	0.30000	0.18337	5.4535	2488.9	2652.5	7.8476	1.4701	1.9537	464.95	8.2128	11.728	0.022989	vapor
84.375	0.30000	0.18282	5.4699	2490.5	2654.6	7.8533	1.4693	1.9524	465.65	8.0844	11.765	0.023065	vapor
85.417	0.30000	0.18227	5.4863	2492.0	2656.6	7.8590	1.4684	1.9511	466.35	7.9594	11.802	0.023142	vapor
86.458	0.30000	0.18173	5.5027	2493.6	2658.6	7.8647	1.4677	1.9500	467.05	7.8376	11.839	0.023218	vapor
87.500	0.30000	0.18119	5.5191	2495.1	2660.7	7.8703	1.4670	1.9488	467.74	7.7188	11.876	0.023295	vapor
88.542	0.30000	0.18065	5.5354	2496.6	2662.7	7.8759	1.4663	1.9478	468.43	7.6028	11.913	0.023372	vapor
89.583	0.30000	0.18012	5.5518	2498.2	2664.7	7.8815	1.4657	1.9468	469.12	7.4897	11.951	0.023450	vapor
90.625	0.30000	0.17959	5.5682	2499.7	2666.8	7.8871	1.4651	1.9458	469.81	7.3791	11.988	0.023527	vapor
91.667	0.30000	0.17907	5.5845	2501.3	2668.8	7.8927	1.4645	1.9449	470.49	7.2711	12.026	0.023605	vapor
92.708	0.30000	0.17854	5.6009	2502.8	2670.8	7.8982	1.4640	1.9440	471.18	7.1655	12.063	0.023684	vapor
93.750	0.30000	0.17802	5.6172	2504.3	2672.8	7.9037	1.4635	1.9432	471.86	7.0623	12.101	0.023762	vapor
94.792	0.30000	0.17751	5.6335	2505.9	2674.9	7.9092	1.4631	1.9424	472.54	6.9613	12.139	0.023841	vapor
95.833	0.30000	0.17700	5.6499	2507.4	2676.9	7.9147	1.4627	1.9417	473.22	6.8625	12.176	0.023920	vapor
96.875	0.30000	0.17649	5.6662	2508.9	2678.9	7.9202	1.4623	1.9410	473.89	6.7658	12.214	0.024000	vapor
97.917	0.30000	0.17598	5.6825	2510.5	2680.9	7.9257	1.4619	1.9403	474.57	6.6711	12.252	0.024080	vapor
98.958	0.30000	0.17548	5.6988	2512.0	2682.9	7.9311	1.4616	1.9397	475.24	6.5785	12.290	0.024160	vapor
100.00	0.30000	0.17497	5.7151	2513.5	2685.0	7.9365	1.4613	1.9390	475.91	6.4877	12.328	0.024240	vapor
101.04	0.30000	0.17448	5.7314	2515.0	2687.0	7.9419	1.4610	1.9385	476.58	6.3988	12.366	0.024321	vapor
102.08	0.30000	0.17398	5.7477	2516.6	2689.0	7.9473	1.4607	1.9379	477.25	6.3117	12.404	0.024402	vapor
103.13	0.30000	0.17349	5.7640	2518.1	2691.0	7.9527	1.4605	1.9374	477.92	6.2264	12.443	0.024483	vapor
104.17	0.30000	0.17300	5.7803	2519.6	2693.0	7.9580	1.4602	1.9369	478.58	6.1428	12.481	0.024564	vapor
105.21	0.30000	0.17252	5.7966	2521.2	2695.1	7.9634	1.4600	1.9365	479.24	6.0608	12.519	0.024646	vapor
106.25	0.30000	0.17203	5.8129	2522.7	2697.1	7.9687	1.4599	1.9360	479.91	5.9804	12.558	0.024728	vapor
107.29	0.30000	0.17155	5.8291	2524.2	2699.1	7.9740	1.4597	1.9356	480.57	5.9016	12.596	0.024810	vapor
108.33	0.30000	0.17107	5.8454	2525.7	2701.1	7.9793	1.4596	1.9352	481.23	5.8244	12.635	0.024893	vapor
109.38	0.30000	0.17060	5.8617	2527.3	2703.1	7.9846	1.4594	1.9349	481.88	5.7486	12.673	0.024976	vapor
110.42	0.30000	0.17013	5.8779	2528.8	2705.1	7.9898	1.4593	1.9345	482.54	5.6743	12.712	0.025059	vapor
111.46	0.30000	0.16966	5.8942	2530.3	2707.2	7.9951	1.4592	1.9342	483.19	5.6014	12.750	0.025142	vapor
112.50	0.30000	0.16919	5.9105	2531.9	2709.2	8.0003	1.4592	1.9339	483.85	5.5299	12.789	0.025226	vapor
113.54	0.30000	0.16873	5.9267	2533.4	2711.2	8.0055	1.4591	1.9336	484.50	5.4598	12.828	0.025309	vapor
114.58	0.30000	0.16827	5.9430	2534.9	2713.2	8.0107	1.4590	1.9334	485.15	5.3909	12.867	0.025393	vapor
115.63	0.30000	0.16781	5.9592	2536.4	2715.2	8.0159	1.4590	1.9331	485.80	5.3234	12.906	0.025478	vapor
116.67	0.30000	0.16735	5.9754	2538.0	2717.2	8.0211	1.4590	1.9329	486.45	5.2571	12.945	0.025562	vapor
117.71	0.30000	0.16690	5.9917	2539.5	2719.2	8.0262	1.4590	1.9327	487.10	5.1920	12.984	0.025647	vapor
118.75	0.30000	0.16645	6.0079	2541.0	2721.3	8.0314	1.4590	1.9325	487.74	5.1281	13.023	0.025732	vapor
119.79	0.30000	0.16600	6.0241	2542.5	2723.3	8.0365	1.4590	1.9324	488.39	5.0654	13.062	0.025817	vapor
120.83	0.30000	0.16555	6.0404	2544.1	2725.3	8.0416	1.4591	1.9322	489.03	5.0038	13.101	0.025903	vapor
121.88	0.30000	0.16511	6.0566	2545.6	2727.3	8.0467	1.4591	1.9321	489.67	4.9434	13.141	0.025989	vapor
122.92	0.30000	0.16467	6.0728	2547.1	2729.3	8.0518	1.4592	1.9320	490.31	4.8840	13.180	0.026075	vapor
123.96	0.30000	0.16423	6.0890	2548.6	2731.3	8.0569	1.4593	1.9319	490.95	4.8257	13.219	0.026161	vapor
125.00	0.30000	0.16379	6.1053	2550.2	2733.3	8.0620	1.4594	1.9318	491.59	4.7684	13.259	0.026247	vapor
126.04	0.30000	0.16336	6.1215	2551.7	2735.3	8.0670	1.4595	1.9318	492.23	4.7121	13.298	0.026334	vapor
127.08	0.30000	0.16293	6.1377	2553.2	2737.4	8.0720	1.4596	1.9317	492.86	4.6568	13.338	0.026421	vapor
128.13	0.30000	0.16250	6.1539	2554.7	2739.4	8.0771	1.4597	1.9317	493.50	4.6025	13.377	0.026508	vapor
129.17	0.30000	0.16207	6.1701	2556.3	2741.4	8.0821	1.4598	1.9317	494.13	4.5492	13.417	0.026596	vapor
130.21	0.30000	0.16165	6.1863	2557.8	2743.4	8.0871	1.4600	1.9316	494.76	4.4968	13.456	0.026683	vapor
131.25	0.30000	0.16123	6.2025	2559.3	2745.4	8.0920	1.4601	1.9317	495.39	4.4452	13.496	0.026771	vapor
132.29	0.30000	0.16081	6.2187	2560.9	2747.4	8.0970	1.4603	1.9317	496.02	4.3946	13.536	0.026859	vapor
133.33	0.30000	0.16039	6.2349	2562.4	2749.4	8.1020	1.4605	1.9317	496.65	4.3448	13.575	0.026948	vapor
134.38	0.30000	0.15997	6.2511	2563.9	2751.4	8.1069	1.4607	1.9317	497.28	4.2959	13.615	0.027036	vapor
135.42	0.30000	0.15956	6.2673	2565.4	2753.5	8.1118	1.4609	1.9318	497.90	4.2478	13.655	0.027125	vapor
136.46	0.30000	0.15915	6.2834	2567.0	2755.5	8.1168	1.4611	1.9319	498.53	4.2005	13.695	0.027214	vapor
137.50	0.30000	0.15874	6.2996	2568.5	2757.5	8.1217	1.4613	1.9319	499.15	4.1540	13.735	0.027303	vapor
138.54	0.30000	0.15833	6.3158	2570.0	2759.5	8.1266	1.4615	1.9320	499.78	4.1083	13.775	0.027392	vapor
139.58	0.30000	0.15793	6.3320	2571.5	2761.5	8.1315	1.4617	1.9321	500.40	4.0633	13.815	0.027482	vapor
140.63	0.30000	0.15753	6.3482	2573.1	2763.5	8.1363	1.4619	1.9322	501.02	4.0191	13.855	0.027572	vapor
141.67	0.30000	0.15713	6.3643	2574.6	2765.5	8.1412	1.4622	1.9324	501.64	3.9756	13.895	0.027662	vapor
142.71	0.30000	0.15673	6.3805	2576.1	2767.5	8.1460	1.4624	1.9325	502.26	3.9328	13.936	0.027752	vapor
143.75	0.30000	0.15633	6.3967	2577.7	2769.6	8.1509	1.4627	1.9326	502.88	3.8907	13.976	0.027842	vapor
144.79	0.30000	0.15594	6.4129	2579.2	2771.6	8.1557	1.4630	1.9328	503.49	3.8493	14.016	0.027933	vapor
145.83	0.30000	0.15554	6.4290	2580.7	2773.6	8.1605	1.4632	1.9330	504.11	3.8086	14.056	0.028024	vapor
146.88	0.30000	0.15515	6.4452	2582.2	2775.6	8.1653	1.4635	1.9331	504.72	3.7685	14.097	0.028115	vapor
147.92	0.30000	0.15477	6.4614	2583.8	2777.6	8.1701	1.4638	1.9333	505.34	3.7291	14.137	0.028206	vapor
148.96	0.30000	0.15438	6.4775	2585.3	2779.6	8.1749	1.4641	1.9335	505.95	3.6902	14.177	0.028298	vapor
150.00	0.30000	0.15400	6.4937	2586.8	2781.6	8.1796	1.4644	1.9337	506.56	3.6520	14.218	0.028390	vapor
151.04	0.30000	0.15361	6.5098	2588.4	2783.6	8.1844	1.4647	1.9339	507.17	3.6144	14.258	0.028481	vapor
152.08	0.30000	0.15323	6.5260	2589.9	2785.7	8.1891	1.4650	1.9341	507.78	3.5774	14.299	0.028574	vapor
153.13	0.30000	0.15285	6.5421	2591.4	2787.7	8.1939	1.4653	1.9343	508.39	3.5410	14.339	0.028666	vapor
154.17	0.30000	0.15248	6.5583	2592.9	2789.7	8.1986	1.4657	1.9345	508.99	3.5051	14.380	0.028758	vapor
155.21	0.30000	0.15210	6.5745	2594.5	2791.7	8.2033	1.4660	1.9348	509.60	3.4698	14.421	0.028851	vapor
156.25	0.30000	0.15173	6.5906	2596.0	2793.7	8.2080	1.4663	1.9350	510.21	3.4350	14.461	0.028944	vapor
157.29	0.30000	0.15136	6.6068	2597.5	2795.7	8.2127	1.4667	1.9353	510.81	3.4008	14.502	0.029037	vapor
158.33	0.30000	0.15099	6.6229	2599.1	2797.8	8.2174	1.4670	1.9355	511.41	3.3670	14.543	0.029130	vapor
159.38	0.30000	0.15062	6.6390	2600.6	2799.8	8.2220	1.4674	1.9358	512.02	3.3338	14.584	0.029224	vapor
160.42	0.30000	0.15026	6.6552	2602.1	2801.8	8.2267	1.4677	1.9361	512.62	3.3011	14.625	0.029317	vapor
161.46	0.30000	0.14990	6.6713	2603.7	2803.8	8.2313	1.4681	1.9364	513.22	3.2689	14.665	0.029411	vapor
162.50	0.30000	0.14953	6.6875	2605.2	2805.8	8.2360	1.4685	1.9366	513.82	3.2371	14.706	0.029505	vapor
163.54	0.30000	0.14917	6.7036	2606.7	2807.8	8.2406	1.4688	1.9369	514.42	3.2059	14.747	0.029599	vapor
164.58	0.30000	0.14882	6.7197	2608.3	2809.9	8.2452	1.4692	1.9372	515.01	3.1751	14.788	0.029694	vapor
165.63	0.30000	0.14846	6.7359	2609.8	2811.9	8.2498	1.4696	1.9375	515.61	3.1447	14.829	0.029788	vapor
166.67	0.30000	0.14810	6.7520	2611.3	2813.9	8.2544	1.4700	1.9378	516.21	3.1148	14.870	0.029883	vapor
167.71	0.30000	0.14775	6.7682	2612.9	2815.9	8.2590	1.4704	1.9382	516.80	3.0853	14.911	0.029978	vapor
168.75	0.30000	0.14740	6.7843	2614.4	2817.9	8.2636	1.4708	1.9385	517.40	3.0563	14.952	0.030073	vapor
169.79	0.30000	0.14705	6.8004	2615.9	2820.0	8.2681	1.4712	1.9388	517.99	3.0276	14.994	0.030169	vapor
170.83	0.30000	0.14670	6.8165	2617.5	2822.0	8.2727	1.4716	1.9391	518.58	2.9994	15.035	0.030264	vapor
171.88	0.30000	0.14636	6.8327	2619.0	2824.0	8.2772	1.4720	1.9395	519.17	2.9716	15.076	0.030360	vapor
172.92	0.30000	0.14601	6.8488	2620.5	2826.0	8.2818	1.4724	1.9398	519.76	2.9442	15.117	0.030456	vapor
173.96	0.30000	0.14567	6.8649	2622.1	2828.0	8.2863	1.4728	1.9402	520.35	2.9172	15.158	0.030552	vapor
175.00	0.30000	0.14533	6.8811	2623.6	2830.1	8.2908	1.4733	1.9405	520.94	2.8905	15.200	0.030648	vapor
176.04	0.30000	0.14499	6.8972	2625.2	2832.1	8.2953	1.4737	1.9409	521.53	2.8642	15.241	0.030744	vapor
177.08	0.30000	0.14465	6.9133	2626.7	2834.1	8.2998	1.4741	1.9413	522.12	2.8383	15.282	0.030841	vapor
178.13	0.30000	0.14431	6.9294	2628.2	2836.1	8.3043	1.4746	1.9416	522.70	2.8128	15.324	0.030938	vapor
179.17	0.30000	0.14398	6.9455	2629.8	2838.1	8.3088	1.4750	1.9420	523.29	2.7876	15.365	0.031035	vapor
180.21	0.30000	0.14364	6.9617	2631.3	2840.2	8.3132	1.4754	1.9424	523.87	2.7627	15.406	0.031132	vapor
181.25	0.30000	0.14331	6.9778	2632.9	2842.2	8.3177	1.4759	1.9428	524.45	2.7382	15.448	0.031229	vapor
182.29	0.30000	0.14298	6.9939	2634.4	2844.2	8.3221	1.4763	1.9432	525.04	2.7140	15.489	0.031327	vapor
183.33	0.30000	0.14265	7.0100	2635.9	2846.2	8.3266	1.4768	1.9435	525.62	2.6902	15.531	0.031424	vapor
184.38	0.30000	0.14233	7.0261	2637.5	2848.3	8.3310	1.4772	1.9439	526.20	2.6666	15.573	0.031522	vapor
185.42	0.30000	0.14200	7.0422	2639.0	2850.3	8.3354	1.4777	1.9443	526.78	2.6434	15.614	0.031620	vapor
186.46	0.30000	0.14168	7.0584	2640.6	2852.3	8.3398	1.4782	1.9447	527.36	2.6205	15.656	0.031718	vapor
187.50	0.30000	0.14135	7.0745	2642.1	2854.3	8.3442	1.4786	1.9452	527.94	2.5979	15.697	0.031817	vapor
188.54	0.30000	0.14103	7.0906	2643.6	2856.4	8.3486	1.4791	1.9456	528.51	2.5756	15.739	0.031915	vapor
189.58	0.30000	0.14071	7.1067	2645.2	2858.4	8.3530	1.4796	1.9460	529.09	2.5536	15.781	0.032014	vapor
190.63	0.30000	0.14039	7.1228	2646.7	2860.4	8.3574	1.4800	1.9464	529.67	2.5319	15.822	0.032113	vapor
191.67	0.30000	0.14008	7.1389	2648.3	2862.4	8.3618	1.4805	1.9468	530.24	2.5105	15.864	0.032212	vapor
192.71	0.30000	0.13976	7.1550	2649.8	2864.5	8.3661	1.4810	1.9473	530.82	2.4894	15.906	0.032311	vapor
193.75	0.30000	0.13945	7.1711	2651.4	2866.5	8.3705	1.4815	1.9477	531.39	2.4685	15.948	0.032410	vapor
194.79	0.30000	0.13914	7.1872	2652.9	2868.5	8.3748	1.4820	1.9481	531.96	2.4479	15.989	0.032510	vapor
195.83	0.30000	0.13882	7.2033	2654.5	2870.6	8.3792	1.4825	1.9486	532.53	2.4275	16.031	0.032609	vapor
196.88	0.30000	0.13851	7.2194	2656.0	2872.6	8.3835	1.4830	1.9490	533.10	2.4075	16.073	0.032709	vapor
197.92	0.30000	0.13821	7.2355	2657.6	2874.6	8.3878	1.4834	1.9495	533.68	2.3876	16.115	0.032809	vapor
198.96	0.30000	0.13790	7.2516	2659.1	2876.7	8.3921	1.4839	1.9499	534.24	2.3681	16.157	0.032909	vapor
200.00	0.30000	0.13759	7.2677	2660.7	2878.7	8.3964	1.4844	1.9504	534.81	2.3487	16.199	0.033010	vapor
201.04	0.30000	0.13729	7.2838	2662.2	2880.7	8.4007	1.4849	1.9508	535.38	2.3296	16.241	0.033110	vapor
202.08	0.30000	0.13699	7.2999	2663.8	2882.7	8.4050	1.4854	1.9513	535.95	2.3108	16.283	0.033211	vapor
203.13	0.30000	0.13669	7.3160	2665.3	2884.8	8.4092	1.4860	1.9517	536.51	2.2922	16.325	0.033312	vapor
204.17	0.30000	0.13639	7.3321	2666.9	2886.8	8.4135	1.4865	1.9522	537.08	2.2738	16.367	0.033413	vapor
205.21	0.30000	0.13609	7.3482	2668.4	2888.8	8.4178	1.4870	1.9527	537.64	2.2556	16.409	0.033514	vapor
206.25	0.30000	0.13579	7.3643	2670.0	2890.9	8.4220	1.4875	1.9531	538.21	2.2377	16.451	0.033615	vapor
207.29	0.30000	0.13549	7.3804	2671.5	2892.9	8.4262	1.4880	1.9536	538.77	2.2200	16.493	0.033716	vapor
208.33	0.30000	0.13520	7.3965	2673.1	2895.0	8.4305	1.4885	1.9541	539.33	2.2025	16.535	0.033818	vapor
209.38	0.30000	0.13490	7.4126	2674.6	2897.0	8.4347	1.4890	1.9546	539.90	2.1852	16.577	0.033920	vapor
210.42	0.30000	0.13461	7.4287	2676.2	2899.0	8.4389	1.4896	1.9551	540.46	2.1681	16.619	0.034022	vapor
211.46	0.30000	0.13432	7.4448	2677.7	2901.1	8.4431	1.4901	1.9555	541.02	2.1513	16.661	0.034124	vapor
212.50	0.30000	0.13403	7.4609	2679.3	2903.1	8.4473	1.4906	1.9560	541.58	2.1346	16.704	0.034226	vapor
213.54	0.30000	0.13374	7.4770	2680.8	2905.1	8.4515	1.4911	1.9565	542.14	2.1181	16.746	0.034328	vapor
214.58	0.30000	0.13346	7.4931	2682.4	2907.2	8.4557	1.4917	1.9570	542.69	2.1018	16.788	0.034431	vapor
215.63	0.30000	0.13317	7.5092	2683.9	2909.2	8.4599	1.4922	1.9575	543.25	2.0858	16.830	0.034533	vapor
216.67	0.30000	0.13289	7.5253	2685.5	2911.3	8.4640	1.4927	1.9580	543.81	2.0699	16.873	0.034636	vapor
217.71	0.30000	0.13260	7.5414	2687.1	2913.3	8.4682	1.4933	1.9585	544.36	2.0542	16.915	0.034739	vapor
218.75	0.30000	0.13232	7.5574	2688.6	2915.3	8.4724	1.4938	1.9590	544.92	2.0386	16.957	0.034842	vapor
219.79	0.30000	0.13204	7.5735	2690.2	2917.4	8.4765	1.4944	1.9595	545.47	2.0233	16.999	0.034945	vapor
220.83	0.30000	0.13176	7.5896	2691.7	2919.4	8.4806	1.4949	1.9600	546.03	2.0081	17.042	0.035049	vapor
221.88	0.30000	0.13148	7.6057	2693.3	2921.5	8.4848	1.4954	1.9605	546.58	1.9931	17.084	0.035152	vapor
222.92	0.30000	0.13120	7.6218	2694.8	2923.5	8.4889	1.4960	1.9610	547.13	1.9783	17.126	0.035256	vapor
223.96	0.30000	0.13093	7.6379	2696.4	2925.5	8.4930	1.4965	1.9616	547.68	1.9636	17.169	0.035360	vapor
225.00	0.30000	0.13065	7.6540	2698.0	2927.6	8.4971	1.4971	1.9621	548.23	1.9492	17.211	0.035464	vapor
226.04	0.30000	0.13038	7.6701	2699.5	2929.6	8.5012	1.4976	1.9626	548.78	1.9348	17.254	0.035568	vapor
227.08	0.30000	0.13010	7.6861	2701.1	2931.7	8.5053	1.4982	1.9631	549.33	1.9207	17.296	0.035672	vapor
228.13	0.30000	0.12983	7.7022	2702.7	2933.7	8.5094	1.4987	1.9636	549.88	1.9067	17.339	0.035777	vapor
229.17	0.30000	0.12956	7.7183	2704.2	2935.8	8.5135	1.4993	1.9642	550.43	1.8928	17.381	0.035882	vapor
230.21	0.30000	0.12929	7.7344	2705.8	2937.8	8.5175	1.4999	1.9647	550.98	1.8791	17.424	0.035986	vapor
231.25	0.30000	0.12902	7.7505	2707.3	2939.9	8.5216	1.5004	1.9652	551.52	1.8656	17.466	0.036091	vapor
232.29	0.30000	0.12876	7.7665	2708.9	2941.9	8.5256	1.5010	1.9657	552.07	1.8522	17.509	0.036196	vapor
233.33	0.30000	0.12849	7.7826	2710.5	2944.0	8.5297	1.5015	1.9663	552.62	1.8390	17.551	0.036301	vapor
234.38	0.30000	0.12823	7.7987	2712.0	2946.0	8.5337	1.5021	1.9668	553.16	1.8259	17.594	0.036407	vapor
235.42	0.30000	0.12796	7.8148	2713.6	2948.1	8.5378	1.5027	1.9673	553.70	1.8129	17.636	0.036512	vapor
236.46	0.30000	0.12770	7.8309	2715.2	2950.1	8.5418	1.5032	1.9679	554.25	1.8001	17.679	0.036618	vapor
237.50	0.30000	0.12744	7.8469	2716.7	2952.2	8.5458	1.5038	1.9684	554.79	1.7874	17.721	0.036723	vapor
238.54	0.30000	0.12718	7.8630	2718.3	2954.2	8.5498	1.5044	1.9690	555.33	1.7749	17.764	0.036829	vapor
239.58	0.30000	0.12692	7.8791	2719.9	2956.3	8.5538	1.5049	1.9695	555.87	1.7625	17.807	0.036935	vapor
240.63	0.30000	0.12666	7.8952	2721.5	2958.3	8.5578	1.5055	1.9701	556.41	1.7502	17.849	0.037041	vapor
241.67	0.30000	0.12640	7.9113	2723.0	2960.4	8.5618	1.5061	1.9706	556.95	1.7380	17.892	0.037148	vapor
242.71	0.30000	0.12615	7.9273	2724.6	2962.4	8.5658	1.5067	1.9711	557.49	1.7260	17.935	0.037254	vapor
243.75	0.30000	0.12589	7.9434	2726.2	2964.5	8.5698	1.5072	1.9717	558.03	1.7141	17.977	0.037361	vapor
244.79	0.30000	0.12564	7.9595	2727.7	2966.5	8.5737	1.5078	1.9722	558.57	1.7024	18.020	0.037467	vapor
245.83	0.30000	0.12538	7.9756	2729.3	2968.6	8.5777	1.5084	1.9728	559.11	1.6907	18.063	0.037574	vapor
246.88	0.30000	0.12513	7.9916	2730.9	2970.6	8.5817	1.5090	1.9734	559.64	1.6792	18.106	0.037681	vapor
247.92	0.30000	0.12488	8.0077	2732.5	2972.7	8.5856	1.5096	1.9739	560.18	1.6678	18.148	0.037788	vapor
248.96	0.30000	0.12463	8.0238	2734.0	2974.7	8.5896	1.5101	1.9745	560.71	1.6565	18.191	0.037896	vapor
250.00	0.30000	0.12438	8.0399	2735.6	2976.8	8.5935	1.5107	1.9750	561.25	1.6454	18.234	0.038003	vapor
251.04	0.30000	0.12413	8.0559	2737.2	2978.9	8.5974	1.5113	1.9756	561.78	1.6343	18.277	0.038110	vapor
252.08	0.30000	0.12388	8.0720	2738.8	2980.9	8.6013	1.5119	1.9762	562.32	1.6234	18.319	0.038218	vapor
253.13	0.30000	0.12364	8.0881	2740.3	2983.0	8.6053	1.5125	1.9767	562.85	1.6126	18.362	0.038326	vapor
254.17	0.30000	0.12339	8.1041	2741.9	2985.0	8.6092	1.5131	1.9773	563.38	1.6018	18.405	0.038434	vapor
255.21	0.30000	0.12315	8.1202	2743.5	2987.1	8.6131	1.5137	1.9779	563.91	1.5912	18.448	0.038542	vapor
256.25	0.30000	0.12291	8.1363	2745.1	2989.2	8.6170	1.5143	1.9784	564.44	1.5807	18.491	0.038650	vapor
257.29	0.30000	0.12266	8.1524	2746.6	2991.2	8.6209	1.5148	1.9790	564.97	1.5703	18.534	0.038758	vapor
258.33	0.30000	0.12242	8.1684	2748.2	2993.3	8.6247	1.5154	1.9796	565.50	1.5600	18.576	0.038867	vapor
259.38	0.30000	0.12218	8.1845	2749.8	2995.3	8.6286	1.5160	1.9801	566.03	1.5499	18.619	0.038975	vapor
260.42	0.30000	0.12194	8.2006	2751.4	2997.4	8.6325	1.5166	1.9807	566.56	1.5398	18.662	0.039084	vapor
261.46	0.30000	0.12170	8.2166	2753.0	2999.5	8.6364	1.5172	1.9813	567.09	1.5298	18.705	0.039193	vapor
262.50	0.30000	0.12147	8.2327	2754.5	3001.5	8.6402	1.5178	1.9819	567.62	1.5199	18.748	0.039302	vapor
263.54	0.30000	0.12123	8.2488	2756.1	3003.6	8.6441	1.5184	1.9824	568.14	1.5101	18.791	0.039411	vapor
264.58	0.30000	0.12099	8.2648	2757.7	3005.7	8.6479	1.5190	1.9830	568.67	1.5004	18.834	0.039520	vapor
265.63	0.30000	0.12076	8.2809	2759.3	3007.7	8.6517	1.5196	1.9836	569.19	1.4908	18.877	0.039630	vapor
266.67	0.30000	0.12053	8.2970	2760.9	3009.8	8.6556	1.5202	1.9842	569.72	1.4813	18.920	0.039739	vapor
267.71	0.30000	0.12029	8.3130	2762.5	3011.9	8.6594	1.5208	1.9848	570.24	1.4719	18.963	0.039849	vapor
268.75	0.30000	0.12006	8.3291	2764.1	3013.9	8.6632	1.5214	1.9853	570.77	1.4625	19.006	0.039959	vapor
269.79	0.30000	0.11983	8.3452	2765.6	3016.0	8.6670	1.5220	1.9859	571.29	1.4533	19.049	0.040068	vapor
270.83	0.30000	0.11960	8.3612	2767.2	3018.1	8.6708	1.5226	1.9865	571.81	1.4442	19.092	0.040178	vapor
271.88	0.30000	0.11937	8.3773	2768.8	3020.1	8.6746	1.5232	1.9871	572.33	1.4351	19.135	0.040289	vapor
272.92	0.30000	0.11914	8.3934	2770.4	3022.2	8.6784	1.5239	1.9877	572.85	1.4261	19.178	0.040399	vapor
273.96	0.30000	0.11891	8.4094	2772.0	3024.3	8.6822	1.5245	1.9883	573.37	1.4172	19.221	0.040509	vapor
275.00	0.30000	0.11869	8.4255	2773.6	3026.3	8.6860	1.5251	1.9889	573.89	1.4084	19.264	0.040620	vapor
276.04	0.30000	0.11846	8.4416	2775.2	3028.4	8.6898	1.5257	1.9895	574.41	1.3997	19.307	0.040730	vapor
277.08	0.30000	0.11824	8.4576	2776.8	3030.5	8.6936	1.5263	1.9901	574.93	1.3911	19.350	0.040841	vapor
278.13	0.30000	0.11801	8.4737	2778.4	3032.6	8.6973	1.5269	1.9906	575.45	1.3825	19.393	0.040952	vapor
279.17	0.30000	0.11779	8.4898	2779.9	3034.6	8.7011	1.5275	1.9912	575.97	1.3740	19.436	0.041063	vapor
280.21	0.30000	0.11757	8.5058	2781.5	3036.7	8.7048	1.5281	1.9918	576.48	1.3656	19.479	0.041174	vapor
281.25	0.30000	0.11734	8.5219	2783.1	3038.8	8.7086	1.5287	1.9924	577.00	1.3573	19.522	0.041285	vapor
282.29	0.30000	0.11712	8.5380	2784.7	3040.9	8.7123	1.5294	1.9930	577.52	1.3490	19.565	0.041397	vapor
283.33	0.30000	0.11690	8.5540	2786.3	3042.9	8.7161	1.5300	1.9936	578.03	1.3409	19.608	0.041508	vapor
284.38	0.30000	0.11669	8.5701	2787.9	3045.0	8.7198	1.5306	1.9942	578.55	1.3327	19.651	0.041620	vapor
285.42	0.30000	0.11647	8.5861	2789.5	3047.1	8.7235	1.5312	1.9948	579.06	1.3247	19.694	0.041732	vapor
286.46	0.30000	0.11625	8.6022	2791.1	3049.2	8.7272	1.5318	1.9954	579.57	1.3168	19.737	0.041843	vapor
287.50	0.30000	0.11603	8.6183	2792.7	3051.3	8.7309	1.5324	1.9960	580.09	1.3089	19.781	0.041955	vapor
288.54	0.30000	0.11582	8.6343	2794.3	3053.3	8.7346	1.5331	1.9966	580.60	1.3011	19.824	0.042067	vapor
289.58	0.30000	0.11560	8.6504	2795.9	3055.4	8.7383	1.5337	1.9972	581.11	1.2933	19.867	0.042180	vapor
290.63	0.30000	0.11539	8.6664	2797.5	3057.5	8.7420	1.5343	1.9979	581.62	1.2857	19.910	0.042292	vapor
291.67	0.30000	0.11517	8.6825	2799.1	3059.6	8.7457	1.5349	1.9985	582.13	1.2781	19.953	0.042405	vapor
292.71	0.30000	0.11496	8.6986	2800.7	3061.7	8.7494	1.5356	1.9991	582.64	1.2705	19.996	0.042517	vapor
293.75	0.30000	0.11475	8.7146	2802.3	3063.7	8.7531	1.5362	1.9997	583.15	1.2631	20.039	0.042630	vapor
294.79	0.30000	0.11454	8.7307	2803.9	3065.8	8.7568	1.5368	2.0003	583.66	1.2556	20.083	0.042743	vapor
295.83	0.30000	0.11433	8.7467	2805.5	3067.9	8.7604	1.5374	2.0009	584.17	1.2483	20.126	0.042856	vapor
296.88	0.30000	0.11412	8.7628	2807.1	3070.0	8.7641	1.5381	2.0015	584.68	1.2410	20.169	0.042969	vapor
297.92	0.30000	0.11391	8.7789	2808.7	3072.1	8.7677	1.5387	2.0021	585.18	1.2338	20.212	0.043082	vapor
298.96	0.30000	0.11370	8.7949	2810.3	3074.2	8.7714	1.5393	2.0027	585.69	1.2267	20.255	0.043195	vapor
300.00	0.30000	0.11349	8.8110	2811.9	3076.2	8.7750	1.5399	2.0033	586.20	1.2196	20.299	0.043308	vapor
301.04	0.30000	0.11329	8.8270	2813.5	3078.3	8.7787	1.5406	2.0040	586.70	1.2126	20.342	0.043422	vapor
302.08	0.30000	0.11308	8.8431	2815.1	3080.4	8.7823	1.5412	2.0046	587.21	1.2056	20.385	0.043536	vapor
303.13	0.30000	0.11288	8.8591	2816.7	3082.5	8.7859	1.5418	2.0052	587.71	1.1987	20.428	0.043649	vapor
304.17	0.30000	0.11267	8.8752	2818.3	3084.6	8.7895	1.5425	2.0058	588.22	1.1919	20.471	0.043763	vapor
305.21	0.30000	0.11247	8.8913	2820.0	3086.7	8.7932	1.5431	2.0064	588.72	1.1851	20.515	0.043877	vapor
306.25	0.30000	0.11227	8.9073	2821.6	3088.8	8.7968	1.5437	2.0070	589.22	1.1783	20.558	0.043991	vapor
307.29	0.30000	0.11207	8.9234	2823.2	3090.9	8.8004	1.5443	2.0077	589.73	1.1717	20.601	0.044106	vapor
308.33	0.30000	0.11186	8.9394	2824.8	3093.0	8.8040	1.5450	2.0083	590.23	1.1650	20.644	0.044220	vapor
309.38	0.30000	0.11166	8.9555	2826.4	3095.1	8.8076	1.5456	2.0089	590.73	1.1585	20.687	0.044334	vapor
310.42	0.30000	0.11146	8.9715	2828.0	3097.1	8.8112	1.5463	2.0095	591.23	1.1520	20.731	0.044449	vapor
311.46	0.30000	0.11126	8.9876	2829.6	3099.2	8.8148	1.5469	2.0102	591.73	1.1455	20.774	0.044564	vapor
312.50	0.30000	0.11107	9.0036	2831.2	3101.3	8.8183	1.5475	2.0108	592.23	1.1391	20.817	0.044678	vapor
313.54	0.30000	0.11087	9.0197	2832.8	3103.4	8.8219	1.5482	2.0114	592.73	1.1328	20.860	0.044793	vapor
314.58	0.30000	0.11067	9.0358	2834.5	3105.5	8.8255	1.5488	2.0120	593.23	1.1265	20.904	0.044908	vapor
315.63	0.30000	0.11048	9.0518	2836.1	3107.6	8.8290	1.5494	2.0127	593.73	1.1203	20.947	0.045023	vapor
316.67	0.30000	0.11028	9.0679	2837.7	3109.7	8.8326	1.5501	2.0133	594.22	1.1141	20.990	0.045139	vapor
317.71	0.30000	0.11008	9.0839	2839.3	3111.8	8.8361	1.5507	2.0139	594.72	1.1079	21.033	0.045254	vapor
318.75	0.30000	0.10989	9.1000	2840.9	3113.9	8.8397	1.5514	2.0145	595.22	1.1019	21.077	0.045369	vapor
319.79	0.30000	0.10970	9.1160	2842.5	3116.0	8.8432	1.5520	2.0152	595.71	1.0958	21.120	0.045485	vapor
320.83	0.30000	0.10950	9.1321	2844.2	3118.1	8.8468	1.5526	2.0158	596.21	1.0898	21.163	0.045601	vapor
321.88	0.30000	0.10931	9.1481	2845.8	3120.2	8.8503	1.5533	2.0164	596.70	1.0839	21.207	0.045716	vapor
322.92	0.30000	0.10912	9.1642	2847.4	3122.3	8.8538	1.5539	2.0171	597.20	1.0780	21.250	0.045832	vapor
323.96	0.30000	0.10893	9.1802	2849.0	3124.4	8.8574	1.5546	2.0177	597.69	1.0722	21.293	0.045948	vapor
325.00	0.30000	0.10874	9.1963	2850.6	3126.5	8.8609	1.5552	2.0183	598.19	1.0664	21.336	0.046065	vapor
326.04	0.30000	0.10855	9.2123	2852.3	3128.6	8.8644	1.5559	2.0190	598.68	1.0606	21.380	0.046181	vapor
327.08	0.30000	0.10836	9.2284	2853.9	3130.7	8.8679	1.5565	2.0196	599.17	1.0549	21.423	0.046297	vapor
328.13	0.30000	0.10817	9.2445	2855.5	3132.8	8.8714	1.5571	2.0202	599.66	1.0492	21.466	0.046414	vapor
329.17	0.30000	0.10799	9.2605	2857.1	3134.9	8.8749	1.5578	2.0209	600.15	1.0436	21.510	0.046530	vapor
330.21	0.30000	0.10780	9.2766	2858.7	3137.0	8.8784	1.5584	2.0215	600.65	1.0381	21.553	0.046647	vapor
331.25	0.30000	0.10761	9.2926	2860.4	3139.1	8.8819	1.5591	2.0221	601.14	1.0325	21.596	0.046764	vapor
332.29	0.30000	0.10743	9.3087	2862.0	3141.3	8.8854	1.5597	2.0228	601.63	1.0271	21.639	0.046880	vapor
333.33	0.30000	0.10724	9.3247	2863.6	3143.4	8.8888	1.5604	2.0234	602.12	1.0216	21.683	0.046997	vapor
334.38	0.30000	0.10706	9.3408	2865.2	3145.5	8.8923	1.5610	2.0240	602.60	1.0162	21.726	0.047114	vapor
335.42	0.30000	0.10687	9.3568	2866.9	3147.6	8.8958	1.5617	2.0247	603.09	1.0109	21.769	0.047232	vapor
336.46	0.30000	0.10669	9.3729	2868.5	3149.7	8.8992	1.5623	2.0253	603.58	1.0055	21.813	0.047349	vapor
337.50	0.30000	0.10651	9.3889	2870.1	3151.8	8.9027	1.5630	2.0260	604.07	1.0003	21.856	0.047466	vapor
338.54	0.30000	0.10633	9.4050	2871.8	3153.9	8.9062	1.5636	2.0266	604.56	0.99505	21.899	0.047584	vapor
339.58	0.30000	0.10615	9.4210	2873.4	3156.0	8.9096	1.5643	2.0272	605.04	0.98985	21.943	0.047702	vapor
340.63	0.30000	0.10597	9.4371	2875.0	3158.1	8.9130	1.5649	2.0279	605.53	0.98470	21.986	0.047819	vapor
341.67	0.30000	0.10579	9.4531	2876.6	3160.2	8.9165	1.5656	2.0285	606.01	0.97959	22.029	0.047937	vapor
342.71	0.30000	0.10561	9.4692	2878.3	3162.4	8.9199	1.5662	2.0292	606.50	0.97452	22.073	0.048055	vapor
343.75	0.30000	0.10543	9.4852	2879.9	3164.5	8.9233	1.5669	2.0298	606.98	0.96949	22.116	0.048173	vapor
344.79	0.30000	0.10525	9.5013	2881.5	3166.6	8.9268	1.5675	2.0305	607.47	0.96449	22.159	0.048291	vapor
345.83	0.30000	0.10507	9.5173	2883.2	3168.7	8.9302	1.5682	2.0311	607.95	0.95954	22.202	0.048409	vapor
346.88	0.30000	0.10489	9.5334	2884.8	3170.8	8.9336	1.5689	2.0318	608.43	0.95462	22.246	0.048528	vapor
347.92	0.30000	0.10472	9.5494	2886.4	3172.9	8.9370	1.5695	2.0324	608.92	0.94973	22.289	0.048646	vapor
348.96	0.30000	0.10454	9.5655	2888.1	3175.0	8.9404	1.5702	2.0331	609.40	0.94489	22.332	0.048765	vapor
350.00	0.30000	0.10437	9.5815	2889.7	3177.2	8.9438	1.5708	2.0337	609.88	0.94008	22.376	0.048883	vapor
351.04	0.30000	0.10419	9.5976	2891.4	3179.3	8.9472	1.5715	2.0343	610.36	0.93530	22.419	0.049002	vapor
352.08	0.30000	0.10402	9.6136	2893.0	3181.4	8.9506	1.5721	2.0350	610.84	0.93057	22.462	0.049121	vapor
353.12	0.30000	0.10385	9.6297	2894.6	3183.5	8.9540	1.5728	2.0356	611.32	0.92586	22.506	0.049240	vapor
354.17	0.30000	0.10367	9.6457	2896.3	3185.6	8.9574	1.5735	2.0363	611.80	0.92119	22.549	0.049359	vapor
355.21	0.30000	0.10350	9.6617	2897.9	3187.8	8.9608	1.5741	2.0369	612.28	0.91656	22.592	0.049478	vapor
356.25	0.30000	0.10333	9.6778	2899.6	3189.9	8.9641	1.5748	2.0376	612.76	0.91196	22.636	0.049598	vapor
357.29	0.30000	0.10316	9.6938	2901.2	3192.0	8.9675	1.5754	2.0383	613.24	0.90739	22.679	0.049717	vapor
358.33	0.30000	0.10299	9.7099	2902.8	3194.1	8.9709	1.5761	2.0389	613.72	0.90286	22.722	0.049836	vapor
359.37	0.30000	0.10282	9.7259	2904.5	3196.3	8.9742	1.5768	2.0396	614.19	0.89836	22.765	0.049956	vapor
360.42	0.30000	0.10265	9.7420	2906.1	3198.4	8.9776	1.5774	2.0402	614.67	0.89390	22.809	0.050076	vapor
361.46	0.30000	0.10248	9.7580	2907.8	3200.5	8.9809	1.5781	2.0409	615.15	0.88946	22.852	0.050195	vapor
362.50	0.30000	0.10231	9.7741	2909.4	3202.6	8.9843	1.5787	2.0415	615.62	0.88506	22.895	0.050315	vapor
363.54	0.30000	0.10214	9.7901	2911.1	3204.8	8.9876	1.5794	2.0422	616.10	0.88069	22.939	0.050435	vapor
364.58	0.30000	0.10198	9.8062	2912.7	3206.9	8.9910	1.5801	2.0428	616.57	0.87635	22.982	0.050555	vapor
365.62	0.30000	0.10181	9.8222	2914.4	3209.0	8.9943	1.5807	2.0435	617.05	0.87205	23.025	0.050676	vapor
366.67	0.30000	0.10164	9.8383	2916.0	3211.1	8.9976	1.5814	2.0441	617.52	0.86777	23.069	0.050796	vapor
367.71	0.30000	0.10148	9.8543	2917.6	3213.3	9.0010	1.5821	2.0448	618.00	0.86352	23.112	0.050916	vapor
368.75	0.30000	0.10131	9.8704	2919.3	3215.4	9.0043	1.5827	2.0455	618.47	0.85931	23.155	0.051037	vapor
369.79	0.30000	0.10115	9.8864	2920.9	3217.5	9.0076	1.5834	2.0461	618.94	0.85512	23.198	0.051157	vapor
370.83	0.30000	0.10099	9.9024	2922.6	3219.7	9.0109	1.5841	2.0468	619.42	0.85097	23.242	0.051278	vapor
371.87	0.30000	0.10082	9.9185	2924.2	3221.8	9.0142	1.5847	2.0474	619.89	0.84684	23.285	0.051399	vapor
372.92	0.30000	0.10066	9.9345	2925.9	3223.9	9.0175	1.5854	2.0481	620.36	0.84274	23.328	0.051520	vapor
373.96	0.30000	0.10050	9.9506	2927.6	3226.1	9.0208	1.5861	2.0488	620.83	0.83868	23.372	0.051641	vapor
375.00	0.30000	0.10033	9.9666	2929.2	3228.2	9.0241	1.5867	2.0494	621.30	0.83464	23.415	0.051762	vapor
376.04	0.30000	0.10017	9.9827	2930.9	3230.3	9.0274	1.5874	2.0501	621.77	0.83062	23.458	0.051883	vapor
377.08	0.30000	0.10001	9.9987	2932.5	3232.5	9.0307	1.5881	2.0507	622.24	0.82664	23.502	0.052004	vapor
378.12	0.30000	0.099853	10.015	2934.2	3234.6	9.0340	1.5887	2.0514	622.71	0.82268	23.545	0.052125	vapor
379.17	0.30000	0.099693	10.031	2935.8	3236.8	9.0373	1.5894	2.0521	623.18	0.81876	23.588	0.052247	vapor
380.21	0.30000	0.099534	10.047	2937.5	3238.9	9.0405	1.5901	2.0527	623.65	0.81486	23.631	0.052368	vapor
381.25	0.30000	0.099375	10.063	2939.1	3241.0	9.0438	1.5907	2.0534	624.11	0.81098	23.675	0.052490	vapor
382.29	0.30000	0.099217	10.079	2940.8	3243.2	9.0471	1.5914	2.0541	624.58	0.80713	23.718	0.052612	vapor
383.33	0.30000	0.099059	10.095	2942.5	3245.3	9.0503	1.5921	2.0547	625.05	0.80331	23.761	0.052733	vapor
384.37	0.30000	0.098902	10.111	2944.1	3247.4	9.0536	1.5928	2.0554	625.52	0.79952	23.804	0.052855	vapor
385.42	0.30000	0.098745	10.127	2945.8	3249.6	9.0569	1.5934	2.0561	625.98	0.79575	23.848	0.052977	vapor
386.46	0.30000	0.098589	10.143	2947.4	3251.7	9.0601	1.5941	2.0567	626.45	0.79201	23.891	0.053100	vapor
387.50	0.30000	0.098433	10.159	2949.1	3253.9	9.0634	1.5948	2.0574	626.91	0.78829	23.934	0.053222	vapor
388.54	0.30000	0.098278	10.175	2950.8	3256.0	9.0666	1.5955	2.0581	627.38	0.78460	23.977	0.053344	vapor
389.58	0.30000	0.098123	10.191	2952.4	3258.2	9.0698	1.5961	2.0587	627.84	0.78093	24.021	0.053466	vapor
390.62	0.30000	0.097969	10.207	2954.1	3260.3	9.0731	1.5968	2.0594	628.31	0.77729	24.064	0.053589	vapor
391.67	0.30000	0.097815	10.223	2955.8	3262.5	9.0763	1.5975	2.0601	628.77	0.77367	24.107	0.053711	vapor
392.71	0.30000	0.097662	10.239	2957.4	3264.6	9.0795	1.5982	2.0607	629.23	0.77008	24.150	0.053834	vapor
393.75	0.30000	0.097509	10.255	2959.1	3266.7	9.0827	1.5988	2.0614	629.69	0.76651	24.194	0.053957	vapor
394.79	0.30000	0.097357	10.271	2960.7	3268.9	9.0860	1.5995	2.0621	630.16	0.76296	24.237	0.054080	vapor
395.83	0.30000	0.097205	10.288	2962.4	3271.0	9.0892	1.6002	2.0627	630.62	0.75944	24.280	0.054203	vapor
396.87	0.30000	0.097054	10.304	2964.1	3273.2	9.0924	1.6009	2.0634	631.08	0.75594	24.323	0.054326	vapor
397.92	0.30000	0.096903	10.320	2965.8	3275.3	9.0956	1.6015	2.0641	631.54	0.75247	24.367	0.054449	vapor
398.96	0.30000	0.096753	10.336	2967.4	3277.5	9.0988	1.6022	2.0648	632.00	0.74902	24.410	0.054572	vapor
400.00	0.30000	0.096603	10.352	2969.1	3279.6	9.1020	1.6029	2.0654	632.46	0.74559	24.453	0.054695	vapor
401.04	0.30000	0.096453	10.368	2970.8	3281.8	9.1052	1.6036	2.0661	632.92	0.74218	24.496	0.054819	vapor
402.08	0.30000	0.096304	10.384	2972.4	3283.9	9.1084	1.6043	2.0668	633.38	0.73880	24.539	0.054942	vapor
403.12	0.30000	0.096156	10.400	2974.1	3286.1	9.1116	1.6049	2.0674	633.84	0.73543	24.583	0.055066	vapor
404.17	0.30000	0.096008	10.416	2975.8	3288.3	9.1147	1.6056	2.0681	634.30	0.73209	24.626	0.055190	vapor
405.21	0.30000	0.095860	10.432	2977.5	3290.4	9.1179	1.6063	2.0688	634.76	0.72878	24.669	0.055313	vapor
406.25	0.30000	0.095713	10.448	2979.1	3292.6	9.1211	1.6070	2.0695	635.21	0.72548	24.712	0.055437	vapor
407.29	0.30000	0.095566	10.464	2980.8	3294.7	9.1243	1.6077	2.0701	635.67	0.72221	24.755	0.055561	vapor
408.33	0.30000	0.095420	10.480	2982.5	3296.9	9.1274	1.6083	2.0708	636.13	0.71895	24.798	0.055685	vapor
409.37	0.30000	0.095274	10.496	2984.2	3299.0	9.1306	1.6090	2.0715	636.58	0.71572	24.842	0.055809	vapor
410.42	0.30000	0.095128	10.512	2985.8	3301.2	9.1338	1.6097	2.0722	637.04	0.71251	24.885	0.055934	vapor
411.46	0.30000	0.094983	10.528	2987.5	3303.3	9.1369	1.6104	2.0729	637.50	0.70932	24.928	0.056058	vapor
412.50	0.30000	0.094839	10.544	2989.2	3305.5	9.1401	1.6111	2.0735	637.95	0.70615	24.971	0.056182	vapor
413.54	0.30000	0.094695	10.560	2990.9	3307.7	9.1432	1.6118	2.0742	638.41	0.70300	25.014	0.056307	vapor
414.58	0.30000	0.094551	10.576	2992.5	3309.8	9.1464	1.6124	2.0749	638.86	0.69987	25.057	0.056431	vapor
415.62	0.30000	0.094408	10.592	2994.2	3312.0	9.1495	1.6131	2.0756	639.31	0.69675	25.101	0.056556	vapor
416.67	0.30000	0.094265	10.608	2995.9	3314.2	9.1526	1.6138	2.0763	639.77	0.69366	25.144	0.056681	vapor
417.71	0.30000	0.094123	10.624	2997.6	3316.3	9.1558	1.6145	2.0769	640.22	0.69059	25.187	0.056806	vapor
418.75	0.30000	0.093981	10.640	2999.3	3318.5	9.1589	1.6152	2.0776	640.67	0.68754	25.230	0.056930	vapor
419.79	0.30000	0.093840	10.656	3001.0	3320.6	9.1620	1.6159	2.0783	641.13	0.68451	25.273	0.057056	vapor
420.83	0.30000	0.093699	10.673	3002.6	3322.8	9.1652	1.6166	2.0790	641.58	0.68150	25.316	0.057181	vapor
421.87	0.30000	0.093558	10.689	3004.3	3325.0	9.1683	1.6172	2.0797	642.03	0.67850	25.359	0.057306	vapor
422.92	0.30000	0.093418	10.705	3006.0	3327.1	9.1714	1.6179	2.0803	642.48	0.67553	25.402	0.057431	vapor
423.96	0.30000	0.093278	10.721	3007.7	3329.3	9.1745	1.6186	2.0810	642.93	0.67257	25.446	0.057556	vapor
425.00	0.30000	0.093139	10.737	3009.4	3331.5	9.1776	1.6193	2.0817	643.38	0.66964	25.489	0.057682	vapor
426.04	0.30000	0.093000	10.753	3011.1	3333.6	9.1807	1.6200	2.0824	643.83	0.66672	25.532	0.057807	vapor
427.08	0.30000	0.092861	10.769	3012.8	3335.8	9.1838	1.6207	2.0831	644.28	0.66381	25.575	0.057933	vapor
428.12	0.30000	0.092723	10.785	3014.4	3338.0	9.1869	1.6214	2.0838	644.73	0.66093	25.618	0.058059	vapor
429.17	0.30000	0.092585	10.801	3016.1	3340.2	9.1900	1.6221	2.0844	645.18	0.65807	25.661	0.058185	vapor
430.21	0.30000	0.092448	10.817	3017.8	3342.3	9.1931	1.6227	2.0851	645.63	0.65522	25.704	0.058310	vapor
431.25	0.30000	0.092311	10.833	3019.5	3344.5	9.1962	1.6234	2.0858	646.07	0.65239	25.747	0.058436	vapor
432.29	0.30000	0.092175	10.849	3021.2	3346.7	9.1993	1.6241	2.0865	646.52	0.64957	25.790	0.058563	vapor
433.33	0.30000	0.092039	10.865	3022.9	3348.8	9.2023	1.6248	2.0872	646.97	0.64678	25.833	0.058689	vapor
434.37	0.30000	0.091903	10.881	3024.6	3351.0	9.2054	1.6255	2.0879	647.42	0.64400	25.876	0.058815	vapor
435.42	0.30000	0.091768	10.897	3026.3	3353.2	9.2085	1.6262	2.0886	647.86	0.64124	25.919	0.058941	vapor
436.46	0.30000	0.091633	10.913	3028.0	3355.4	9.2116	1.6269	2.0892	648.31	0.63850	25.962	0.059068	vapor
437.50	0.30000	0.091498	10.929	3029.7	3357.6	9.2146	1.6276	2.0899	648.75	0.63577	26.005	0.059194	vapor
438.54	0.30000	0.091364	10.945	3031.4	3359.7	9.2177	1.6283	2.0906	649.20	0.63306	26.048	0.059321	vapor
439.58	0.30000	0.091231	10.961	3033.1	3361.9	9.2207	1.6290	2.0913	649.64	0.63036	26.091	0.059447	vapor
440.62	0.30000	0.091097	10.977	3034.8	3364.1	9.2238	1.6297	2.0920	650.09	0.62768	26.134	0.059574	vapor
441.67	0.30000	0.090964	10.993	3036.5	3366.3	9.2268	1.6304	2.0927	650.53	0.62502	26.177	0.059701	vapor
442.71	0.30000	0.090832	11.009	3038.2	3368.4	9.2299	1.6311	2.0934	650.98	0.62237	26.220	0.059828	vapor
443.75	0.30000	0.090700	11.025	3039.9	3370.6	9.2329	1.6318	2.0941	651.42	0.61974	26.263	0.059955	vapor
444.79	0.30000	0.090568	11.041	3041.6	3372.8	9.2360	1.6324	2.0948	651.86	0.61713	26.306	0.060082	vapor
445.83	0.30000	0.090437	11.057	3043.3	3375.0	9.2390	1.6331	2.0955	652.30	0.61453	26.349	0.060209	vapor
446.87	0.30000	0.090306	11.074	3045.0	3377.2	9.2421	1.6338	2.0961	652.75	0.61195	26.392	0.060336	vapor
447.92	0.30000	0.090175	11.090	3046.7	3379.4	9.2451	1.6345	2.0968	653.19	0.60938	26.435	0.060463	vapor
448.96	0.30000	0.090045	11.106	3048.4	3381.5	9.2481	1.6352	2.0975	653.63	0.60683	26.478	0.060591	vapor
450.00	0.30000	0.089915	11.122	3050.1	3383.7	9.2511	1.6359	2.0982	654.07	0.60429	26.521	0.060718	vapor
451.04	0.30000	0.089785	11.138	3051.8	3385.9	9.2542	1.6366	2.0989	654.51	0.60177	26.564	0.060846	vapor
452.08	0.30000	0.089656	11.154	3053.5	3388.1	9.2572	1.6373	2.0996	654.95	0.59926	26.607	0.060974	vapor
453.12	0.30000	0.089528	11.170	3055.2	3390.3	9.2602	1.6380	2.1003	655.39	0.59677	26.650	0.061101	vapor
454.17	0.30000	0.089399	11.186	3056.9	3392.5	9.2632	1.6387	2.1010	655.83	0.59429	26.693	0.061229	vapor
455.21	0.30000	0.089271	11.202	3058.6	3394.7	9.2662	1.6394	2.1017	656.27	0.59182	26.736	0.061357	vapor
456.25	0.30000	0.089144	11.218	3060.3	3396.9	9.2692	1.6401	2.1024	656.71	0.58938	26.779	0.061485	vapor
457.29	0.30000	0.089016	11.234	3062.0	3399.0	9.2722	1.6408	2.1031	657.15	0.58694	26.822	0.061613	vapor
458.33	0.30000	0.088889	11.250	3063.7	3401.2	9.2752	1.6415	2.1038	657.59	0.58452	26.865	0.061741	vapor
459.37	0.30000	0.088763	11.266	3065.4	3403.4	9.2782	1.6422	2.1045	658.02	0.58211	26.907	0.061869	vapor
460.42	0.30000	0.088637	11.282	3067.2	3405.6	9.2812	1.6429	2.1052	658.46	0.57972	26.950	0.061998	vapor
461.46	0.30000	0.088511	11.298	3068.9	3407.8	9.2842	1.6436	2.1059	658.90	0.57734	26.993	0.062126	vapor
462.50	0.30000	0.088385	11.314	3070.6	3410.0	9.2872	1.6443	2.1066	659.33	0.57498	27.036	0.062254	vapor
463.54	0.30000	0.088260	11.330	3072.3	3412.2	9.2901	1.6450	2.1073	659.77	0.57263	27.079	0.062383	vapor
464.58	0.30000	0.088136	11.346	3074.0	3414.4	9.2931	1.6457	2.1080	660.21	0.57029	27.122	0.062512	vapor
465.62	0.30000	0.088011	11.362	3075.7	3416.6	9.2961	1.6464	2.1087	660.64	0.56796	27.165	0.062640	vapor
466.67	0.30000	0.087887	11.378	3077.4	3418.8	9.2991	1.6471	2.1094	661.08	0.56565	27.207	0.062769	vapor
467.71	0.30000	0.087763	11.394	3079.2	3421.0	9.3020	1.6478	2.1101	661.51	0.56336	27.250	0.062898	vapor
468.75	0.30000	0.087640	11.410	3080.9	3423.2	9.3050	1.6485	2.1108	661.95	0.56107	27.293	0.063027	vapor
469.79	0.30000	0.087517	11.426	3082.6	3425.4	9.3080	1.6492	2.1115	662.38	0.55880	27.336	0.063156	vapor
470.83	0.30000	0.087394	11.442	3084.3	3427.6	9.3109	1.6499	2.1122	662.81	0.55654	27.379	0.063285	vapor
471.87	0.30000	0.087272	11.458	3086.0	3429.8	9.3139	1.6506	2.1129	663.25	0.55430	27.422	0.063414	vapor
472.92	0.30000	0.087150	11.474	3087.8	3432.0	9.3168	1.6514	2.1136	663.68	0.55206	27.464	0.063543	vapor
473.96	0.30000	0.087028	11.490	3089.5	3434.2	9.3198	1.6521	2.1143	664.11	0.54984	27.507	0.063673	vapor
475.00	0.30000	0.086907	11.507	3091.2	3436.4	9.3227	1.6528	2.1150	664.54	0.54763	27.550	0.063802	vapor
476.04	0.30000	0.086786	11.523	3092.9	3438.6	9.3257	1.6535	2.1157	664.98	0.54544	27.593	0.063932	vapor
477.08	0.30000	0.086666	11.539	3094.6	3440.8	9.3286	1.6542	2.1164	665.41	0.54326	27.635	0.064061	vapor
478.12	0.30000	0.086545	11.555	3096.4	3443.0	9.3315	1.6549	2.1171	665.84	0.54109	27.678	0.064191	vapor
479.17	0.30000	0.086425	11.571	3098.1	3445.2	9.3345	1.6556	2.1178	666.27	0.53893	27.721	0.064321	vapor
480.21	0.30000	0.086306	11.587	3099.8	3447.4	9.3374	1.6563	2.1185	666.70	0.53678	27.764	0.064450	vapor
481.25	0.30000	0.086186	11.603	3101.5	3449.6	9.3403	1.6570	2.1192	667.13	0.53465	27.806	0.064580	vapor
482.29	0.30000	0.086068	11.619	3103.3	3451.8	9.3433	1.6577	2.1199	667.56	0.53252	27.849	0.064710	vapor
483.33	0.30000	0.085949	11.635	3105.0	3454.0	9.3462	1.6584	2.1206	667.99	0.53041	27.892	0.064840	vapor
484.37	0.30000	0.085831	11.651	3106.7	3456.3	9.3491	1.6591	2.1213	668.42	0.52831	27.934	0.064970	vapor
485.42	0.30000	0.085713	11.667	3108.5	3458.5	9.3520	1.6598	2.1220	668.85	0.52623	27.977	0.065100	vapor
486.46	0.30000	0.085595	11.683	3110.2	3460.7	9.3549	1.6605	2.1227	669.28	0.52415	28.020	0.065231	vapor
487.50	0.30000	0.085478	11.699	3111.9	3462.9	9.3578	1.6612	2.1234	669.70	0.52209	28.062	0.065361	vapor
488.54	0.30000	0.085361	11.715	3113.6	3465.1	9.3607	1.6620	2.1241	670.13	0.52003	28.105	0.065491	vapor
489.58	0.30000	0.085244	11.731	3115.4	3467.3	9.3637	1.6627	2.1248	670.56	0.51799	28.148	0.065622	vapor
490.62	0.30000	0.085128	11.747	3117.1	3469.5	9.3666	1.6634	2.1255	670.99	0.51596	28.190	0.065753	vapor
491.67	0.30000	0.085012	11.763	3118.8	3471.7	9.3694	1.6641	2.1262	671.41	0.51394	28.233	0.065883	vapor
492.71	0.30000	0.084896	11.779	3120.6	3474.0	9.3723	1.6648	2.1270	671.84	0.51193	28.276	0.066014	vapor
493.75	0.30000	0.084780	11.795	3122.3	3476.2	9.3752	1.6655	2.1277	672.26	0.50994	28.318	0.066145	vapor
494.79	0.30000	0.084665	11.811	3124.0	3478.4	9.3781	1.6662	2.1284	672.69	0.50795	28.361	0.066276	vapor
495.83	0.30000	0.084550	11.827	3125.8	3480.6	9.3810	1.6669	2.1291	673.11	0.50597	28.404	0.066406	vapor
496.87	0.30000	0.084436	11.843	3127.5	3482.8	9.3839	1.6676	2.1298	673.54	0.50401	28.446	0.066537	vapor
497.92	0.30000	0.084322	11.859	3129.3	3485.0	9.3868	1.6684	2.1305	673.96	0.50205	28.489	0.066669	vapor
498.96	0.30000	0.084208	11.875	3131.0	3487.3	9.3896	1.6691	2.1312	674.39	0.50011	28.531	0.066800	vapor
500.00	0.30000	0.084094	11.891	3132.7	3489.5	9.3925	1.6698	2.1319	674.81	0.49818	28.574	0.066931	vapor
501.04	0.30000	0.083981	11.907	3134.5	3491.7	9.3954	1.6705	2.1326	675.24	0.49625	28.616	0.067062	vapor
502.08	0.30000	0.083868	11.923	3136.2	3493.9	9.3983	1.6712	2.1333	675.66	0.49434	28.659	0.067194	vapor
503.12	0.30000	0.083756	11.940	3138.0	3496.1	9.4011	1.6719	2.1340	676.08	0.49244	28.702	0.067325	vapor
504.17	0.30000	0.083643	11.956	3139.7	3498.4	9.4040	1.6726	2.1348	676.50	0.49055	28.744	0.067457	vapor
505.21	0.30000	0.083531	11.972	3141.4	3500.6	9.4068	1.6733	2.1355	676.93	0.48867	28.787	0.067588	vapor
506.25	0.30000	0.083419	11.988	3143.2	3502.8	9.4097	1.6741	2.1362	677.35	0.48679	28.829	0.067720	vapor
507.29	0.30000	0.083308	12.004	3144.9	3505.0	9.4126	1.6748	2.1369	677.77	0.48493	28.872	0.067852	vapor
508.33	0.30000	0.083197	12.020	3146.7	3507.3	9.4154	1.6755	2.1376	678.19	0.48308	28.914	0.067984	vapor
509.37	0.30000	0.083086	12.036	3148.4	3509.5	9.4183	1.6762	2.1383	678.61	0.48124	28.957	0.068115	vapor
510.42	0.30000	0.082975	12.052	3150.2	3511.7	9.4211	1.6769	2.1390	679.03	0.47941	28.999	0.068247	vapor
511.46	0.30000	0.082865	12.068	3151.9	3514.0	9.4239	1.6776	2.1397	679.45	0.47758	29.042	0.068379	vapor
512.50	0.30000	0.082755	12.084	3153.7	3516.2	9.4268	1.6784	2.1405	679.87	0.47577	29.084	0.068512	vapor
513.54	0.30000	0.082646	12.100	3155.4	3518.4	9.4296	1.6791	2.1412	680.29	0.47397	29.127	0.068644	vapor
514.58	0.30000	0.082536	12.116	3157.2	3520.6	9.4325	1.6798	2.1419	680.71	0.47217	29.169	0.068776	vapor
515.62	0.30000	0.082427	12.132	3158.9	3522.9	9.4353	1.6805	2.1426	681.13	0.47039	29.211	0.068908	vapor
516.67	0.30000	0.082318	12.148	3160.7	3525.1	9.4381	1.6812	2.1433	681.55	0.46861	29.254	0.069041	vapor
517.71	0.30000	0.082210	12.164	3162.4	3527.3	9.4409	1.6819	2.1440	681.97	0.46685	29.296	0.069173	vapor
518.75	0.30000	0.082102	12.180	3164.2	3529.6	9.4438	1.6827	2.1447	682.39	0.46509	29.339	0.069306	vapor
519.79	0.30000	0.081994	12.196	3165.9	3531.8	9.4466	1.6834	2.1455	682.80	0.46334	29.381	0.069438	vapor
520.83	0.30000	0.081886	12.212	3167.7	3534.0	9.4494	1.6841	2.1462	683.22	0.46160	29.423	0.069571	vapor
521.87	0.30000	0.081779	12.228	3169.4	3536.3	9.4522	1.6848	2.1469	683.64	0.45987	29.466	0.069704	vapor
522.92	0.30000	0.081672	12.244	3171.2	3538.5	9.4550	1.6855	2.1476	684.05	0.45815	29.508	0.069837	vapor
523.96	0.30000	0.081565	12.260	3172.9	3540.8	9.4578	1.6863	2.1483	684.47	0.45644	29.551	0.069970	vapor
525.00	0.30000	0.081458	12.276	3174.7	3543.0	9.4606	1.6870	2.1490	684.89	0.45474	29.593	0.070103	vapor
526.04	0.30000	0.081352	12.292	3176.5	3545.2	9.4634	1.6877	2.1498	685.30	0.45304	29.635	0.070236	vapor
527.08	0.30000	0.081246	12.308	3178.2	3547.5	9.4662	1.6884	2.1505	685.72	0.45136	29.678	0.070369	vapor
528.12	0.30000	0.081140	12.324	3180.0	3549.7	9.4690	1.6891	2.1512	686.13	0.44968	29.720	0.070502	vapor
529.17	0.30000	0.081035	12.340	3181.7	3552.0	9.4718	1.6899	2.1519	686.55	0.44801	29.762	0.070635	vapor
530.21	0.30000	0.080930	12.356	3183.5	3554.2	9.4746	1.6906	2.1526	686.96	0.44635	29.804	0.070769	vapor
531.25	0.30000	0.080825	12.372	3185.3	3556.4	9.4774	1.6913	2.1533	687.38	0.44470	29.847	0.070902	vapor
532.29	0.30000	0.080720	12.388	3187.0	3558.7	9.4802	1.6920	2.1541	687.79	0.44306	29.889	0.071035	vapor
533.33	0.30000	0.080616	12.405	3188.8	3560.9	9.4830	1.6927	2.1548	688.20	0.44143	29.931	0.071169	vapor
534.37	0.30000	0.080512	12.421	3190.6	3563.2	9.4858	1.6935	2.1555	688.62	0.43980	29.974	0.071303	vapor
535.42	0.30000	0.080408	12.437	3192.3	3565.4	9.4885	1.6942	2.1562	689.03	0.43818	30.016	0.071436	vapor
536.46	0.30000	0.080304	12.453	3194.1	3567.7	9.4913	1.6949	2.1569	689.44	0.43657	30.058	0.071570	vapor
537.50	0.30000	0.080201	12.469	3195.8	3569.9	9.4941	1.6956	2.1577	689.85	0.43497	30.100	0.071704	vapor
538.54	0.30000	0.080098	12.485	3197.6	3572.2	9.4969	1.6963	2.1584	690.27	0.43338	30.143	0.071838	vapor
539.58	0.30000	0.079995	12.501	3199.4	3574.4	9.4996	1.6971	2.1591	690.68	0.43179	30.185	0.071972	vapor
540.62	0.30000	0.079893	12.517	3201.2	3576.7	9.5024	1.6978	2.1598	691.09	0.43022	30.227	0.072106	vapor
541.67	0.30000	0.079791	12.533	3202.9	3578.9	9.5052	1.6985	2.1605	691.50	0.42865	30.269	0.072240	vapor
542.71	0.30000	0.079689	12.549	3204.7	3581.2	9.5079	1.6992	2.1613	691.91	0.42709	30.311	0.072374	vapor
543.75	0.30000	0.079587	12.565	3206.5	3583.4	9.5107	1.7000	2.1620	692.32	0.42553	30.353	0.072508	vapor
544.79	0.30000	0.079486	12.581	3208.2	3585.7	9.5134	1.7007	2.1627	692.73	0.42399	30.396	0.072642	vapor
545.83	0.30000	0.079384	12.597	3210.0	3587.9	9.5162	1.7014	2.1634	693.14	0.42245	30.438	0.072777	vapor
546.87	0.30000	0.079284	12.613	3211.8	3590.2	9.5189	1.7021	2.1642	693.55	0.42092	30.480	0.072911	vapor
547.92	0.30000	0.079183	12.629	3213.6	3592.4	9.5217	1.7029	2.1649	693.96	0.41939	30.522	0.073046	vapor
548.96	0.30000	0.079083	12.645	3215.3	3594.7	9.5244	1.7036	2.1656	694.37	0.41788	30.564	0.073180	vapor
550.00	0.30000	0.078982	12.661	3217.1	3596.9	9.5272	1.7043	2.1663	694.78	0.41637	30.606	0.073315	vapor
551.04	0.30000	0.078882	12.677	3218.9	3599.2	9.5299	1.7050	2.1670	695.18	0.41487	30.648	0.073450	vapor
552.08	0.30000	0.078783	12.693	3220.7	3601.4	9.5327	1.7058	2.1678	695.59	0.41338	30.690	0.073584	vapor
553.12	0.30000	0.078683	12.709	3222.4	3603.7	9.5354	1.7065	2.1685	696.00	0.41189	30.733	0.073719	vapor
554.17	0.30000	0.078584	12.725	3224.2	3606.0	9.5381	1.7072	2.1692	696.41	0.41041	30.775	0.073854	vapor
555.21	0.30000	0.078485	12.741	3226.0	3608.2	9.5409	1.7079	2.1699	696.81	0.40894	30.817	0.073989	vapor
556.25	0.30000	0.078387	12.757	3227.8	3610.5	9.5436	1.7087	2.1707	697.22	0.40748	30.859	0.074124	vapor
557.29	0.30000	0.078288	12.773	3229.5	3612.7	9.5463	1.7094	2.1714	697.63	0.40602	30.901	0.074259	vapor
558.33	0.30000	0.078190	12.789	3231.3	3615.0	9.5490	1.7101	2.1721	698.03	0.40457	30.943	0.074394	vapor
559.37	0.30000	0.078092	12.805	3233.1	3617.3	9.5518	1.7108	2.1728	698.44	0.40313	30.985	0.074530	vapor
560.42	0.30000	0.077995	12.821	3234.9	3619.5	9.5545	1.7116	2.1736	698.84	0.40170	31.027	0.074665	vapor
561.46	0.30000	0.077897	12.837	3236.7	3621.8	9.5572	1.7123	2.1743	699.25	0.40027	31.069	0.074800	vapor
562.50	0.30000	0.077800	12.853	3238.5	3624.1	9.5599	1.7130	2.1750	699.65	0.39885	31.111	0.074936	vapor
563.54	0.30000	0.077703	12.869	3240.2	3626.3	9.5626	1.7138	2.1757	700.06	0.39743	31.153	0.075071	vapor
564.58	0.30000	0.077606	12.886	3242.0	3628.6	9.5653	1.7145	2.1765	700.46	0.39602	31.195	0.075207	vapor
565.62	0.30000	0.077510	12.902	3243.8	3630.9	9.5680	1.7152	2.1772	700.87	0.39462	31.237	0.075343	vapor
566.67	0.30000	0.077414	12.918	3245.6	3633.1	9.5707	1.7159	2.1779	701.27	0.39323	31.279	0.075478	vapor
567.71	0.30000	0.077318	12.934	3247.4	3635.4	9.5734	1.7167	2.1787	701.67	0.39184	31.320	0.075614	vapor
568.75	0.30000	0.077222	12.950	3249.2	3637.7	9.5761	1.7174	2.1794	702.08	0.39046	31.362	0.075750	vapor
569.79	0.30000	0.077127	12.966	3251.0	3639.9	9.5788	1.7181	2.1801	702.48	0.38909	31.404	0.075886	vapor
570.83	0.30000	0.077031	12.982	3252.8	3642.2	9.5815	1.7189	2.1808	702.88	0.38772	31.446	0.076022	vapor
571.87	0.30000	0.076936	12.998	3254.6	3644.5	9.5842	1.7196	2.1816	703.29	0.38636	31.488	0.076158	vapor
572.92	0.30000	0.076842	13.014	3256.3	3646.8	9.5869	1.7203	2.1823	703.69	0.38500	31.530	0.076294	vapor
573.96	0.30000	0.076747	13.030	3258.1	3649.0	9.5896	1.7211	2.1830	704.09	0.38366	31.572	0.076430	vapor
575.00	0.30000	0.076653	13.046	3259.9	3651.3	9.5923	1.7218	2.1837	704.49	0.38232	31.614	0.076566	vapor
576.04	0.30000	0.076559	13.062	3261.7	3653.6	9.5949	1.7225	2.1845	704.89	0.38098	31.656	0.076702	vapor
577.08	0.30000	0.076465	13.078	3263.5	3655.9	9.5976	1.7232	2.1852	705.29	0.37965	31.697	0.076839	vapor
578.12	0.30000	0.076371	13.094	3265.3	3658.1	9.6003	1.7240	2.1859	705.69	0.37833	31.739	0.076975	vapor
579.17	0.30000	0.076278	13.110	3267.1	3660.4	9.6030	1.7247	2.1867	706.09	0.37701	31.781	0.077112	vapor
580.21	0.30000	0.076185	13.126	3268.9	3662.7	9.6056	1.7254	2.1874	706.49	0.37570	31.823	0.077248	vapor
581.25	0.30000	0.076092	13.142	3270.7	3665.0	9.6083	1.7262	2.1881	706.89	0.37440	31.865	0.077385	vapor
582.29	0.30000	0.075999	13.158	3272.5	3667.2	9.6110	1.7269	2.1888	707.29	0.37310	31.906	0.077521	vapor
583.33	0.30000	0.075906	13.174	3274.3	3669.5	9.6136	1.7276	2.1896	707.69	0.37181	31.948	0.077658	vapor
584.37	0.30000	0.075814	13.190	3276.1	3671.8	9.6163	1.7284	2.1903	708.09	0.37052	31.990	0.077795	vapor
585.42	0.30000	0.075722	13.206	3277.9	3674.1	9.6190	1.7291	2.1910	708.49	0.36925	32.032	0.077932	vapor
586.46	0.30000	0.075630	13.222	3279.7	3676.4	9.6216	1.7298	2.1918	708.89	0.36797	32.073	0.078069	vapor
587.50	0.30000	0.075539	13.238	3281.5	3678.7	9.6243	1.7306	2.1925	709.28	0.36670	32.115	0.078206	vapor
588.54	0.30000	0.075447	13.254	3283.3	3680.9	9.6269	1.7313	2.1932	709.68	0.36544	32.157	0.078343	vapor
589.58	0.30000	0.075356	13.270	3285.1	3683.2	9.6296	1.7320	2.1940	710.08	0.36419	32.198	0.078480	vapor
590.62	0.30000	0.075265	13.286	3286.9	3685.5	9.6322	1.7328	2.1947	710.48	0.36294	32.240	0.078617	vapor
591.67	0.30000	0.075175	13.302	3288.7	3687.8	9.6349	1.7335	2.1954	710.87	0.36169	32.282	0.078754	vapor
592.71	0.30000	0.075084	13.318	3290.5	3690.1	9.6375	1.7342	2.1962	711.27	0.36046	32.323	0.078892	vapor
593.75	0.30000	0.074994	13.334	3292.3	3692.4	9.6401	1.7350	2.1969	711.67	0.35922	32.365	0.079029	vapor
594.79	0.30000	0.074904	13.350	3294.2	3694.7	9.6428	1.7357	2.1976	712.06	0.35800	32.407	0.079166	vapor
595.83	0.30000	0.074814	13.366	3296.0	3697.0	9.6454	1.7364	2.1984	712.46	0.35677	32.448	0.079304	vapor
596.87	0.30000	0.074724	13.383	3297.8	3699.2	9.6481	1.7372	2.1991	712.85	0.35556	32.490	0.079441	vapor
597.92	0.30000	0.074635	13.399	3299.6	3701.5	9.6507	1.7379	2.1998	713.25	0.35435	32.532	0.079579	vapor
598.96	0.30000	0.074546	13.415	3301.4	3703.8	9.6533	1.7386	2.2005	713.64	0.35315	32.573	0.079717	vapor
600.00	0.30000	0.074457	13.431	3303.2	3706.1	9.6559	1.7394	2.2013	714.04	0.35195	32.615	0.079854	vapor
601.04	0.30000	0.074368	13.447	3305.0	3708.4	9.6586	1.7401	2.2020	714.43	0.35075	32.656	0.079992	vapor
602.08	0.30000	0.074279	13.463	3306.8	3710.7	9.6612	1.7408	2.2027	714.83	0.34957	32.698	0.080130	vapor
603.12	0.30000	0.074191	13.479	3308.6	3713.0	9.6638	1.7416	2.2035	715.22	0.34838	32.740	0.080268	vapor
604.17	0.30000	0.074103	13.495	3310.5	3715.3	9.6664	1.7423	2.2042	715.61	0.34721	32.781	0.080406	vapor
605.21	0.30000	0.074015	13.511	3312.3	3717.6	9.6690	1.7430	2.2049	716.01	0.34603	32.823	0.080544	vapor
606.25	0.30000	0.073927	13.527	3314.1	3719.9	9.6717	1.7438	2.2057	716.40	0.34487	32.864	0.080682	vapor
607.29	0.30000	0.073840	13.543	3315.9	3722.2	9.6743	1.7445	2.2064	716.79	0.34371	32.906	0.080820	vapor
608.33	0.30000	0.073752	13.559	3317.7	3724.5	9.6769	1.7452	2.2071	717.19	0.34255	32.947	0.080958	vapor
609.37	0.30000	0.073665	13.575	3319.5	3726.8	9.6795	1.7460	2.2079	717.58	0.34140	32.989	0.081096	vapor
610.42	0.30000	0.073578	13.591	3321.4	3729.1	9.6821	1.7467	2.2086	717.97	0.34026	33.030	0.081235	vapor
611.46	0.30000	0.073492	13.607	3323.2	3731.4	9.6847	1.7474	2.2093	718.36	0.33912	33.071	0.081373	vapor
612.50	0.30000	0.073405	13.623	3325.0	3733.7	9.6873	1.7482	2.2101	718.75	0.33798	33.113	0.081512	vapor
613.54	0.30000	0.073319	13.639	3326.8	3736.0	9.6899	1.7489	2.2108	719.14	0.33685	33.154	0.081650	vapor
614.58	0.30000	0.073233	13.655	3328.6	3738.3	9.6925	1.7497	2.2116	719.54	0.33573	33.196	0.081789	vapor
615.62	0.30000	0.073147	13.671	3330.5	3740.6	9.6951	1.7504	2.2123	719.93	0.33461	33.237	0.081927	vapor
616.67	0.30000	0.073061	13.687	3332.3	3742.9	9.6977	1.7511	2.2130	720.32	0.33349	33.279	0.082066	vapor
617.71	0.30000	0.072976	13.703	3334.1	3745.2	9.7003	1.7519	2.2138	720.71	0.33238	33.320	0.082205	vapor
618.75	0.30000	0.072891	13.719	3335.9	3747.5	9.7029	1.7526	2.2145	721.10	0.33128	33.361	0.082344	vapor
619.79	0.30000	0.072806	13.735	3337.8	3749.8	9.7054	1.7533	2.2152	721.49	0.33018	33.403	0.082482	vapor
620.83	0.30000	0.072721	13.751	3339.6	3752.1	9.7080	1.7541	2.2160	721.88	0.32908	33.444	0.082621	vapor
621.87	0.30000	0.072636	13.767	3341.4	3754.4	9.7106	1.7548	2.2167	722.26	0.32799	33.485	0.082760	vapor
622.92	0.30000	0.072551	13.783	3343.3	3756.8	9.7132	1.7555	2.2174	722.65	0.32691	33.527	0.082899	vapor
623.96	0.30000	0.072467	13.799	3345.1	3759.1	9.7158	1.7563	2.2182	723.04	0.32583	33.568	0.083038	vapor
625.00	0.30000	0.072383	13.815	3346.9	3761.4	9.7183	1.7570	2.2189	723.43	0.32475	33.609	0.083178	vapor
626.04	0.30000	0.072299	13.831	3348.7	3763.7	9.7209	1.7578	2.2196	723.82	0.32368	33.651	0.083317	vapor
627.08	0.30000	0.072215	13.847	3350.6	3766.0	9.7235	1.7585	2.2204	724.21	0.32261	33.692	0.083456	vapor
628.12	0.30000	0.072132	13.863	3352.4	3768.3	9.7260	1.7592	2.2211	724.59	0.32155	33.733	0.083595	vapor
629.17	0.30000	0.072049	13.880	3354.2	3770.6	9.7286	1.7600	2.2219	724.98	0.32050	33.774	0.083735	vapor
630.21	0.30000	0.071966	13.896	3356.1	3772.9	9.7312	1.7607	2.2226	725.37	0.31944	33.816	0.083874	vapor
631.25	0.30000	0.071883	13.912	3357.9	3775.3	9.7337	1.7614	2.2233	725.75	0.31840	33.857	0.084014	vapor
632.29	0.30000	0.071800	13.928	3359.7	3777.6	9.7363	1.7622	2.2241	726.14	0.31735	33.898	0.084153	vapor
633.33	0.30000	0.071717	13.944	3361.6	3779.9	9.7389	1.7629	2.2248	726.53	0.31632	33.939	0.084293	vapor
634.37	0.30000	0.071635	13.960	3363.4	3782.2	9.7414	1.7637	2.2255	726.91	0.31528	33.981	0.084433	vapor
635.42	0.30000	0.071553	13.976	3365.3	3784.5	9.7440	1.7644	2.2263	727.30	0.31425	34.022	0.084572	vapor
636.46	0.30000	0.071471	13.992	3367.1	3786.8	9.7465	1.7651	2.2270	727.68	0.31323	34.063	0.084712	vapor
637.50	0.30000	0.071389	14.008	3368.9	3789.2	9.7491	1.7659	2.2277	728.07	0.31221	34.104	0.084852	vapor
638.54	0.30000	0.071307	14.024	3370.8	3791.5	9.7516	1.7666	2.2285	728.45	0.31119	34.145	0.084992	vapor
639.58	0.30000	0.071226	14.040	3372.6	3793.8	9.7542	1.7674	2.2292	728.84	0.31018	34.186	0.085132	vapor
640.62	0.30000	0.071145	14.056	3374.5	3796.1	9.7567	1.7681	2.2300	729.22	0.30917	34.228	0.085272	vapor
641.67	0.30000	0.071064	14.072	3376.3	3798.5	9.7592	1.7688	2.2307	729.61	0.30817	34.269	0.085412	vapor
642.71	0.30000	0.070983	14.088	3378.1	3800.8	9.7618	1.7696	2.2314	729.99	0.30717	34.310	0.085552	vapor
643.75	0.30000	0.070902	14.104	3380.0	3803.1	9.7643	1.7703	2.2322	730.37	0.30618	34.351	0.085692	vapor
644.79	0.30000	0.070822	14.120	3381.8	3805.4	9.7669	1.7710	2.2329	730.76	0.30519	34.392	0.085833	vapor
645.83	0.30000	0.070741	14.136	3383.7	3807.8	9.7694	1.7718	2.2336	731.14	0.30420	34.433	0.085973	vapor
646.87	0.30000	0.070661	14.152	3385.5	3810.1	9.7719	1.7725	2.2344	731.52	0.30322	34.474	0.086113	vapor
647.92	0.30000	0.070581	14.168	3387.4	3812.4	9.7744	1.7733	2.2351	731.91	0.30225	34.515	0.086254	vapor
648.96	0.30000	0.070501	14.184	3389.2	3814.7	9.7770	1.7740	2.2359	732.29	0.30127	34.556	0.086394	vapor
650.00	0.30000	0.070422	14.200	3391.1	3817.1	9.7795	1.7747	2.2366	732.67	0.30030	34.597	0.086535	vapor
