Temperature (C)	Pressure (bar)	Density (kg/m3)	Volume (m3/kg)	Internal Energy (kJ/kg)	Enthalpy (kJ/kg)	Entropy (J/g*K)	Cv (J/g*K)	Cp (J/g*K)	Sound Spd. (m/s)	Joule-Thomson (K/bar)	Viscosity (uPa*s)	Therm. Cond. (W/m*K)	Phase
25.000	0.070000	997.01	0.0010030	104.83	104.83	0.36722	4.1379	4.1816	1496.5	-0.022147	890.10	0.60715	liquid
26.042	0.070000	996.73	0.0010033	109.18	109.19	0.38181	4.1337	4.1812	1499.3	-0.022077	869.39	0.60892	liquid
27.083	0.070000	996.45	0.0010036	113.54	113.54	0.39634	4.1295	4.1808	1502.0	-0.022008	849.44	0.61067	liquid
28.125	0.070000	996.16	0.0010039	117.89	117.90	0.41082	4.1253	4.1805	1504.5	-0.021940	830.22	0.61240	liquid
29.167	0.070000	995.86	0.0010042	122.25	122.25	0.42525	4.1210	4.1803	1507.0	-0.021873	811.70	0.61411	liquid
30.208	0.070000	995.54	0.0010045	126.60	126.61	0.43963	4.1167	4.1800	1509.5	-0.021806	793.83	0.61580	liquid
31.250	0.070000	995.22	0.0010048	130.95	130.96	0.45395	4.1123	4.1799	1511.8	-0.021740	776.60	0.61746	liquid
32.292	0.070000	994.89	0.0010051	135.31	135.32	0.46823	4.1078	4.1797	1514.1	-0.021674	759.96	0.61911	liquid
33.333	0.070000	994.55	0.0010055	139.66	139.67	0.48246	4.1033	4.1796	1516.3	-0.021609	743.90	0.62073	liquid
34.375	0.070000	994.20	0.0010058	144.02	144.02	0.49664	4.0988	4.1795	1518.4	-0.021544	728.38	0.62233	liquid
35.417	0.070000	993.85	0.0010062	148.37	148.38	0.51078	4.0942	4.1795	1520.5	-0.021480	713.37	0.62391	liquid
36.458	0.070000	993.48	0.0010066	152.72	152.73	0.52486	4.0896	4.1795	1522.5	-0.021416	698.87	0.62547	liquid
37.500	0.070000	993.11	0.0010069	157.08	157.08	0.53890	4.0850	4.1795	1524.4	-0.021353	684.84	0.62700	liquid
38.542	0.070000	992.72	0.0010073	161.43	161.44	0.55289	4.0803	4.1795	1526.3	-0.021291	671.26	0.62851	liquid
39.000	0.070000	992.55	0.0010075	163.34	163.35	0.55903	4.0782	4.1796	1527.1	-0.021263	665.43	0.62917	liquid
39.000	0.070000	0.048722	20.524	2428.0	2571.7	8.2745	1.4542	1.9300	436.05	19.332	10.277	0.019525	vapor
39.583	0.070000	0.048630	20.564	2428.9	2572.8	8.2781	1.4524	1.9279	436.50	18.948	10.295	0.019562	vapor
40.625	0.070000	0.048465	20.633	2430.4	2574.9	8.2845	1.4497	1.9245	437.29	18.313	10.328	0.019630	vapor
41.667	0.070000	0.048302	20.703	2431.9	2576.9	8.2908	1.4472	1.9216	438.08	17.733	10.360	0.019697	vapor
42.708	0.070000	0.048141	20.773	2433.4	2578.9	8.2972	1.4452	1.9191	438.85	17.201	10.392	0.019765	vapor
43.750	0.070000	0.047980	20.842	2435.0	2580.9	8.3035	1.4434	1.9168	439.61	16.710	10.425	0.019833	vapor
44.792	0.070000	0.047820	20.912	2436.5	2582.9	8.3098	1.4418	1.9149	440.37	16.255	10.458	0.019902	vapor
45.833	0.070000	0.047662	20.981	2438.0	2584.8	8.3161	1.4405	1.9131	441.12	15.832	10.491	0.019971	vapor
46.875	0.070000	0.047504	21.051	2439.5	2586.8	8.3223	1.4393	1.9116	441.87	15.436	10.524	0.020040	vapor
47.917	0.070000	0.047348	21.120	2441.0	2588.8	8.3285	1.4382	1.9103	442.61	15.063	10.557	0.020110	vapor
48.958	0.070000	0.047193	21.190	2442.5	2590.8	8.3347	1.4373	1.9090	443.35	14.712	10.590	0.020180	vapor
50.000	0.070000	0.047039	21.259	2444.0	2592.8	8.3408	1.4365	1.9080	444.08	14.379	10.624	0.020250	vapor
51.042	0.070000	0.046886	21.328	2445.5	2594.8	8.3470	1.4358	1.9070	444.81	14.064	10.657	0.020321	vapor
52.083	0.070000	0.046734	21.398	2447.0	2596.8	8.3531	1.4352	1.9061	445.54	13.763	10.691	0.020392	vapor
53.125	0.070000	0.046583	21.467	2448.5	2598.8	8.3592	1.4347	1.9053	446.26	13.475	10.725	0.020463	vapor
54.167	0.070000	0.046433	21.536	2450.0	2600.7	8.3653	1.4342	1.9046	446.98	13.200	10.759	0.020535	vapor
55.208	0.070000	0.046284	21.606	2451.5	2602.7	8.3713	1.4337	1.9039	447.70	12.935	10.793	0.020607	vapor
56.250	0.070000	0.046136	21.675	2453.0	2604.7	8.3773	1.4334	1.9034	448.42	12.681	10.827	0.020679	vapor
57.292	0.070000	0.045989	21.744	2454.5	2606.7	8.3834	1.4330	1.9028	449.13	12.436	10.861	0.020752	vapor
58.333	0.070000	0.045843	21.814	2456.0	2608.7	8.3893	1.4327	1.9023	449.84	12.200	10.896	0.020825	vapor
59.375	0.070000	0.045698	21.883	2457.5	2610.7	8.3953	1.4325	1.9019	450.55	11.971	10.930	0.020898	vapor
60.417	0.070000	0.045553	21.952	2459.0	2612.6	8.4013	1.4322	1.9015	451.26	11.750	10.965	0.020972	vapor
61.458	0.070000	0.045410	22.021	2460.5	2614.6	8.4072	1.4320	1.9011	451.96	11.535	10.999	0.021046	vapor
62.500	0.070000	0.045268	22.091	2462.0	2616.6	8.4131	1.4319	1.9008	452.67	11.327	11.034	0.021120	vapor
63.542	0.070000	0.045127	22.160	2463.5	2618.6	8.4190	1.4317	1.9005	453.37	11.125	11.069	0.021194	vapor
64.583	0.070000	0.044986	22.229	2465.0	2620.6	8.4249	1.4316	1.9002	454.07	10.929	11.104	0.021269	vapor
65.625	0.070000	0.044846	22.298	2466.4	2622.5	8.4307	1.4315	1.8999	454.77	10.738	11.139	0.021344	vapor
66.667	0.070000	0.044708	22.368	2467.9	2624.5	8.4365	1.4314	1.8997	455.46	10.553	11.174	0.021420	vapor
67.708	0.070000	0.044570	22.437	2469.4	2626.5	8.4424	1.4314	1.8995	456.16	10.372	11.210	0.021495	vapor
68.750	0.070000	0.044433	22.506	2470.9	2628.5	8.4481	1.4313	1.8993	456.85	10.196	11.245	0.021571	vapor
69.792	0.070000	0.044297	22.575	2472.4	2630.5	8.4539	1.4313	1.8992	457.54	10.025	11.281	0.021648	vapor
70.833	0.070000	0.044162	22.644	2473.9	2632.4	8.4597	1.4313	1.8990	458.24	9.8575	11.316	0.021724	vapor
71.875	0.070000	0.044027	22.713	2475.4	2634.4	8.4654	1.4313	1.8989	458.92	9.6944	11.352	0.021801	vapor
72.917	0.070000	0.043894	22.782	2476.9	2636.4	8.4711	1.4313	1.8988	459.61	9.5354	11.388	0.021878	vapor
73.958	0.070000	0.043761	22.852	2478.4	2638.4	8.4769	1.4314	1.8987	460.30	9.3801	11.424	0.021955	vapor
75.000	0.070000	0.043629	22.921	2479.9	2640.3	8.4825	1.4314	1.8987	460.98	9.2286	11.460	0.022033	vapor
76.042	0.070000	0.043498	22.990	2481.4	2642.3	8.4882	1.4315	1.8986	461.67	9.0806	11.496	0.022111	vapor
77.083	0.070000	0.043367	23.059	2482.9	2644.3	8.4939	1.4316	1.8986	462.35	8.9361	11.532	0.022189	vapor
78.125	0.070000	0.043238	23.128	2484.4	2646.3	8.4995	1.4317	1.8986	463.03	8.7950	11.568	0.022268	vapor
79.167	0.070000	0.043109	23.197	2485.9	2648.3	8.5051	1.4318	1.8986	463.71	8.6570	11.604	0.022346	vapor
80.208	0.070000	0.042981	23.266	2487.4	2650.2	8.5107	1.4319	1.8986	464.39	8.5222	11.641	0.022425	vapor
81.250	0.070000	0.042854	23.335	2488.9	2652.2	8.5163	1.4320	1.8986	465.06	8.3904	11.677	0.022505	vapor
82.292	0.070000	0.042727	23.404	2490.4	2654.2	8.5219	1.4321	1.8986	465.74	8.2616	11.714	0.022584	vapor
83.333	0.070000	0.042602	23.473	2491.9	2656.2	8.5275	1.4323	1.8987	466.41	8.1356	11.750	0.022664	vapor
84.375	0.070000	0.042477	23.542	2493.3	2658.1	8.5330	1.4324	1.8988	467.08	8.0124	11.787	0.022744	vapor
85.417	0.070000	0.042353	23.611	2494.8	2660.1	8.5385	1.4326	1.8988	467.75	7.8919	11.824	0.022824	vapor
86.458	0.070000	0.042229	23.680	2496.3	2662.1	8.5440	1.4328	1.8989	468.42	7.7740	11.861	0.022905	vapor
87.500	0.070000	0.042106	23.749	2497.8	2664.1	8.5495	1.4330	1.8990	469.09	7.6586	11.898	0.022986	vapor
88.542	0.070000	0.041984	23.818	2499.3	2666.1	8.5550	1.4331	1.8991	469.76	7.5457	11.935	0.023067	vapor
89.583	0.070000	0.041863	23.887	2500.8	2668.0	8.5605	1.4333	1.8992	470.43	7.4353	11.972	0.023148	vapor
90.625	0.070000	0.041743	23.956	2502.3	2670.0	8.5659	1.4336	1.8994	471.09	7.3271	12.009	0.023230	vapor
91.667	0.070000	0.041623	24.025	2503.8	2672.0	8.5713	1.4338	1.8995	471.75	7.2213	12.046	0.023311	vapor
92.708	0.070000	0.041504	24.094	2505.3	2674.0	8.5768	1.4340	1.8997	472.42	7.1176	12.084	0.023393	vapor
93.750	0.070000	0.041385	24.163	2506.8	2675.9	8.5822	1.4342	1.8998	473.08	7.0161	12.121	0.023476	vapor
94.792	0.070000	0.041267	24.232	2508.3	2677.9	8.5875	1.4345	1.9000	473.74	6.9167	12.158	0.023558	vapor
95.833	0.070000	0.041150	24.301	2509.8	2679.9	8.5929	1.4347	1.9002	474.40	6.8194	12.196	0.023641	vapor
96.875	0.070000	0.041034	24.370	2511.3	2681.9	8.5983	1.4350	1.9003	475.05	6.7240	12.234	0.023724	vapor
97.917	0.070000	0.040918	24.439	2512.8	2683.9	8.6036	1.4352	1.9005	475.71	6.6306	12.271	0.023807	vapor
98.958	0.070000	0.040803	24.508	2514.3	2685.8	8.6089	1.4355	1.9007	476.36	6.5391	12.309	0.023891	vapor
100.00	0.070000	0.040688	24.577	2515.8	2687.8	8.6143	1.4358	1.9009	477.02	6.4494	12.347	0.023974	vapor
101.04	0.070000	0.040574	24.646	2517.3	2689.8	8.6196	1.4360	1.9012	477.67	6.3615	12.385	0.024058	vapor
102.08	0.070000	0.040461	24.715	2518.8	2691.8	8.6248	1.4363	1.9014	478.32	6.2754	12.423	0.024142	vapor
103.13	0.070000	0.040349	24.784	2520.3	2693.8	8.6301	1.4366	1.9016	478.97	6.1909	12.461	0.024227	vapor
104.17	0.070000	0.040237	24.853	2521.8	2695.7	8.6354	1.4369	1.9019	479.62	6.1082	12.499	0.024311	vapor
105.21	0.070000	0.040126	24.922	2523.3	2697.7	8.6406	1.4372	1.9021	480.27	6.0270	12.537	0.024396	vapor
106.25	0.070000	0.040015	24.991	2524.8	2699.7	8.6458	1.4375	1.9024	480.92	5.9475	12.575	0.024481	vapor
107.29	0.070000	0.039905	25.060	2526.3	2701.7	8.6511	1.4379	1.9026	481.56	5.8694	12.613	0.024566	vapor
108.33	0.070000	0.039795	25.129	2527.8	2703.7	8.6563	1.4382	1.9029	482.21	5.7929	12.652	0.024652	vapor
109.38	0.070000	0.039687	25.197	2529.3	2705.7	8.6614	1.4385	1.9032	482.85	5.7179	12.690	0.024738	vapor
110.42	0.070000	0.039578	25.266	2530.8	2707.6	8.6666	1.4388	1.9035	483.49	5.6443	12.729	0.024824	vapor
111.46	0.070000	0.039471	25.335	2532.3	2709.6	8.6718	1.4392	1.9037	484.14	5.5721	12.767	0.024910	vapor
112.50	0.070000	0.039364	25.404	2533.8	2711.6	8.6769	1.4395	1.9040	484.78	5.5012	12.806	0.024996	vapor
113.54	0.070000	0.039257	25.473	2535.3	2713.6	8.6821	1.4399	1.9043	485.41	5.4317	12.844	0.025083	vapor
114.58	0.070000	0.039151	25.542	2536.8	2715.6	8.6872	1.4402	1.9047	486.05	5.3635	12.883	0.025169	vapor
115.63	0.070000	0.039046	25.611	2538.3	2717.6	8.6923	1.4406	1.9050	486.69	5.2965	12.922	0.025256	vapor
116.67	0.070000	0.038941	25.680	2539.8	2719.5	8.6974	1.4409	1.9053	487.33	5.2308	12.961	0.025344	vapor
117.71	0.070000	0.038837	25.749	2541.3	2721.5	8.7025	1.4413	1.9056	487.96	5.1663	13.000	0.025431	vapor
118.75	0.070000	0.038733	25.818	2542.8	2723.5	8.7076	1.4417	1.9059	488.59	5.1030	13.038	0.025519	vapor
119.79	0.070000	0.038630	25.886	2544.3	2725.5	8.7126	1.4421	1.9063	489.23	5.0409	13.077	0.025606	vapor
120.83	0.070000	0.038528	25.955	2545.8	2727.5	8.7177	1.4424	1.9066	489.86	4.9798	13.116	0.025694	vapor
121.88	0.070000	0.038426	26.024	2547.3	2729.5	8.7227	1.4428	1.9070	490.49	4.9199	13.156	0.025783	vapor
122.92	0.070000	0.038324	26.093	2548.8	2731.5	8.7277	1.4432	1.9073	491.12	4.8610	13.195	0.025871	vapor
123.96	0.070000	0.038224	26.162	2550.3	2733.4	8.7327	1.4436	1.9077	491.75	4.8032	13.234	0.025960	vapor
125.00	0.070000	0.038123	26.231	2551.8	2735.4	8.7377	1.4440	1.9080	492.38	4.7465	13.273	0.026049	vapor
126.04	0.070000	0.038023	26.300	2553.3	2737.4	8.7427	1.4444	1.9084	493.00	4.6907	13.312	0.026138	vapor
127.08	0.070000	0.037924	26.368	2554.8	2739.4	8.7477	1.4448	1.9088	493.63	4.6359	13.352	0.026227	vapor
128.13	0.070000	0.037825	26.437	2556.3	2741.4	8.7527	1.4452	1.9091	494.25	4.5821	13.391	0.026316	vapor
129.17	0.070000	0.037727	26.506	2557.8	2743.4	8.7576	1.4456	1.9095	494.88	4.5292	13.431	0.026406	vapor
130.21	0.070000	0.037629	26.575	2559.3	2745.4	8.7625	1.4461	1.9099	495.50	4.4772	13.470	0.026496	vapor
131.25	0.070000	0.037532	26.644	2560.9	2747.4	8.7675	1.4465	1.9103	496.12	4.4261	13.510	0.026586	vapor
132.29	0.070000	0.037435	26.713	2562.4	2749.4	8.7724	1.4469	1.9107	496.74	4.3759	13.549	0.026676	vapor
133.33	0.070000	0.037339	26.782	2563.9	2751.3	8.7773	1.4473	1.9111	497.36	4.3266	13.589	0.026767	vapor
134.38	0.070000	0.037243	26.850	2565.4	2753.3	8.7822	1.4478	1.9115	497.98	4.2781	13.629	0.026857	vapor
135.42	0.070000	0.037148	26.919	2566.9	2755.3	8.7871	1.4482	1.9119	498.60	4.2304	13.668	0.026948	vapor
136.46	0.070000	0.037053	26.988	2568.4	2757.3	8.7919	1.4486	1.9123	499.22	4.1835	13.708	0.027039	vapor
137.50	0.070000	0.036959	27.057	2569.9	2759.3	8.7968	1.4491	1.9127	499.83	4.1374	13.748	0.027130	vapor
138.54	0.070000	0.036865	27.126	2571.4	2761.3	8.8016	1.4495	1.9131	500.45	4.0921	13.788	0.027222	vapor
139.58	0.070000	0.036772	27.195	2572.9	2763.3	8.8065	1.4500	1.9135	501.06	4.0475	13.828	0.027313	vapor
140.63	0.070000	0.036679	27.263	2574.4	2765.3	8.8113	1.4504	1.9139	501.67	4.0036	13.868	0.027405	vapor
141.67	0.070000	0.036587	27.332	2576.0	2767.3	8.8161	1.4509	1.9144	502.28	3.9605	13.908	0.027497	vapor
142.71	0.070000	0.036495	27.401	2577.5	2769.3	8.8209	1.4513	1.9148	502.90	3.9181	13.948	0.027589	vapor
143.75	0.070000	0.036403	27.470	2579.0	2771.3	8.8257	1.4518	1.9152	503.51	3.8763	13.988	0.027681	vapor
144.79	0.070000	0.036312	27.539	2580.5	2773.3	8.8305	1.4522	1.9157	504.12	3.8353	14.028	0.027774	vapor
145.83	0.070000	0.036222	27.608	2582.0	2775.3	8.8352	1.4527	1.9161	504.72	3.7949	14.068	0.027866	vapor
146.88	0.070000	0.036132	27.676	2583.5	2777.3	8.8400	1.4532	1.9165	505.33	3.7551	14.108	0.027959	vapor
147.92	0.070000	0.036042	27.745	2585.0	2779.3	8.8448	1.4536	1.9170	505.94	3.7160	14.149	0.028052	vapor
148.96	0.070000	0.035953	27.814	2586.6	2781.3	8.8495	1.4541	1.9174	506.54	3.6775	14.189	0.028146	vapor
150.00	0.070000	0.035864	27.883	2588.1	2783.2	8.8542	1.4546	1.9179	507.15	3.6396	14.229	0.028239	vapor
151.04	0.070000	0.035776	27.952	2589.6	2785.2	8.8589	1.4551	1.9183	507.75	3.6023	14.270	0.028333	vapor
152.08	0.070000	0.035688	28.020	2591.1	2787.2	8.8636	1.4556	1.9188	508.35	3.5655	14.310	0.028426	vapor
153.13	0.070000	0.035601	28.089	2592.6	2789.2	8.8683	1.4560	1.9193	508.96	3.5294	14.351	0.028520	vapor
154.17	0.070000	0.035514	28.158	2594.1	2791.2	8.8730	1.4565	1.9197	509.56	3.4938	14.391	0.028614	vapor
155.21	0.070000	0.035427	28.227	2595.7	2793.2	8.8777	1.4570	1.9202	510.16	3.4588	14.432	0.028709	vapor
156.25	0.070000	0.035341	28.296	2597.2	2795.2	8.8824	1.4575	1.9207	510.76	3.4242	14.472	0.028803	vapor
157.29	0.070000	0.035255	28.364	2598.7	2797.2	8.8870	1.4580	1.9211	511.36	3.3903	14.513	0.028898	vapor
158.33	0.070000	0.035170	28.433	2600.2	2799.2	8.8917	1.4585	1.9216	511.95	3.3568	14.553	0.028993	vapor
159.38	0.070000	0.035085	28.502	2601.7	2801.2	8.8963	1.4590	1.9221	512.55	3.3238	14.594	0.029088	vapor
160.42	0.070000	0.035001	28.571	2603.3	2803.3	8.9009	1.4595	1.9226	513.15	3.2913	14.635	0.029183	vapor
161.46	0.070000	0.034917	28.640	2604.8	2805.3	8.9055	1.4600	1.9231	513.74	3.2594	14.676	0.029278	vapor
162.50	0.070000	0.034833	28.708	2606.3	2807.3	8.9101	1.4605	1.9235	514.33	3.2278	14.716	0.029374	vapor
163.54	0.070000	0.034750	28.777	2607.8	2809.3	8.9147	1.4610	1.9240	514.93	3.1968	14.757	0.029469	vapor
164.58	0.070000	0.034667	28.846	2609.3	2811.3	8.9193	1.4615	1.9245	515.52	3.1662	14.798	0.029565	vapor
165.63	0.070000	0.034584	28.915	2610.9	2813.3	8.9239	1.4620	1.9250	516.11	3.1361	14.839	0.029661	vapor
166.67	0.070000	0.034502	28.984	2612.4	2815.3	8.9285	1.4625	1.9255	516.70	3.1064	14.880	0.029757	vapor
167.71	0.070000	0.034421	29.052	2613.9	2817.3	8.9330	1.4630	1.9260	517.29	3.0771	14.921	0.029854	vapor
168.75	0.070000	0.034339	29.121	2615.4	2819.3	8.9376	1.4636	1.9265	517.88	3.0482	14.962	0.029950	vapor
169.79	0.070000	0.034258	29.190	2617.0	2821.3	8.9421	1.4641	1.9270	518.47	3.0198	15.003	0.030047	vapor
170.83	0.070000	0.034178	29.259	2618.5	2823.3	8.9466	1.4646	1.9275	519.06	2.9918	15.044	0.030144	vapor
171.88	0.070000	0.034098	29.327	2620.0	2825.3	8.9511	1.4651	1.9280	519.64	2.9641	15.085	0.030241	vapor
172.92	0.070000	0.034018	29.396	2621.5	2827.3	8.9556	1.4656	1.9285	520.23	2.9369	15.126	0.030338	vapor
173.96	0.070000	0.033939	29.465	2623.1	2829.3	8.9601	1.4662	1.9290	520.81	2.9101	15.167	0.030435	vapor
175.00	0.070000	0.033859	29.534	2624.6	2831.3	8.9646	1.4667	1.9295	521.40	2.8836	15.209	0.030533	vapor
176.04	0.070000	0.033781	29.603	2626.1	2833.3	8.9691	1.4672	1.9301	521.98	2.8575	15.250	0.030630	vapor
177.08	0.070000	0.033703	29.671	2627.7	2835.4	8.9736	1.4678	1.9306	522.56	2.8317	15.291	0.030728	vapor
178.13	0.070000	0.033625	29.740	2629.2	2837.4	8.9780	1.4683	1.9311	523.14	2.8063	15.332	0.030826	vapor
179.17	0.070000	0.033547	29.809	2630.7	2839.4	8.9825	1.4688	1.9316	523.73	2.7813	15.374	0.030924	vapor
180.21	0.070000	0.033470	29.878	2632.3	2841.4	8.9869	1.4694	1.9321	524.31	2.7566	15.415	0.031023	vapor
181.25	0.070000	0.033393	29.946	2633.8	2843.4	8.9914	1.4699	1.9327	524.88	2.7322	15.456	0.031121	vapor
182.29	0.070000	0.033316	30.015	2635.3	2845.4	8.9958	1.4704	1.9332	525.46	2.7082	15.498	0.031220	vapor
183.33	0.070000	0.033240	30.084	2636.8	2847.4	9.0002	1.4710	1.9337	526.04	2.6845	15.539	0.031319	vapor
184.38	0.070000	0.033164	30.153	2638.4	2849.5	9.0046	1.4715	1.9342	526.62	2.6611	15.581	0.031417	vapor
185.42	0.070000	0.033089	30.222	2639.9	2851.5	9.0090	1.4721	1.9348	527.19	2.6380	15.622	0.031517	vapor
186.46	0.070000	0.033014	30.290	2641.4	2853.5	9.0134	1.4726	1.9353	527.77	2.6153	15.664	0.031616	vapor
187.50	0.070000	0.032939	30.359	2643.0	2855.5	9.0178	1.4732	1.9358	528.34	2.5928	15.705	0.031715	vapor
188.54	0.070000	0.032865	30.428	2644.5	2857.5	9.0222	1.4737	1.9364	528.92	2.5706	15.747	0.031815	vapor
189.58	0.070000	0.032791	30.497	2646.1	2859.5	9.0265	1.4743	1.9369	529.49	2.5487	15.789	0.031915	vapor
190.63	0.070000	0.032717	30.565	2647.6	2861.5	9.0309	1.4748	1.9375	530.06	2.5271	15.830	0.032014	vapor
191.67	0.070000	0.032643	30.634	2649.1	2863.6	9.0352	1.4754	1.9380	530.63	2.5058	15.872	0.032114	vapor
192.71	0.070000	0.032570	30.703	2650.7	2865.6	9.0396	1.4759	1.9385	531.20	2.4848	15.913	0.032215	vapor
193.75	0.070000	0.032497	30.772	2652.2	2867.6	9.0439	1.4765	1.9391	531.77	2.4640	15.955	0.032315	vapor
194.79	0.070000	0.032425	30.840	2653.7	2869.6	9.0482	1.4770	1.9396	532.34	2.4435	15.997	0.032415	vapor
195.83	0.070000	0.032353	30.909	2655.3	2871.6	9.0525	1.4776	1.9402	532.91	2.4233	16.039	0.032516	vapor
196.88	0.070000	0.032281	30.978	2656.8	2873.7	9.0568	1.4782	1.9407	533.48	2.4033	16.080	0.032617	vapor
197.92	0.070000	0.032210	31.047	2658.4	2875.7	9.0611	1.4787	1.9413	534.05	2.3836	16.122	0.032718	vapor
198.96	0.070000	0.032138	31.115	2659.9	2877.7	9.0654	1.4793	1.9418	534.61	2.3641	16.164	0.032819	vapor
200.00	0.070000	0.032068	31.184	2661.4	2879.7	9.0697	1.4799	1.9424	535.18	2.3449	16.206	0.032920	vapor
201.04	0.070000	0.031997	31.253	2663.0	2881.8	9.0740	1.4804	1.9429	535.74	2.3259	16.248	0.033022	vapor
202.08	0.070000	0.031927	31.322	2664.5	2883.8	9.0783	1.4810	1.9435	536.31	2.3071	16.290	0.033123	vapor
203.13	0.070000	0.031857	31.390	2666.1	2885.8	9.0825	1.4816	1.9441	536.87	2.2886	16.332	0.033225	vapor
204.17	0.070000	0.031787	31.459	2667.6	2887.8	9.0868	1.4821	1.9446	537.43	2.2703	16.374	0.033327	vapor
205.21	0.070000	0.031718	31.528	2669.2	2889.9	9.0910	1.4827	1.9452	537.99	2.2522	16.416	0.033429	vapor
206.25	0.070000	0.031649	31.597	2670.7	2891.9	9.0952	1.4833	1.9457	538.55	2.2344	16.458	0.033531	vapor
207.29	0.070000	0.031580	31.665	2672.3	2893.9	9.0995	1.4838	1.9463	539.11	2.2168	16.500	0.033633	vapor
208.33	0.070000	0.031512	31.734	2673.8	2895.9	9.1037	1.4844	1.9469	539.67	2.1993	16.542	0.033735	vapor
209.38	0.070000	0.031444	31.803	2675.3	2898.0	9.1079	1.4850	1.9474	540.23	2.1821	16.584	0.033838	vapor
210.42	0.070000	0.031376	31.872	2676.9	2900.0	9.1121	1.4856	1.9480	540.79	2.1651	16.626	0.033941	vapor
211.46	0.070000	0.031308	31.940	2678.4	2902.0	9.1163	1.4861	1.9486	541.35	2.1483	16.668	0.034044	vapor
212.50	0.070000	0.031241	32.009	2680.0	2904.1	9.1205	1.4867	1.9491	541.90	2.1317	16.710	0.034147	vapor
213.54	0.070000	0.031174	32.078	2681.5	2906.1	9.1246	1.4873	1.9497	542.46	2.1153	16.752	0.034250	vapor
214.58	0.070000	0.031107	32.147	2683.1	2908.1	9.1288	1.4879	1.9503	543.02	2.0991	16.794	0.034353	vapor
215.63	0.070000	0.031041	32.215	2684.6	2910.2	9.1330	1.4885	1.9509	543.57	2.0831	16.836	0.034456	vapor
216.67	0.070000	0.030975	32.284	2686.2	2912.2	9.1371	1.4891	1.9514	544.12	2.0673	16.879	0.034560	vapor
217.71	0.070000	0.030909	32.353	2687.7	2914.2	9.1413	1.4896	1.9520	544.68	2.0516	16.921	0.034664	vapor
218.75	0.070000	0.030844	32.422	2689.3	2916.3	9.1454	1.4902	1.9526	545.23	2.0362	16.963	0.034768	vapor
219.79	0.070000	0.030778	32.490	2690.9	2918.3	9.1495	1.4908	1.9532	545.78	2.0209	17.005	0.034872	vapor
220.83	0.070000	0.030713	32.559	2692.4	2920.3	9.1537	1.4914	1.9538	546.33	2.0058	17.048	0.034976	vapor
221.88	0.070000	0.030649	32.628	2694.0	2922.4	9.1578	1.4920	1.9543	546.88	1.9908	17.090	0.035080	vapor
222.92	0.070000	0.030584	32.697	2695.5	2924.4	9.1619	1.4926	1.9549	547.43	1.9761	17.132	0.035184	vapor
223.96	0.070000	0.030520	32.765	2697.1	2926.4	9.1660	1.4932	1.9555	547.98	1.9615	17.175	0.035289	vapor
225.00	0.070000	0.030456	32.834	2698.6	2928.5	9.1701	1.4938	1.9561	548.53	1.9470	17.217	0.035394	vapor
226.04	0.070000	0.030393	32.903	2700.2	2930.5	9.1742	1.4944	1.9567	549.08	1.9328	17.259	0.035499	vapor
227.08	0.070000	0.030329	32.972	2701.7	2932.5	9.1782	1.4950	1.9573	549.63	1.9186	17.302	0.035604	vapor
228.13	0.070000	0.030266	33.040	2703.3	2934.6	9.1823	1.4955	1.9578	550.17	1.9047	17.344	0.035709	vapor
229.17	0.070000	0.030203	33.109	2704.9	2936.6	9.1864	1.4961	1.9584	550.72	1.8909	17.387	0.035814	vapor
230.21	0.070000	0.030141	33.178	2706.4	2938.7	9.1904	1.4967	1.9590	551.26	1.8772	17.429	0.035919	vapor
231.25	0.070000	0.030078	33.246	2708.0	2940.7	9.1945	1.4973	1.9596	551.81	1.8638	17.471	0.036025	vapor
232.29	0.070000	0.030016	33.315	2709.5	2942.7	9.1985	1.4979	1.9602	552.35	1.8504	17.514	0.036130	vapor
233.33	0.070000	0.029955	33.384	2711.1	2944.8	9.2026	1.4985	1.9608	552.89	1.8372	17.556	0.036236	vapor
234.38	0.070000	0.029893	33.453	2712.7	2946.8	9.2066	1.4991	1.9614	553.44	1.8241	17.599	0.036342	vapor
235.42	0.070000	0.029832	33.521	2714.2	2948.9	9.2106	1.4997	1.9620	553.98	1.8112	17.641	0.036448	vapor
236.46	0.070000	0.029771	33.590	2715.8	2950.9	9.2146	1.5003	1.9626	554.52	1.7985	17.684	0.036554	vapor
237.50	0.070000	0.029710	33.659	2717.3	2953.0	9.2186	1.5009	1.9632	555.06	1.7858	17.727	0.036661	vapor
238.54	0.070000	0.029649	33.728	2718.9	2955.0	9.2226	1.5015	1.9638	555.60	1.7733	17.769	0.036767	vapor
239.58	0.070000	0.029589	33.796	2720.5	2957.1	9.2266	1.5022	1.9644	556.14	1.7609	17.812	0.036874	vapor
240.63	0.070000	0.029529	33.865	2722.0	2959.1	9.2306	1.5028	1.9650	556.68	1.7487	17.854	0.036980	vapor
241.67	0.070000	0.029469	33.934	2723.6	2961.1	9.2346	1.5034	1.9656	557.22	1.7366	17.897	0.037087	vapor
242.71	0.070000	0.029410	34.003	2725.2	2963.2	9.2386	1.5040	1.9662	557.75	1.7246	17.940	0.037194	vapor
243.75	0.070000	0.029350	34.071	2726.7	2965.2	9.2425	1.5046	1.9668	558.29	1.7128	17.982	0.037301	vapor
244.79	0.070000	0.029291	34.140	2728.3	2967.3	9.2465	1.5052	1.9674	558.82	1.7010	18.025	0.037409	vapor
245.83	0.070000	0.029232	34.209	2729.9	2969.3	9.2505	1.5058	1.9680	559.36	1.6894	18.068	0.037516	vapor
246.88	0.070000	0.029174	34.277	2731.4	2971.4	9.2544	1.5064	1.9686	559.89	1.6779	18.110	0.037624	vapor
247.92	0.070000	0.029115	34.346	2733.0	2973.4	9.2583	1.5070	1.9692	560.43	1.6666	18.153	0.037731	vapor
248.96	0.070000	0.029057	34.415	2734.6	2975.5	9.2623	1.5076	1.9698	560.96	1.6553	18.196	0.037839	vapor
250.00	0.070000	0.028999	34.484	2736.2	2977.5	9.2662	1.5082	1.9704	561.50	1.6442	18.238	0.037947	vapor
251.04	0.070000	0.028942	34.552	2737.7	2979.6	9.2701	1.5089	1.9710	562.03	1.6332	18.281	0.038055	vapor
252.08	0.070000	0.028884	34.621	2739.3	2981.7	9.2740	1.5095	1.9716	562.56	1.6223	18.324	0.038163	vapor
253.13	0.070000	0.028827	34.690	2740.9	2983.7	9.2779	1.5101	1.9722	563.09	1.6115	18.367	0.038271	vapor
254.17	0.070000	0.028770	34.759	2742.5	2985.8	9.2818	1.5107	1.9728	563.62	1.6008	18.409	0.038380	vapor
255.21	0.070000	0.028713	34.827	2744.0	2987.8	9.2857	1.5113	1.9735	564.15	1.5902	18.452	0.038488	vapor
256.25	0.070000	0.028657	34.896	2745.6	2989.9	9.2896	1.5119	1.9741	564.68	1.5797	18.495	0.038597	vapor
257.29	0.070000	0.028600	34.965	2747.2	2991.9	9.2935	1.5126	1.9747	565.21	1.5693	18.538	0.038706	vapor
258.33	0.070000	0.028544	35.033	2748.8	2994.0	9.2974	1.5132	1.9753	565.74	1.5591	18.581	0.038815	vapor
259.38	0.070000	0.028488	35.102	2750.3	2996.0	9.3012	1.5138	1.9759	566.26	1.5489	18.623	0.038924	vapor
260.42	0.070000	0.028433	35.171	2751.9	2998.1	9.3051	1.5144	1.9765	566.79	1.5388	18.666	0.039033	vapor
261.46	0.070000	0.028377	35.240	2753.5	3000.2	9.3090	1.5150	1.9771	567.32	1.5289	18.709	0.039142	vapor
262.50	0.070000	0.028322	35.308	2755.1	3002.2	9.3128	1.5157	1.9778	567.84	1.5190	18.752	0.039252	vapor
263.54	0.070000	0.028267	35.377	2756.6	3004.3	9.3167	1.5163	1.9784	568.37	1.5092	18.795	0.039361	vapor
264.58	0.070000	0.028212	35.446	2758.2	3006.3	9.3205	1.5169	1.9790	568.89	1.4996	18.838	0.039471	vapor
265.63	0.070000	0.028158	35.514	2759.8	3008.4	9.3243	1.5175	1.9796	569.41	1.4900	18.881	0.039581	vapor
266.67	0.070000	0.028103	35.583	2761.4	3010.5	9.3281	1.5182	1.9802	569.94	1.4805	18.924	0.039690	vapor
267.71	0.070000	0.028049	35.652	2763.0	3012.5	9.3320	1.5188	1.9809	570.46	1.4711	18.967	0.039800	vapor
268.75	0.070000	0.027995	35.721	2764.5	3014.6	9.3358	1.5194	1.9815	570.98	1.4618	19.009	0.039911	vapor
269.79	0.070000	0.027941	35.789	2766.1	3016.7	9.3396	1.5200	1.9821	571.50	1.4526	19.052	0.040021	vapor
270.83	0.070000	0.027888	35.858	2767.7	3018.7	9.3434	1.5207	1.9827	572.02	1.4434	19.095	0.040131	vapor
271.88	0.070000	0.027834	35.927	2769.3	3020.8	9.3472	1.5213	1.9833	572.54	1.4344	19.138	0.040242	vapor
272.92	0.070000	0.027781	35.996	2770.9	3022.9	9.3510	1.5219	1.9840	573.06	1.4254	19.181	0.040352	vapor
273.96	0.070000	0.027728	36.064	2772.5	3024.9	9.3547	1.5225	1.9846	573.58	1.4166	19.224	0.040463	vapor
275.00	0.070000	0.027676	36.133	2774.1	3027.0	9.3585	1.5232	1.9852	574.10	1.4078	19.267	0.040574	vapor
276.04	0.070000	0.027623	36.202	2775.6	3029.1	9.3623	1.5238	1.9858	574.62	1.3991	19.310	0.040685	vapor
277.08	0.070000	0.027571	36.270	2777.2	3031.1	9.3661	1.5244	1.9865	575.14	1.3904	19.353	0.040796	vapor
278.13	0.070000	0.027519	36.339	2778.8	3033.2	9.3698	1.5251	1.9871	575.65	1.3819	19.396	0.040908	vapor
279.17	0.070000	0.027467	36.408	2780.4	3035.3	9.3736	1.5257	1.9877	576.17	1.3734	19.439	0.041019	vapor
280.21	0.070000	0.027415	36.477	2782.0	3037.3	9.3773	1.5263	1.9883	576.68	1.3650	19.482	0.041130	vapor
281.25	0.070000	0.027363	36.545	2783.6	3039.4	9.3811	1.5270	1.9890	577.20	1.3567	19.525	0.041242	vapor
282.29	0.070000	0.027312	36.614	2785.2	3041.5	9.3848	1.5276	1.9896	577.71	1.3485	19.568	0.041354	vapor
283.33	0.070000	0.027261	36.683	2786.8	3043.6	9.3885	1.5282	1.9902	578.23	1.3403	19.611	0.041466	vapor
284.38	0.070000	0.027210	36.751	2788.4	3045.6	9.3922	1.5289	1.9909	578.74	1.3322	19.655	0.041578	vapor
285.42	0.070000	0.027159	36.820	2790.0	3047.7	9.3960	1.5295	1.9915	579.25	1.3242	19.698	0.041690	vapor
286.46	0.070000	0.027108	36.889	2791.6	3049.8	9.3997	1.5301	1.9921	579.76	1.3163	19.741	0.041802	vapor
287.50	0.070000	0.027058	36.958	2793.1	3051.9	9.4034	1.5308	1.9928	580.28	1.3084	19.784	0.041914	vapor
288.54	0.070000	0.027008	37.026	2794.7	3053.9	9.4071	1.5314	1.9934	580.79	1.3006	19.827	0.042027	vapor
289.58	0.070000	0.026958	37.095	2796.3	3056.0	9.4108	1.5320	1.9940	581.30	1.2929	19.870	0.042139	vapor
290.63	0.070000	0.026908	37.164	2797.9	3058.1	9.4145	1.5327	1.9947	581.81	1.2852	19.913	0.042252	vapor
291.67	0.070000	0.026858	37.232	2799.5	3060.2	9.4181	1.5333	1.9953	582.32	1.2776	19.956	0.042365	vapor
292.71	0.070000	0.026809	37.301	2801.1	3062.2	9.4218	1.5340	1.9959	582.83	1.2701	19.999	0.042477	vapor
293.75	0.070000	0.026760	37.370	2802.7	3064.3	9.4255	1.5346	1.9966	583.33	1.2626	20.042	0.042590	vapor
294.79	0.070000	0.026710	37.439	2804.3	3066.4	9.4291	1.5352	1.9972	583.84	1.2552	20.086	0.042704	vapor
295.83	0.070000	0.026662	37.507	2805.9	3068.5	9.4328	1.5359	1.9978	584.35	1.2479	20.129	0.042817	vapor
296.88	0.070000	0.026613	37.576	2807.5	3070.6	9.4365	1.5365	1.9985	584.86	1.2406	20.172	0.042930	vapor
297.92	0.070000	0.026564	37.645	2809.1	3072.6	9.4401	1.5372	1.9991	585.36	1.2334	20.215	0.043044	vapor
298.96	0.070000	0.026516	37.713	2810.7	3074.7	9.4438	1.5378	1.9998	585.87	1.2263	20.258	0.043157	vapor
300.00	0.070000	0.026468	37.782	2812.3	3076.8	9.4474	1.5384	2.0004	586.37	1.2192	20.301	0.043271	vapor
301.04	0.070000	0.026420	37.851	2813.9	3078.9	9.4510	1.5391	2.0010	586.88	1.2122	20.344	0.043385	vapor
302.08	0.070000	0.026372	37.920	2815.5	3081.0	9.4547	1.5397	2.0017	587.38	1.2053	20.388	0.043499	vapor
303.13	0.070000	0.026324	37.988	2817.1	3083.1	9.4583	1.5404	2.0023	587.88	1.1984	20.431	0.043613	vapor
304.17	0.070000	0.026276	38.057	2818.8	3085.1	9.4619	1.5410	2.0030	588.39	1.1915	20.474	0.043727	vapor
305.21	0.070000	0.026229	38.126	2820.4	3087.2	9.4655	1.5417	2.0036	588.89	1.1847	20.517	0.043841	vapor
306.25	0.070000	0.026182	38.194	2822.0	3089.3	9.4691	1.5423	2.0042	589.39	1.1780	20.560	0.043955	vapor
307.29	0.070000	0.026135	38.263	2823.6	3091.4	9.4727	1.5430	2.0049	589.89	1.1714	20.604	0.044070	vapor
308.33	0.070000	0.026088	38.332	2825.2	3093.5	9.4763	1.5436	2.0055	590.39	1.1648	20.647	0.044184	vapor
309.38	0.070000	0.026041	38.401	2826.8	3095.6	9.4799	1.5442	2.0062	590.89	1.1582	20.690	0.044299	vapor
310.42	0.070000	0.025995	38.469	2828.4	3097.7	9.4835	1.5449	2.0068	591.39	1.1517	20.733	0.044414	vapor
311.46	0.070000	0.025948	38.538	2830.0	3099.8	9.4871	1.5455	2.0075	591.89	1.1453	20.776	0.044529	vapor
312.50	0.070000	0.025902	38.607	2831.6	3101.9	9.4906	1.5462	2.0081	592.39	1.1389	20.820	0.044644	vapor
313.54	0.070000	0.025856	38.675	2833.2	3104.0	9.4942	1.5468	2.0088	592.89	1.1325	20.863	0.044759	vapor
314.58	0.070000	0.025810	38.744	2834.8	3106.0	9.4978	1.5475	2.0094	593.39	1.1262	20.906	0.044874	vapor
315.63	0.070000	0.025765	38.813	2836.5	3108.1	9.5013	1.5481	2.0101	593.88	1.1200	20.949	0.044990	vapor
316.67	0.070000	0.025719	38.881	2838.1	3110.2	9.5049	1.5488	2.0107	594.38	1.1138	20.993	0.045105	vapor
317.71	0.070000	0.025674	38.950	2839.7	3112.3	9.5084	1.5494	2.0114	594.88	1.1077	21.036	0.045221	vapor
318.75	0.070000	0.025629	39.019	2841.3	3114.4	9.5120	1.5501	2.0120	595.37	1.1016	21.079	0.045336	vapor
319.79	0.070000	0.025584	39.088	2842.9	3116.5	9.5155	1.5507	2.0127	595.87	1.0956	21.122	0.045452	vapor
320.83	0.070000	0.025539	39.156	2844.5	3118.6	9.5190	1.5514	2.0133	596.36	1.0896	21.166	0.045568	vapor
321.88	0.070000	0.025494	39.225	2846.1	3120.7	9.5226	1.5521	2.0140	596.86	1.0837	21.209	0.045684	vapor
322.92	0.070000	0.025449	39.294	2847.8	3122.8	9.5261	1.5527	2.0146	597.35	1.0778	21.252	0.045800	vapor
323.96	0.070000	0.025405	39.362	2849.4	3124.9	9.5296	1.5534	2.0153	597.84	1.0720	21.295	0.045916	vapor
325.00	0.070000	0.025361	39.431	2851.0	3127.0	9.5331	1.5540	2.0159	598.34	1.0662	21.339	0.046033	vapor
326.04	0.070000	0.025317	39.500	2852.6	3129.1	9.5366	1.5547	2.0166	598.83	1.0604	21.382	0.046149	vapor
327.08	0.070000	0.025273	39.569	2854.2	3131.2	9.5401	1.5553	2.0172	599.32	1.0547	21.425	0.046266	vapor
328.13	0.070000	0.025229	39.637	2855.9	3133.3	9.5436	1.5560	2.0179	599.81	1.0491	21.468	0.046382	vapor
329.17	0.070000	0.025185	39.706	2857.5	3135.4	9.5471	1.5566	2.0185	600.30	1.0435	21.512	0.046499	vapor
330.21	0.070000	0.025142	39.775	2859.1	3137.5	9.5506	1.5573	2.0192	600.79	1.0379	21.555	0.046616	vapor
331.25	0.070000	0.025098	39.843	2860.7	3139.6	9.5541	1.5579	2.0198	601.28	1.0324	21.598	0.046733	vapor
332.29	0.070000	0.025055	39.912	2862.3	3141.7	9.5576	1.5586	2.0205	601.77	1.0269	21.641	0.046850	vapor
333.33	0.070000	0.025012	39.981	2864.0	3143.8	9.5611	1.5593	2.0211	602.26	1.0215	21.685	0.046967	vapor
334.38	0.070000	0.024969	40.049	2865.6	3145.9	9.5645	1.5599	2.0218	602.75	1.0161	21.728	0.047085	vapor
335.42	0.070000	0.024926	40.118	2867.2	3148.0	9.5680	1.5606	2.0224	603.23	1.0107	21.771	0.047202	vapor
336.46	0.070000	0.024884	40.187	2868.8	3150.2	9.5714	1.5612	2.0231	603.72	1.0054	21.815	0.047319	vapor
337.50	0.070000	0.024841	40.256	2870.5	3152.3	9.5749	1.5619	2.0238	604.21	1.0001	21.858	0.047437	vapor
338.54	0.070000	0.024799	40.324	2872.1	3154.4	9.5784	1.5626	2.0244	604.69	0.99491	21.901	0.047555	vapor
339.58	0.070000	0.024757	40.393	2873.7	3156.5	9.5818	1.5632	2.0251	605.18	0.98972	21.944	0.047673	vapor
340.63	0.070000	0.024715	40.462	2875.4	3158.6	9.5852	1.5639	2.0257	605.66	0.98458	21.988	0.047790	vapor
341.67	0.070000	0.024673	40.530	2877.0	3160.7	9.5887	1.5645	2.0264	606.15	0.97947	22.031	0.047908	vapor
342.71	0.070000	0.024631	40.599	2878.6	3162.8	9.5921	1.5652	2.0271	606.63	0.97440	22.074	0.048027	vapor
343.75	0.070000	0.024589	40.668	2880.2	3164.9	9.5955	1.5659	2.0277	607.12	0.96937	22.118	0.048145	vapor
344.79	0.070000	0.024548	40.736	2881.9	3167.0	9.5990	1.5665	2.0284	607.60	0.96438	22.161	0.048263	vapor
345.83	0.070000	0.024507	40.805	2883.5	3169.1	9.6024	1.5672	2.0290	608.08	0.95943	22.204	0.048381	vapor
346.88	0.070000	0.024465	40.874	2885.1	3171.3	9.6058	1.5679	2.0297	608.57	0.95451	22.247	0.048500	vapor
347.92	0.070000	0.024424	40.943	2886.8	3173.4	9.6092	1.5685	2.0304	609.05	0.94963	22.291	0.048619	vapor
348.96	0.070000	0.024384	41.011	2888.4	3175.5	9.6126	1.5692	2.0310	609.53	0.94479	22.334	0.048737	vapor
350.00	0.070000	0.024343	41.080	2890.0	3177.6	9.6160	1.5699	2.0317	610.01	0.93998	22.377	0.048856	vapor
351.04	0.070000	0.024302	41.149	2891.7	3179.7	9.6194	1.5705	2.0323	610.49	0.93521	22.421	0.048975	vapor
352.08	0.070000	0.024262	41.217	2893.3	3181.8	9.6228	1.5712	2.0330	610.97	0.93047	22.464	0.049094	vapor
353.12	0.070000	0.024221	41.286	2895.0	3184.0	9.6262	1.5718	2.0337	611.45	0.92577	22.507	0.049213	vapor
354.17	0.070000	0.024181	41.355	2896.6	3186.1	9.6295	1.5725	2.0343	611.93	0.92111	22.550	0.049332	vapor
355.21	0.070000	0.024141	41.424	2898.2	3188.2	9.6329	1.5732	2.0350	612.41	0.91648	22.594	0.049452	vapor
356.25	0.070000	0.024101	41.492	2899.9	3190.3	9.6363	1.5738	2.0357	612.89	0.91188	22.637	0.049571	vapor
357.29	0.070000	0.024061	41.561	2901.5	3192.4	9.6397	1.5745	2.0363	613.36	0.90732	22.680	0.049691	vapor
358.33	0.070000	0.024021	41.630	2903.2	3194.6	9.6430	1.5752	2.0370	613.84	0.90279	22.724	0.049810	vapor
359.37	0.070000	0.023982	41.698	2904.8	3196.7	9.6464	1.5759	2.0377	614.32	0.89829	22.767	0.049930	vapor
360.42	0.070000	0.023942	41.767	2906.4	3198.8	9.6497	1.5765	2.0383	614.79	0.89383	22.810	0.050050	vapor
361.46	0.070000	0.023903	41.836	2908.1	3200.9	9.6531	1.5772	2.0390	615.27	0.88940	22.853	0.050170	vapor
362.50	0.070000	0.023864	41.904	2909.7	3203.1	9.6564	1.5779	2.0397	615.74	0.88500	22.897	0.050290	vapor
363.54	0.070000	0.023825	41.973	2911.4	3205.2	9.6598	1.5785	2.0403	616.22	0.88063	22.940	0.050410	vapor
364.58	0.070000	0.023786	42.042	2913.0	3207.3	9.6631	1.5792	2.0410	616.69	0.87629	22.983	0.050530	vapor
365.62	0.070000	0.023747	42.111	2914.7	3209.4	9.6664	1.5799	2.0417	617.17	0.87199	23.027	0.050650	vapor
366.67	0.070000	0.023708	42.179	2916.3	3211.6	9.6698	1.5805	2.0423	617.64	0.86771	23.070	0.050771	vapor
367.71	0.070000	0.023670	42.248	2917.9	3213.7	9.6731	1.5812	2.0430	618.11	0.86347	23.113	0.050891	vapor
368.75	0.070000	0.023631	42.317	2919.6	3215.8	9.6764	1.5819	2.0437	618.59	0.85926	23.156	0.051012	vapor
369.79	0.070000	0.023593	42.385	2921.2	3217.9	9.6797	1.5826	2.0444	619.06	0.85507	23.200	0.051133	vapor
370.83	0.070000	0.023555	42.454	2922.9	3220.1	9.6830	1.5832	2.0450	619.53	0.85092	23.243	0.051253	vapor
371.87	0.070000	0.023517	42.523	2924.5	3222.2	9.6863	1.5839	2.0457	620.00	0.84679	23.286	0.051374	vapor
372.92	0.070000	0.023479	42.591	2926.2	3224.3	9.6896	1.5846	2.0464	620.47	0.84270	23.330	0.051495	vapor
373.96	0.070000	0.023441	42.660	2927.8	3226.5	9.6929	1.5853	2.0470	620.94	0.83863	23.373	0.051616	vapor
375.00	0.070000	0.023403	42.729	2929.5	3228.6	9.6962	1.5859	2.0477	621.41	0.83459	23.416	0.051738	vapor
376.04	0.070000	0.023366	42.798	2931.1	3230.7	9.6995	1.5866	2.0484	621.88	0.83058	23.459	0.051859	vapor
377.08	0.070000	0.023328	42.866	2932.8	3232.9	9.7028	1.5873	2.0491	622.35	0.82660	23.503	0.051980	vapor
378.12	0.070000	0.023291	42.935	2934.5	3235.0	9.7061	1.5880	2.0497	622.82	0.82265	23.546	0.052102	vapor
379.17	0.070000	0.023254	43.004	2936.1	3237.1	9.7094	1.5886	2.0504	623.29	0.81872	23.589	0.052223	vapor
380.21	0.070000	0.023217	43.072	2937.8	3239.3	9.7126	1.5893	2.0511	623.76	0.81482	23.632	0.052345	vapor
381.25	0.070000	0.023180	43.141	2939.4	3241.4	9.7159	1.5900	2.0518	624.22	0.81095	23.676	0.052467	vapor
382.29	0.070000	0.023143	43.210	2941.1	3243.5	9.7192	1.5907	2.0524	624.69	0.80710	23.719	0.052589	vapor
383.33	0.070000	0.023106	43.278	2942.7	3245.7	9.7224	1.5913	2.0531	625.16	0.80328	23.762	0.052710	vapor
384.37	0.070000	0.023070	43.347	2944.4	3247.8	9.7257	1.5920	2.0538	625.62	0.79949	23.805	0.052832	vapor
385.42	0.070000	0.023033	43.416	2946.1	3250.0	9.7289	1.5927	2.0545	626.09	0.79572	23.849	0.052955	vapor
386.46	0.070000	0.022997	43.484	2947.7	3252.1	9.7322	1.5934	2.0551	626.55	0.79198	23.892	0.053077	vapor
387.50	0.070000	0.022960	43.553	2949.4	3254.2	9.7354	1.5940	2.0558	627.02	0.78827	23.935	0.053199	vapor
388.54	0.070000	0.022924	43.622	2951.0	3256.4	9.7387	1.5947	2.0565	627.48	0.78457	23.978	0.053322	vapor
389.58	0.070000	0.022888	43.691	2952.7	3258.5	9.7419	1.5954	2.0572	627.95	0.78091	24.022	0.053444	vapor
390.62	0.070000	0.022852	43.759	2954.4	3260.7	9.7451	1.5961	2.0579	628.41	0.77727	24.065	0.053567	vapor
391.67	0.070000	0.022816	43.828	2956.0	3262.8	9.7483	1.5968	2.0585	628.87	0.77365	24.108	0.053689	vapor
392.71	0.070000	0.022781	43.897	2957.7	3265.0	9.7516	1.5974	2.0592	629.33	0.77006	24.151	0.053812	vapor
393.75	0.070000	0.022745	43.965	2959.4	3267.1	9.7548	1.5981	2.0599	629.80	0.76649	24.194	0.053935	vapor
394.79	0.070000	0.022710	44.034	2961.0	3269.3	9.7580	1.5988	2.0606	630.26	0.76295	24.238	0.054058	vapor
395.83	0.070000	0.022674	44.103	2962.7	3271.4	9.7612	1.5995	2.0613	630.72	0.75943	24.281	0.054181	vapor
396.87	0.070000	0.022639	44.171	2964.3	3273.5	9.7644	1.6002	2.0619	631.18	0.75593	24.324	0.054304	vapor
397.92	0.070000	0.022604	44.240	2966.0	3275.7	9.7676	1.6009	2.0626	631.64	0.75245	24.367	0.054427	vapor
398.96	0.070000	0.022569	44.309	2967.7	3277.8	9.7708	1.6015	2.0633	632.10	0.74900	24.410	0.054551	vapor
400.00	0.070000	0.022534	44.378	2969.4	3280.0	9.7740	1.6022	2.0640	632.56	0.74558	24.454	0.054674	vapor
401.04	0.070000	0.022499	44.446	2971.0	3282.1	9.7772	1.6029	2.0647	633.02	0.74217	24.497	0.054797	vapor
402.08	0.070000	0.022464	44.515	2972.7	3284.3	9.7804	1.6036	2.0653	633.48	0.73879	24.540	0.054921	vapor
403.12	0.070000	0.022430	44.584	2974.4	3286.4	9.7836	1.6043	2.0660	633.94	0.73543	24.583	0.055045	vapor
404.17	0.070000	0.022395	44.652	2976.0	3288.6	9.7868	1.6050	2.0667	634.39	0.73209	24.626	0.055169	vapor
405.21	0.070000	0.022361	44.721	2977.7	3290.8	9.7899	1.6056	2.0674	634.85	0.72877	24.670	0.055292	vapor
406.25	0.070000	0.022327	44.790	2979.4	3292.9	9.7931	1.6063	2.0681	635.31	0.72547	24.713	0.055416	vapor
407.29	0.070000	0.022292	44.858	2981.1	3295.1	9.7963	1.6070	2.0688	635.77	0.72220	24.756	0.055540	vapor
408.33	0.070000	0.022258	44.927	2982.7	3297.2	9.7995	1.6077	2.0695	636.22	0.71895	24.799	0.055665	vapor
409.37	0.070000	0.022224	44.996	2984.4	3299.4	9.8026	1.6084	2.0701	636.68	0.71572	24.842	0.055789	vapor
410.42	0.070000	0.022190	45.064	2986.1	3301.5	9.8058	1.6091	2.0708	637.13	0.71250	24.885	0.055913	vapor
411.46	0.070000	0.022157	45.133	2987.8	3303.7	9.8089	1.6098	2.0715	637.59	0.70931	24.929	0.056037	vapor
412.50	0.070000	0.022123	45.202	2989.4	3305.8	9.8121	1.6105	2.0722	638.04	0.70614	24.972	0.056162	vapor
413.54	0.070000	0.022089	45.271	2991.1	3308.0	9.8152	1.6111	2.0729	638.50	0.70299	25.015	0.056286	vapor
414.58	0.070000	0.022056	45.339	2992.8	3310.2	9.8184	1.6118	2.0736	638.95	0.69986	25.058	0.056411	vapor
415.62	0.070000	0.022023	45.408	2994.5	3312.3	9.8215	1.6125	2.0743	639.40	0.69676	25.101	0.056536	vapor
416.67	0.070000	0.021989	45.477	2996.1	3314.5	9.8246	1.6132	2.0749	639.86	0.69367	25.144	0.056661	vapor
417.71	0.070000	0.021956	45.545	2997.8	3316.6	9.8278	1.6139	2.0756	640.31	0.69060	25.187	0.056786	vapor
418.75	0.070000	0.021923	45.614	2999.5	3318.8	9.8309	1.6146	2.0763	640.76	0.68755	25.231	0.056911	vapor
419.79	0.070000	0.021890	45.683	3001.2	3321.0	9.8340	1.6153	2.0770	641.21	0.68451	25.274	0.057036	vapor
420.83	0.070000	0.021857	45.751	3002.9	3323.1	9.8371	1.6160	2.0777	641.67	0.68150	25.317	0.057161	vapor
421.87	0.070000	0.021824	45.820	3004.6	3325.3	9.8403	1.6167	2.0784	642.12	0.67851	25.360	0.057286	vapor
422.92	0.070000	0.021792	45.889	3006.2	3327.5	9.8434	1.6174	2.0791	642.57	0.67553	25.403	0.057412	vapor
423.96	0.070000	0.021759	45.958	3007.9	3329.6	9.8465	1.6180	2.0798	643.02	0.67258	25.446	0.057537	vapor
425.00	0.070000	0.021727	46.026	3009.6	3331.8	9.8496	1.6187	2.0805	643.47	0.66964	25.489	0.057662	vapor
426.04	0.070000	0.021694	46.095	3011.3	3334.0	9.8527	1.6194	2.0812	643.92	0.66672	25.532	0.057788	vapor
427.08	0.070000	0.021662	46.164	3013.0	3336.1	9.8558	1.6201	2.0818	644.37	0.66382	25.575	0.057914	vapor
428.12	0.070000	0.021630	46.232	3014.7	3338.3	9.8589	1.6208	2.0825	644.81	0.66094	25.618	0.058040	vapor
429.17	0.070000	0.021598	46.301	3016.4	3340.5	9.8620	1.6215	2.0832	645.26	0.65807	25.661	0.058165	vapor
430.21	0.070000	0.021566	46.370	3018.1	3342.6	9.8651	1.6222	2.0839	645.71	0.65523	25.704	0.058291	vapor
431.25	0.070000	0.021534	46.438	3019.7	3344.8	9.8681	1.6229	2.0846	646.16	0.65240	25.747	0.058417	vapor
432.29	0.070000	0.021502	46.507	3021.4	3347.0	9.8712	1.6236	2.0853	646.60	0.64958	25.791	0.058544	vapor
433.33	0.070000	0.021470	46.576	3023.1	3349.2	9.8743	1.6243	2.0860	647.05	0.64679	25.834	0.058670	vapor
434.37	0.070000	0.021439	46.644	3024.8	3351.3	9.8774	1.6250	2.0867	647.50	0.64401	25.877	0.058796	vapor
435.42	0.070000	0.021407	46.713	3026.5	3353.5	9.8804	1.6257	2.0874	647.94	0.64125	25.920	0.058922	vapor
436.46	0.070000	0.021376	46.782	3028.2	3355.7	9.8835	1.6264	2.0881	648.39	0.63851	25.963	0.059049	vapor
437.50	0.070000	0.021344	46.851	3029.9	3357.9	9.8866	1.6271	2.0888	648.83	0.63578	26.006	0.059175	vapor
438.54	0.070000	0.021313	46.919	3031.6	3360.0	9.8896	1.6278	2.0895	649.28	0.63307	26.049	0.059302	vapor
439.58	0.070000	0.021282	46.988	3033.3	3362.2	9.8927	1.6285	2.0902	649.72	0.63037	26.092	0.059429	vapor
440.62	0.070000	0.021251	47.057	3035.0	3364.4	9.8957	1.6292	2.0909	650.17	0.62770	26.135	0.059556	vapor
441.67	0.070000	0.021220	47.125	3036.7	3366.6	9.8988	1.6299	2.0916	650.61	0.62503	26.178	0.059682	vapor
442.71	0.070000	0.021189	47.194	3038.4	3368.7	9.9018	1.6306	2.0923	651.05	0.62239	26.221	0.059809	vapor
443.75	0.070000	0.021158	47.263	3040.1	3370.9	9.9049	1.6313	2.0930	651.50	0.61976	26.264	0.059936	vapor
444.79	0.070000	0.021128	47.331	3041.8	3373.1	9.9079	1.6320	2.0937	651.94	0.61714	26.307	0.060064	vapor
445.83	0.070000	0.021097	47.400	3043.5	3375.3	9.9110	1.6326	2.0944	652.38	0.61454	26.350	0.060191	vapor
446.87	0.070000	0.021066	47.469	3045.2	3377.5	9.9140	1.6333	2.0951	652.82	0.61196	26.393	0.060318	vapor
447.92	0.070000	0.021036	47.537	3046.9	3379.7	9.9170	1.6340	2.0958	653.26	0.60939	26.435	0.060445	vapor
448.96	0.070000	0.021006	47.606	3048.6	3381.8	9.9201	1.6347	2.0964	653.71	0.60684	26.478	0.060573	vapor
450.00	0.070000	0.020975	47.675	3050.3	3384.0	9.9231	1.6354	2.0971	654.15	0.60430	26.521	0.060700	vapor
451.04	0.070000	0.020945	47.744	3052.0	3386.2	9.9261	1.6361	2.0978	654.59	0.60178	26.564	0.060828	vapor
452.08	0.070000	0.020915	47.812	3053.7	3388.4	9.9291	1.6368	2.0985	655.03	0.59927	26.607	0.060956	vapor
453.12	0.070000	0.020885	47.881	3055.4	3390.6	9.9321	1.6376	2.0992	655.47	0.59678	26.650	0.061084	vapor
454.17	0.070000	0.020855	47.950	3057.1	3392.8	9.9351	1.6383	2.0999	655.90	0.59430	26.693	0.061211	vapor
455.21	0.070000	0.020825	48.018	3058.8	3395.0	9.9381	1.6390	2.1006	656.34	0.59184	26.736	0.061339	vapor
456.25	0.070000	0.020796	48.087	3060.5	3397.1	9.9411	1.6397	2.1014	656.78	0.58939	26.779	0.061467	vapor
457.29	0.070000	0.020766	48.156	3062.2	3399.3	9.9441	1.6404	2.1021	657.22	0.58696	26.822	0.061596	vapor
458.33	0.070000	0.020736	48.224	3063.9	3401.5	9.9471	1.6411	2.1028	657.66	0.58454	26.865	0.061724	vapor
459.37	0.070000	0.020707	48.293	3065.7	3403.7	9.9501	1.6418	2.1035	658.09	0.58213	26.908	0.061852	vapor
460.42	0.070000	0.020677	48.362	3067.4	3405.9	9.9531	1.6425	2.1042	658.53	0.57974	26.950	0.061980	vapor
461.46	0.070000	0.020648	48.430	3069.1	3408.1	9.9561	1.6432	2.1049	658.97	0.57736	26.993	0.062109	vapor
462.50	0.070000	0.020619	48.499	3070.8	3410.3	9.9591	1.6439	2.1056	659.40	0.57499	27.036	0.062237	vapor
463.54	0.070000	0.020590	48.568	3072.5	3412.5	9.9621	1.6446	2.1063	659.84	0.57264	27.079	0.062366	vapor
464.58	0.070000	0.020561	48.637	3074.2	3414.7	9.9650	1.6453	2.1070	660.28	0.57031	27.122	0.062494	vapor
465.62	0.070000	0.020532	48.705	3075.9	3416.9	9.9680	1.6460	2.1077	660.71	0.56798	27.165	0.062623	vapor
466.67	0.070000	0.020503	48.774	3077.6	3419.1	9.9710	1.6467	2.1084	661.15	0.56567	27.207	0.062752	vapor
467.71	0.070000	0.020474	48.843	3079.4	3421.3	9.9740	1.6474	2.1091	661.58	0.56337	27.250	0.062881	vapor
468.75	0.070000	0.020445	48.911	3081.1	3423.5	9.9769	1.6481	2.1098	662.01	0.56109	27.293	0.063010	vapor
469.79	0.070000	0.020417	48.980	3082.8	3425.7	9.9799	1.6488	2.1105	662.45	0.55882	27.336	0.063139	vapor
470.83	0.070000	0.020388	49.049	3084.5	3427.9	9.9828	1.6495	2.1112	662.88	0.55656	27.379	0.063268	vapor
471.87	0.070000	0.020359	49.117	3086.2	3430.1	9.9858	1.6502	2.1119	663.31	0.55431	27.421	0.063397	vapor
472.92	0.070000	0.020331	49.186	3088.0	3432.3	9.9887	1.6509	2.1126	663.75	0.55208	27.464	0.063527	vapor
473.96	0.070000	0.020303	49.255	3089.7	3434.5	9.9917	1.6516	2.1133	664.18	0.54986	27.507	0.063656	vapor
475.00	0.070000	0.020274	49.323	3091.4	3436.7	9.9946	1.6523	2.1140	664.61	0.54765	27.550	0.063785	vapor
476.04	0.070000	0.020246	49.392	3093.1	3438.9	9.9976	1.6531	2.1147	665.04	0.54546	27.593	0.063915	vapor
477.08	0.070000	0.020218	49.461	3094.8	3441.1	10.001	1.6538	2.1154	665.47	0.54328	27.635	0.064045	vapor
478.12	0.070000	0.020190	49.529	3096.6	3443.3	10.003	1.6545	2.1161	665.90	0.54111	27.678	0.064174	vapor
479.17	0.070000	0.020162	49.598	3098.3	3445.5	10.006	1.6552	2.1169	666.33	0.53895	27.721	0.064304	vapor
480.21	0.070000	0.020134	49.667	3100.0	3447.7	10.009	1.6559	2.1176	666.76	0.53680	27.763	0.064434	vapor
481.25	0.070000	0.020106	49.736	3101.7	3449.9	10.012	1.6566	2.1183	667.19	0.53467	27.806	0.064564	vapor
482.29	0.070000	0.020079	49.804	3103.5	3452.1	10.015	1.6573	2.1190	667.62	0.53254	27.849	0.064694	vapor
483.33	0.070000	0.020051	49.873	3105.2	3454.3	10.018	1.6580	2.1197	668.05	0.53043	27.892	0.064824	vapor
484.37	0.070000	0.020023	49.942	3106.9	3456.5	10.021	1.6587	2.1204	668.48	0.52833	27.934	0.064954	vapor
485.42	0.070000	0.019996	50.010	3108.6	3458.7	10.024	1.6594	2.1211	668.91	0.52625	27.977	0.065084	vapor
486.46	0.070000	0.019968	50.079	3110.4	3460.9	10.027	1.6602	2.1218	669.34	0.52417	28.020	0.065215	vapor
487.50	0.070000	0.019941	50.148	3112.1	3463.1	10.030	1.6609	2.1225	669.77	0.52211	28.062	0.065345	vapor
488.54	0.070000	0.019914	50.216	3113.8	3465.3	10.033	1.6616	2.1232	670.19	0.52005	28.105	0.065475	vapor
489.58	0.070000	0.019887	50.285	3115.6	3467.6	10.036	1.6623	2.1240	670.62	0.51801	28.148	0.065606	vapor
490.62	0.070000	0.019859	50.354	3117.3	3469.8	10.038	1.6630	2.1247	671.05	0.51598	28.190	0.065736	vapor
491.67	0.070000	0.019832	50.422	3119.0	3472.0	10.041	1.6637	2.1254	671.47	0.51396	28.233	0.065867	vapor
492.71	0.070000	0.019805	50.491	3120.8	3474.2	10.044	1.6644	2.1261	671.90	0.51195	28.276	0.065998	vapor
493.75	0.070000	0.019779	50.560	3122.5	3476.4	10.047	1.6651	2.1268	672.32	0.50996	28.318	0.066129	vapor
494.79	0.070000	0.019752	50.629	3124.2	3478.6	10.050	1.6659	2.1275	672.75	0.50797	28.361	0.066260	vapor
495.83	0.070000	0.019725	50.697	3126.0	3480.8	10.053	1.6666	2.1282	673.17	0.50599	28.403	0.066391	vapor
496.87	0.070000	0.019698	50.766	3127.7	3483.1	10.056	1.6673	2.1289	673.60	0.50403	28.446	0.066522	vapor
497.92	0.070000	0.019672	50.835	3129.4	3485.3	10.059	1.6680	2.1297	674.02	0.50208	28.489	0.066653	vapor
498.96	0.070000	0.019645	50.903	3131.2	3487.5	10.062	1.6687	2.1304	674.45	0.50013	28.531	0.066784	vapor
500.00	0.070000	0.019619	50.972	3132.9	3489.7	10.064	1.6694	2.1311	674.87	0.49820	28.574	0.066915	vapor
501.04	0.070000	0.019592	51.041	3134.7	3491.9	10.067	1.6701	2.1318	675.29	0.49628	28.616	0.067047	vapor
502.08	0.070000	0.019566	51.109	3136.4	3494.2	10.070	1.6709	2.1325	675.72	0.49436	28.659	0.067178	vapor
503.12	0.070000	0.019540	51.178	3138.1	3496.4	10.073	1.6716	2.1332	676.14	0.49246	28.701	0.067309	vapor
504.17	0.070000	0.019513	51.247	3139.9	3498.6	10.076	1.6723	2.1339	676.56	0.49057	28.744	0.067441	vapor
505.21	0.070000	0.019487	51.315	3141.6	3500.8	10.079	1.6730	2.1347	676.98	0.48869	28.786	0.067573	vapor
506.25	0.070000	0.019461	51.384	3143.4	3503.1	10.082	1.6737	2.1354	677.40	0.48681	28.829	0.067704	vapor
507.29	0.070000	0.019435	51.453	3145.1	3505.3	10.084	1.6744	2.1361	677.83	0.48495	28.871	0.067836	vapor
508.33	0.070000	0.019409	51.521	3146.9	3507.5	10.087	1.6752	2.1368	678.25	0.48310	28.914	0.067968	vapor
509.37	0.070000	0.019384	51.590	3148.6	3509.7	10.090	1.6759	2.1375	678.67	0.48126	28.956	0.068100	vapor
510.42	0.070000	0.019358	51.659	3150.3	3512.0	10.093	1.6766	2.1382	679.09	0.47943	28.999	0.068232	vapor
511.46	0.070000	0.019332	51.728	3152.1	3514.2	10.096	1.6773	2.1390	679.51	0.47760	29.041	0.068364	vapor
512.50	0.070000	0.019306	51.796	3153.8	3516.4	10.099	1.6780	2.1397	679.93	0.47579	29.084	0.068496	vapor
513.54	0.070000	0.019281	51.865	3155.6	3518.6	10.101	1.6787	2.1404	680.35	0.47399	29.126	0.068628	vapor
514.58	0.070000	0.019255	51.934	3157.3	3520.9	10.104	1.6795	2.1411	680.77	0.47219	29.169	0.068761	vapor
515.62	0.070000	0.019230	52.002	3159.1	3523.1	10.107	1.6802	2.1418	681.18	0.47041	29.211	0.068893	vapor
516.67	0.070000	0.019205	52.071	3160.8	3525.3	10.110	1.6809	2.1425	681.60	0.46863	29.253	0.069026	vapor
517.71	0.070000	0.019179	52.140	3162.6	3527.6	10.113	1.6816	2.1433	682.02	0.46687	29.296	0.069158	vapor
518.75	0.070000	0.019154	52.208	3164.3	3529.8	10.116	1.6823	2.1440	682.44	0.46511	29.338	0.069291	vapor
519.79	0.070000	0.019129	52.277	3166.1	3532.0	10.118	1.6831	2.1447	682.86	0.46336	29.381	0.069423	vapor
520.83	0.070000	0.019104	52.346	3167.8	3534.3	10.121	1.6838	2.1454	683.27	0.46162	29.423	0.069556	vapor
521.87	0.070000	0.019079	52.414	3169.6	3536.5	10.124	1.6845	2.1461	683.69	0.45989	29.465	0.069689	vapor
522.92	0.070000	0.019054	52.483	3171.4	3538.7	10.127	1.6852	2.1469	684.11	0.45817	29.508	0.069822	vapor
523.96	0.070000	0.019029	52.552	3173.1	3541.0	10.130	1.6859	2.1476	684.52	0.45646	29.550	0.069955	vapor
525.00	0.070000	0.019004	52.620	3174.9	3543.2	10.132	1.6867	2.1483	684.94	0.45476	29.592	0.070088	vapor
526.04	0.070000	0.018979	52.689	3176.6	3545.5	10.135	1.6874	2.1490	685.35	0.45306	29.635	0.070221	vapor
527.08	0.070000	0.018955	52.758	3178.4	3547.7	10.138	1.6881	2.1497	685.77	0.45138	29.677	0.070354	vapor
528.12	0.070000	0.018930	52.827	3180.1	3549.9	10.141	1.6888	2.1505	686.18	0.44970	29.719	0.070487	vapor
529.17	0.070000	0.018905	52.895	3181.9	3552.2	10.144	1.6895	2.1512	686.60	0.44803	29.762	0.070620	vapor
530.21	0.070000	0.018881	52.964	3183.7	3554.4	10.146	1.6903	2.1519	687.01	0.44638	29.804	0.070754	vapor
531.25	0.070000	0.018856	53.033	3185.4	3556.7	10.149	1.6910	2.1526	687.42	0.44472	29.846	0.070887	vapor
532.29	0.070000	0.018832	53.101	3187.2	3558.9	10.152	1.6917	2.1534	687.84	0.44308	29.889	0.071021	vapor
533.33	0.070000	0.018808	53.170	3189.0	3561.1	10.155	1.6924	2.1541	688.25	0.44145	29.931	0.071154	vapor
534.37	0.070000	0.018783	53.239	3190.7	3563.4	10.158	1.6932	2.1548	688.66	0.43982	29.973	0.071288	vapor
535.42	0.070000	0.018759	53.307	3192.5	3565.6	10.160	1.6939	2.1555	689.08	0.43820	30.015	0.071421	vapor
536.46	0.070000	0.018735	53.376	3194.2	3567.9	10.163	1.6946	2.1562	689.49	0.43659	30.058	0.071555	vapor
537.50	0.070000	0.018711	53.445	3196.0	3570.1	10.166	1.6953	2.1570	689.90	0.43499	30.100	0.071689	vapor
538.54	0.070000	0.018687	53.513	3197.8	3572.4	10.169	1.6961	2.1577	690.31	0.43340	30.142	0.071823	vapor
539.58	0.070000	0.018663	53.582	3199.5	3574.6	10.171	1.6968	2.1584	690.72	0.43181	30.184	0.071957	vapor
540.62	0.070000	0.018639	53.651	3201.3	3576.9	10.174	1.6975	2.1591	691.14	0.43024	30.226	0.072091	vapor
541.67	0.070000	0.018615	53.719	3203.1	3579.1	10.177	1.6982	2.1599	691.55	0.42867	30.269	0.072225	vapor
542.71	0.070000	0.018591	53.788	3204.8	3581.4	10.180	1.6990	2.1606	691.96	0.42711	30.311	0.072359	vapor
543.75	0.070000	0.018568	53.857	3206.6	3583.6	10.183	1.6997	2.1613	692.37	0.42555	30.353	0.072494	vapor
544.79	0.070000	0.018544	53.926	3208.4	3585.9	10.185	1.7004	2.1620	692.78	0.42401	30.395	0.072628	vapor
545.83	0.070000	0.018520	53.994	3210.2	3588.1	10.188	1.7011	2.1628	693.19	0.42247	30.437	0.072762	vapor
546.87	0.070000	0.018497	54.063	3211.9	3590.4	10.191	1.7019	2.1635	693.59	0.42094	30.479	0.072897	vapor
547.92	0.070000	0.018473	54.132	3213.7	3592.6	10.194	1.7026	2.1642	694.00	0.41942	30.522	0.073031	vapor
548.96	0.070000	0.018450	54.200	3215.5	3594.9	10.196	1.7033	2.1649	694.41	0.41790	30.564	0.073166	vapor
550.00	0.070000	0.018427	54.269	3217.3	3597.1	10.199	1.7040	2.1657	694.82	0.41639	30.606	0.073300	vapor
551.04	0.070000	0.018403	54.338	3219.0	3599.4	10.202	1.7048	2.1664	695.23	0.41489	30.648	0.073435	vapor
552.08	0.070000	0.018380	54.406	3220.8	3601.7	10.204	1.7055	2.1671	695.64	0.41340	30.690	0.073570	vapor
553.12	0.070000	0.018357	54.475	3222.6	3603.9	10.207	1.7062	2.1679	696.04	0.41191	30.732	0.073705	vapor
554.17	0.070000	0.018334	54.544	3224.4	3606.2	10.210	1.7069	2.1686	696.45	0.41044	30.774	0.073840	vapor
555.21	0.070000	0.018311	54.612	3226.1	3608.4	10.213	1.7077	2.1693	696.86	0.40896	30.816	0.073975	vapor
556.25	0.070000	0.018288	54.681	3227.9	3610.7	10.215	1.7084	2.1700	697.26	0.40750	30.858	0.074110	vapor
557.29	0.070000	0.018265	54.750	3229.7	3612.9	10.218	1.7091	2.1708	697.67	0.40604	30.900	0.074245	vapor
558.33	0.070000	0.018242	54.818	3231.5	3615.2	10.221	1.7099	2.1715	698.08	0.40459	30.942	0.074380	vapor
559.37	0.070000	0.018219	54.887	3233.3	3617.5	10.224	1.7106	2.1722	698.48	0.40315	30.984	0.074515	vapor
560.42	0.070000	0.018196	54.956	3235.0	3619.7	10.226	1.7113	2.1729	698.89	0.40172	31.026	0.074651	vapor
561.46	0.070000	0.018174	55.025	3236.8	3622.0	10.229	1.7120	2.1737	699.29	0.40029	31.068	0.074786	vapor
562.50	0.070000	0.018151	55.093	3238.6	3624.3	10.232	1.7128	2.1744	699.70	0.39887	31.110	0.074922	vapor
563.54	0.070000	0.018128	55.162	3240.4	3626.5	10.234	1.7135	2.1751	700.10	0.39745	31.152	0.075057	vapor
564.58	0.070000	0.018106	55.231	3242.2	3628.8	10.237	1.7142	2.1759	700.50	0.39604	31.194	0.075193	vapor
565.62	0.070000	0.018083	55.299	3244.0	3631.1	10.240	1.7150	2.1766	700.91	0.39464	31.236	0.075328	vapor
566.67	0.070000	0.018061	55.368	3245.8	3633.3	10.243	1.7157	2.1773	701.31	0.39325	31.278	0.075464	vapor
567.71	0.070000	0.018039	55.437	3247.5	3635.6	10.245	1.7164	2.1780	701.72	0.39186	31.320	0.075600	vapor
568.75	0.070000	0.018016	55.505	3249.3	3637.9	10.248	1.7172	2.1788	702.12	0.39048	31.362	0.075736	vapor
569.79	0.070000	0.017994	55.574	3251.1	3640.1	10.251	1.7179	2.1795	702.52	0.38911	31.404	0.075872	vapor
570.83	0.070000	0.017972	55.643	3252.9	3642.4	10.253	1.7186	2.1802	702.92	0.38774	31.446	0.076008	vapor
571.87	0.070000	0.017950	55.711	3254.7	3644.7	10.256	1.7193	2.1810	703.33	0.38638	31.487	0.076144	vapor
572.92	0.070000	0.017928	55.780	3256.5	3647.0	10.259	1.7201	2.1817	703.73	0.38502	31.529	0.076280	vapor
573.96	0.070000	0.017905	55.849	3258.3	3649.2	10.261	1.7208	2.1824	704.13	0.38368	31.571	0.076416	vapor
575.00	0.070000	0.017883	55.917	3260.1	3651.5	10.264	1.7215	2.1832	704.53	0.38233	31.613	0.076552	vapor
576.04	0.070000	0.017862	55.986	3261.9	3653.8	10.267	1.7223	2.1839	704.93	0.38100	31.655	0.076688	vapor
577.08	0.070000	0.017840	56.055	3263.7	3656.0	10.269	1.7230	2.1846	705.33	0.37967	31.697	0.076825	vapor
578.12	0.070000	0.017818	56.124	3265.5	3658.3	10.272	1.7237	2.1854	705.73	0.37835	31.739	0.076961	vapor
579.17	0.070000	0.017796	56.192	3267.3	3660.6	10.275	1.7245	2.1861	706.13	0.37703	31.780	0.077098	vapor
580.21	0.070000	0.017774	56.261	3269.1	3662.9	10.277	1.7252	2.1868	706.53	0.37572	31.822	0.077234	vapor
581.25	0.070000	0.017753	56.330	3270.9	3665.2	10.280	1.7259	2.1876	706.93	0.37442	31.864	0.077371	vapor
582.29	0.070000	0.017731	56.398	3272.6	3667.4	10.283	1.7267	2.1883	707.33	0.37312	31.906	0.077508	vapor
583.33	0.070000	0.017709	56.467	3274.4	3669.7	10.285	1.7274	2.1890	707.73	0.37183	31.947	0.077644	vapor
584.37	0.070000	0.017688	56.536	3276.2	3672.0	10.288	1.7281	2.1897	708.13	0.37054	31.989	0.077781	vapor
585.42	0.070000	0.017666	56.604	3278.0	3674.3	10.291	1.7289	2.1905	708.53	0.36926	32.031	0.077918	vapor
586.46	0.070000	0.017645	56.673	3279.8	3676.6	10.293	1.7296	2.1912	708.92	0.36799	32.073	0.078055	vapor
587.50	0.070000	0.017624	56.742	3281.7	3678.8	10.296	1.7303	2.1919	709.32	0.36672	32.114	0.078192	vapor
588.54	0.070000	0.017602	56.810	3283.5	3681.1	10.299	1.7311	2.1927	709.72	0.36546	32.156	0.078329	vapor
589.58	0.070000	0.017581	56.879	3285.3	3683.4	10.301	1.7318	2.1934	710.12	0.36421	32.198	0.078466	vapor
590.62	0.070000	0.017560	56.948	3287.1	3685.7	10.304	1.7325	2.1941	710.51	0.36296	32.239	0.078603	vapor
591.67	0.070000	0.017539	57.016	3288.9	3688.0	10.307	1.7333	2.1949	710.91	0.36171	32.281	0.078740	vapor
592.71	0.070000	0.017518	57.085	3290.7	3690.3	10.309	1.7340	2.1956	711.31	0.36047	32.323	0.078878	vapor
593.75	0.070000	0.017497	57.154	3292.5	3692.6	10.312	1.7347	2.1963	711.70	0.35924	32.364	0.079015	vapor
594.79	0.070000	0.017476	57.222	3294.3	3694.8	10.315	1.7355	2.1971	712.10	0.35801	32.406	0.079153	vapor
595.83	0.070000	0.017455	57.291	3296.1	3697.1	10.317	1.7362	2.1978	712.49	0.35679	32.448	0.079290	vapor
596.87	0.070000	0.017434	57.360	3297.9	3699.4	10.320	1.7369	2.1986	712.89	0.35558	32.489	0.079428	vapor
597.92	0.070000	0.017413	57.429	3299.7	3701.7	10.322	1.7377	2.1993	713.28	0.35437	32.531	0.079565	vapor
598.96	0.070000	0.017392	57.497	3301.5	3704.0	10.325	1.7384	2.2000	713.68	0.35316	32.573	0.079703	vapor
600.00	0.070000	0.017371	57.566	3303.3	3706.3	10.328	1.7391	2.2008	714.07	0.35196	32.614	0.079841	vapor
601.04	0.070000	0.017351	57.635	3305.1	3708.6	10.330	1.7399	2.2015	714.47	0.35077	32.656	0.079978	vapor
602.08	0.070000	0.017330	57.703	3307.0	3710.9	10.333	1.7406	2.2022	714.86	0.34958	32.697	0.080116	vapor
603.12	0.070000	0.017309	57.772	3308.8	3713.2	10.336	1.7414	2.2030	715.26	0.34840	32.739	0.080254	vapor
604.17	0.070000	0.017289	57.841	3310.6	3715.5	10.338	1.7421	2.2037	715.65	0.34722	32.780	0.080392	vapor
605.21	0.070000	0.017268	57.909	3312.4	3717.8	10.341	1.7428	2.2044	716.04	0.34605	32.822	0.080530	vapor
606.25	0.070000	0.017248	57.978	3314.2	3720.1	10.343	1.7436	2.2052	716.43	0.34489	32.863	0.080668	vapor
607.29	0.070000	0.017228	58.047	3316.0	3722.4	10.346	1.7443	2.2059	716.83	0.34372	32.905	0.080806	vapor
608.33	0.070000	0.017207	58.115	3317.9	3724.7	10.349	1.7450	2.2066	717.22	0.34257	32.946	0.080945	vapor
609.37	0.070000	0.017187	58.184	3319.7	3727.0	10.351	1.7458	2.2074	717.61	0.34142	32.988	0.081083	vapor
610.42	0.070000	0.017167	58.253	3321.5	3729.3	10.354	1.7465	2.2081	718.00	0.34027	33.029	0.081221	vapor
611.46	0.070000	0.017146	58.321	3323.3	3731.6	10.356	1.7472	2.2088	718.39	0.33913	33.071	0.081360	vapor
612.50	0.070000	0.017126	58.390	3325.1	3733.9	10.359	1.7480	2.2096	718.79	0.33800	33.112	0.081498	vapor
613.54	0.070000	0.017106	58.459	3327.0	3736.2	10.362	1.7487	2.2103	719.18	0.33687	33.154	0.081637	vapor
614.58	0.070000	0.017086	58.528	3328.8	3738.5	10.364	1.7495	2.2111	719.57	0.33574	33.195	0.081775	vapor
615.62	0.070000	0.017066	58.596	3330.6	3740.8	10.367	1.7502	2.2118	719.96	0.33462	33.236	0.081914	vapor
616.67	0.070000	0.017046	58.665	3332.4	3743.1	10.369	1.7509	2.2125	720.35	0.33351	33.278	0.082053	vapor
617.71	0.070000	0.017026	58.734	3334.2	3745.4	10.372	1.7517	2.2133	720.74	0.33240	33.319	0.082191	vapor
618.75	0.070000	0.017006	58.802	3336.1	3747.7	10.375	1.7524	2.2140	721.13	0.33129	33.361	0.082330	vapor
619.79	0.070000	0.016986	58.871	3337.9	3750.0	10.377	1.7531	2.2147	721.52	0.33019	33.402	0.082469	vapor
620.83	0.070000	0.016967	58.940	3339.7	3752.3	10.380	1.7539	2.2155	721.91	0.32910	33.443	0.082608	vapor
621.87	0.070000	0.016947	59.008	3341.6	3754.6	10.382	1.7546	2.2162	722.30	0.32801	33.485	0.082747	vapor
622.92	0.070000	0.016927	59.077	3343.4	3756.9	10.385	1.7554	2.2170	722.68	0.32692	33.526	0.082886	vapor
623.96	0.070000	0.016907	59.146	3345.2	3759.2	10.388	1.7561	2.2177	723.07	0.32584	33.567	0.083025	vapor
625.00	0.070000	0.016888	59.214	3347.0	3761.5	10.390	1.7568	2.2184	723.46	0.32477	33.609	0.083164	vapor
626.04	0.070000	0.016868	59.283	3348.9	3763.8	10.393	1.7576	2.2192	723.85	0.32370	33.650	0.083303	vapor
627.08	0.070000	0.016849	59.352	3350.7	3766.2	10.395	1.7583	2.2199	724.24	0.32263	33.691	0.083443	vapor
628.12	0.070000	0.016829	59.420	3352.5	3768.5	10.398	1.7590	2.2206	724.62	0.32157	33.732	0.083582	vapor
629.17	0.070000	0.016810	59.489	3354.4	3770.8	10.400	1.7598	2.2214	725.01	0.32051	33.774	0.083722	vapor
630.21	0.070000	0.016790	59.558	3356.2	3773.1	10.403	1.7605	2.2221	725.40	0.31946	33.815	0.083861	vapor
631.25	0.070000	0.016771	59.626	3358.0	3775.4	10.406	1.7613	2.2229	725.78	0.31841	33.856	0.084001	vapor
632.29	0.070000	0.016752	59.695	3359.9	3777.7	10.408	1.7620	2.2236	726.17	0.31737	33.897	0.084140	vapor
633.33	0.070000	0.016733	59.764	3361.7	3780.0	10.411	1.7627	2.2243	726.56	0.31633	33.939	0.084280	vapor
634.37	0.070000	0.016713	59.833	3363.5	3782.4	10.413	1.7635	2.2251	726.94	0.31530	33.980	0.084419	vapor
635.42	0.070000	0.016694	59.901	3365.4	3784.7	10.416	1.7642	2.2258	727.33	0.31427	34.021	0.084559	vapor
636.46	0.070000	0.016675	59.970	3367.2	3787.0	10.418	1.7650	2.2266	727.71	0.31324	34.062	0.084699	vapor
637.50	0.070000	0.016656	60.039	3369.1	3789.3	10.421	1.7657	2.2273	728.10	0.31222	34.103	0.084839	vapor
638.54	0.070000	0.016637	60.107	3370.9	3791.6	10.423	1.7664	2.2280	728.48	0.31121	34.144	0.084979	vapor
639.58	0.070000	0.016618	60.176	3372.7	3794.0	10.426	1.7672	2.2288	728.87	0.31020	34.186	0.085119	vapor
640.62	0.070000	0.016599	60.245	3374.6	3796.3	10.428	1.7679	2.2295	729.25	0.30919	34.227	0.085259	vapor
641.67	0.070000	0.016580	60.313	3376.4	3798.6	10.431	1.7687	2.2303	729.63	0.30819	34.268	0.085399	vapor
642.71	0.070000	0.016561	60.382	3378.3	3800.9	10.434	1.7694	2.2310	730.02	0.30719	34.309	0.085539	vapor
643.75	0.070000	0.016542	60.451	3380.1	3803.3	10.436	1.7701	2.2317	730.40	0.30619	34.350	0.085679	vapor
644.79	0.070000	0.016524	60.519	3381.9	3805.6	10.439	1.7709	2.2325	730.79	0.30520	34.391	0.085819	vapor
645.83	0.070000	0.016505	60.588	3383.8	3807.9	10.441	1.7716	2.2332	731.17	0.30422	34.432	0.085960	vapor
646.87	0.070000	0.016486	60.657	3385.6	3810.2	10.444	1.7724	2.2339	731.55	0.30324	34.473	0.086100	vapor
647.92	0.070000	0.016468	60.725	3387.5	3812.6	10.446	1.7731	2.2347	731.93	0.30226	34.514	0.086241	vapor
648.96	0.070000	0.016449	60.794	3389.3	3814.9	10.449	1.7738	2.2354	732.32	0.30129	34.555	0.086381	vapor
650.00	0.070000	0.016430	60.863	3391.2	3817.2	10.451	1.7746	2.2362	732.70	0.30032	34.596	0.086522	vapor
