Temperature (C)	Pressure (bar)	Density (kg/m3)	Volume (m3/kg)	Internal Energy (kJ/kg)	Enthalpy (kJ/kg)	Entropy (J/g*K)	Cv (J/g*K)	Cp (J/g*K)	Sound Spd. (m/s)	Joule-Thomson (K/bar)	Viscosity (uPa*s)	Therm. Cond. (W/m*K)	Phase
25.000	1.0000	997.05	0.0010030	104.82	104.92	0.36720	4.1376	4.1813	1496.7	-0.022147	890.08	0.60719	liquid
26.042	1.0000	996.77	0.0010032	109.17	109.27	0.38178	4.1334	4.1809	1499.4	-0.022077	869.37	0.60896	liquid
27.083	1.0000	996.49	0.0010035	113.53	113.63	0.39631	4.1292	4.1806	1502.1	-0.022008	849.42	0.61071	liquid
28.125	1.0000	996.20	0.0010038	117.88	117.98	0.41079	4.1250	4.1803	1504.7	-0.021940	830.21	0.61244	liquid
29.167	1.0000	995.90	0.0010041	122.24	122.34	0.42522	4.1207	4.1800	1507.2	-0.021873	811.69	0.61415	liquid
30.208	1.0000	995.59	0.0010044	126.59	126.69	0.43960	4.1164	4.1798	1509.6	-0.021806	793.82	0.61584	liquid
31.250	1.0000	995.26	0.0010048	130.95	131.05	0.45392	4.1120	4.1796	1512.0	-0.021740	776.59	0.61750	liquid
32.292	1.0000	994.93	0.0010051	135.30	135.40	0.46820	4.1075	4.1795	1514.3	-0.021674	759.96	0.61915	liquid
33.333	1.0000	994.59	0.0010054	139.65	139.75	0.48243	4.1031	4.1794	1516.5	-0.021609	743.90	0.62077	liquid
34.375	1.0000	994.25	0.0010058	144.01	144.11	0.49661	4.0985	4.1793	1518.6	-0.021544	728.38	0.62237	liquid
35.417	1.0000	993.89	0.0010061	148.36	148.46	0.51074	4.0940	4.1792	1520.7	-0.021480	713.38	0.62395	liquid
36.458	1.0000	993.52	0.0010065	152.71	152.81	0.52483	4.0894	4.1792	1522.6	-0.021416	698.87	0.62551	liquid
37.500	1.0000	993.15	0.0010069	157.07	157.17	0.53887	4.0847	4.1793	1524.6	-0.021353	684.84	0.62704	liquid
38.542	1.0000	992.77	0.0010073	161.42	161.52	0.55286	4.0800	4.1793	1526.4	-0.021291	671.26	0.62855	liquid
39.583	1.0000	992.37	0.0010077	165.77	165.87	0.56680	4.0753	4.1794	1528.2	-0.021228	658.12	0.63004	liquid
40.625	1.0000	991.98	0.0010081	170.13	170.23	0.58070	4.0705	4.1795	1529.9	-0.021166	645.39	0.63150	liquid
41.667	1.0000	991.57	0.0010085	174.48	174.58	0.59455	4.0657	4.1796	1531.6	-0.021105	633.05	0.63294	liquid
42.708	1.0000	991.15	0.0010089	178.83	178.93	0.60836	4.0609	4.1797	1533.2	-0.021044	621.10	0.63436	liquid
43.750	1.0000	990.73	0.0010094	183.19	183.29	0.62212	4.0560	4.1799	1534.7	-0.020983	609.51	0.63575	liquid
44.792	1.0000	990.30	0.0010098	187.54	187.64	0.63584	4.0511	4.1801	1536.2	-0.020923	598.27	0.63711	liquid
45.833	1.0000	989.86	0.0010102	191.90	192.00	0.64951	4.0462	4.1803	1537.6	-0.020863	587.37	0.63846	liquid
46.875	1.0000	989.42	0.0010107	196.25	196.35	0.66314	4.0413	4.1805	1538.9	-0.020803	576.79	0.63978	liquid
47.917	1.0000	988.96	0.0010112	200.61	200.71	0.67673	4.0363	4.1808	1540.2	-0.020743	566.51	0.64107	liquid
48.958	1.0000	988.50	0.0010116	204.96	205.06	0.69027	4.0312	4.1811	1541.4	-0.020684	556.54	0.64235	liquid
50.000	1.0000	988.03	0.0010121	209.32	209.42	0.70377	4.0262	4.1813	1542.6	-0.020625	546.85	0.64359	liquid
51.042	1.0000	987.56	0.0010126	213.67	213.77	0.71723	4.0211	4.1816	1543.7	-0.020566	537.43	0.64482	liquid
52.083	1.0000	987.08	0.0010131	218.03	218.13	0.73064	4.0160	4.1820	1544.7	-0.020507	528.28	0.64602	liquid
53.125	1.0000	986.59	0.0010136	222.38	222.49	0.74401	4.0109	4.1823	1545.7	-0.020449	519.38	0.64720	liquid
54.167	1.0000	986.09	0.0010141	226.74	226.84	0.75735	4.0057	4.1827	1546.7	-0.020390	510.73	0.64835	liquid
55.208	1.0000	985.59	0.0010146	231.10	231.20	0.77064	4.0005	4.1830	1547.6	-0.020332	502.31	0.64948	liquid
56.250	1.0000	985.08	0.0010151	235.46	235.56	0.78389	3.9954	4.1834	1548.4	-0.020274	494.12	0.65059	liquid
57.292	1.0000	984.57	0.0010157	239.81	239.91	0.79709	3.9901	4.1838	1549.2	-0.020217	486.15	0.65167	liquid
58.333	1.0000	984.04	0.0010162	244.17	244.27	0.81026	3.9849	4.1842	1549.9	-0.020159	478.39	0.65273	liquid
59.375	1.0000	983.52	0.0010168	248.53	248.63	0.82339	3.9796	4.1847	1550.6	-0.020101	470.83	0.65377	liquid
60.417	1.0000	982.98	0.0010173	252.89	252.99	0.83648	3.9744	4.1851	1551.2	-0.020044	463.47	0.65479	liquid
61.458	1.0000	982.44	0.0010179	257.25	257.35	0.84953	3.9691	4.1856	1551.8	-0.019987	456.30	0.65578	liquid
62.500	1.0000	981.89	0.0010184	261.61	261.71	0.86254	3.9638	4.1861	1552.3	-0.019929	449.32	0.65676	liquid
63.542	1.0000	981.34	0.0010190	265.97	266.07	0.87551	3.9584	4.1866	1552.8	-0.019872	442.51	0.65771	liquid
64.583	1.0000	980.78	0.0010196	270.33	270.43	0.88845	3.9531	4.1871	1553.2	-0.019815	435.87	0.65863	liquid
65.625	1.0000	980.21	0.0010202	274.69	274.80	0.90134	3.9477	4.1876	1553.6	-0.019758	429.40	0.65954	liquid
66.667	1.0000	979.64	0.0010208	279.06	279.16	0.91420	3.9424	4.1882	1554.0	-0.019700	423.08	0.66043	liquid
67.708	1.0000	979.06	0.0010214	283.42	283.52	0.92702	3.9370	4.1888	1554.3	-0.019643	416.92	0.66129	liquid
68.750	1.0000	978.47	0.0010220	287.78	287.88	0.93980	3.9316	4.1893	1554.5	-0.019586	410.91	0.66214	liquid
69.792	1.0000	977.88	0.0010226	292.15	292.25	0.95255	3.9262	4.1899	1554.7	-0.019529	405.05	0.66296	liquid
70.833	1.0000	977.29	0.0010232	296.51	296.61	0.96526	3.9208	4.1906	1554.9	-0.019472	399.32	0.66377	liquid
71.875	1.0000	976.68	0.0010239	300.88	300.98	0.97793	3.9154	4.1912	1555.0	-0.019415	393.73	0.66455	liquid
72.917	1.0000	976.08	0.0010245	305.24	305.35	0.99056	3.9099	4.1919	1555.1	-0.019357	388.28	0.66532	liquid
73.958	1.0000	975.46	0.0010252	309.61	309.71	1.0032	3.9045	4.1925	1555.1	-0.019300	382.95	0.66606	liquid
75.000	1.0000	974.84	0.0010258	313.98	314.08	1.0157	3.8990	4.1932	1555.1	-0.019243	377.74	0.66679	liquid
76.042	1.0000	974.22	0.0010265	318.35	318.45	1.0283	3.8936	4.1939	1555.0	-0.019185	372.65	0.66750	liquid
77.083	1.0000	973.59	0.0010271	322.71	322.82	1.0407	3.8881	4.1946	1554.9	-0.019128	367.68	0.66818	liquid
78.125	1.0000	972.95	0.0010278	327.08	327.19	1.0532	3.8827	4.1954	1554.8	-0.019070	362.82	0.66885	liquid
79.167	1.0000	972.31	0.0010285	331.45	331.56	1.0656	3.8772	4.1961	1554.6	-0.019012	358.07	0.66951	liquid
80.208	1.0000	971.66	0.0010292	335.83	335.93	1.0780	3.8718	4.1969	1554.4	-0.018954	353.43	0.67014	liquid
81.250	1.0000	971.01	0.0010299	340.20	340.30	1.0904	3.8663	4.1977	1554.1	-0.018896	348.89	0.67076	liquid
82.292	1.0000	970.35	0.0010306	344.57	344.67	1.1027	3.8608	4.1985	1553.8	-0.018838	344.44	0.67135	liquid
83.333	1.0000	969.68	0.0010313	348.94	349.05	1.1150	3.8553	4.1994	1553.5	-0.018780	340.10	0.67194	liquid
84.375	1.0000	969.01	0.0010320	353.32	353.42	1.1272	3.8499	4.2002	1553.1	-0.018721	335.85	0.67250	liquid
85.417	1.0000	968.34	0.0010327	357.69	357.80	1.1395	3.8444	4.2011	1552.7	-0.018663	331.69	0.67305	liquid
86.458	1.0000	967.66	0.0010334	362.07	362.17	1.1516	3.8389	4.2020	1552.3	-0.018604	327.62	0.67358	liquid
87.500	1.0000	966.98	0.0010342	366.45	366.55	1.1638	3.8335	4.2029	1551.8	-0.018545	323.63	0.67410	liquid
88.542	1.0000	966.28	0.0010349	370.83	370.93	1.1759	3.8280	4.2039	1551.2	-0.018486	319.73	0.67459	liquid
89.583	1.0000	965.59	0.0010356	375.21	375.31	1.1880	3.8225	4.2048	1550.7	-0.018426	315.91	0.67508	liquid
90.625	1.0000	964.89	0.0010364	379.59	379.69	1.2001	3.8171	4.2058	1550.1	-0.018367	312.17	0.67555	liquid
91.667	1.0000	964.18	0.0010371	383.97	384.07	1.2121	3.8116	4.2068	1549.5	-0.018307	308.51	0.67600	liquid
92.708	1.0000	963.47	0.0010379	388.35	388.46	1.2241	3.8062	4.2078	1548.8	-0.018247	304.92	0.67644	liquid
93.750	1.0000	962.75	0.0010387	392.73	392.84	1.2361	3.8007	4.2089	1548.1	-0.018187	301.41	0.67686	liquid
94.792	1.0000	962.03	0.0010395	397.12	397.22	1.2480	3.7953	4.2100	1547.3	-0.018126	297.96	0.67727	liquid
95.833	1.0000	961.31	0.0010403	401.51	401.61	1.2599	3.7898	4.2111	1546.6	-0.018065	294.59	0.67766	liquid
96.875	1.0000	960.57	0.0010410	405.89	406.00	1.2718	3.7844	4.2122	1545.8	-0.018004	291.28	0.67804	liquid
97.917	1.0000	959.84	0.0010418	410.28	410.38	1.2836	3.7790	4.2133	1544.9	-0.017943	288.04	0.67840	liquid
98.958	1.0000	959.10	0.0010426	414.67	414.77	1.2954	3.7736	4.2145	1544.1	-0.017881	284.86	0.67875	liquid
99.606	1.0000	958.63	0.0010432	417.40	417.50	1.3028	3.7702	4.2152	1543.5	-0.017843	282.91	0.67897	liquid
99.606	1.0000	0.59034	1.6939	2505.6	2674.9	7.3588	1.5548	2.0784	471.99	6.7038	12.256	0.025053	vapor
100.00	1.0000	0.58967	1.6959	2506.2	2675.8	7.3610	1.5535	2.0766	472.28	6.6638	12.270	0.025079	vapor
101.04	1.0000	0.58790	1.7010	2507.8	2677.9	7.3668	1.5502	2.0720	473.02	6.5607	12.309	0.025149	vapor
102.08	1.0000	0.58613	1.7061	2509.5	2680.1	7.3726	1.5472	2.0676	473.76	6.4612	12.348	0.025219	vapor
103.13	1.0000	0.58439	1.7112	2511.1	2682.2	7.3783	1.5444	2.0636	474.49	6.3651	12.387	0.025290	vapor
104.17	1.0000	0.58265	1.7163	2512.8	2684.4	7.3840	1.5417	2.0597	475.22	6.2721	12.426	0.025361	vapor
105.21	1.0000	0.58093	1.7214	2514.4	2686.5	7.3897	1.5392	2.0561	475.94	6.1819	12.465	0.025432	vapor
106.25	1.0000	0.57922	1.7265	2516.0	2688.7	7.3953	1.5369	2.0526	476.66	6.0943	12.504	0.025504	vapor
107.29	1.0000	0.57752	1.7316	2517.6	2690.8	7.4010	1.5347	2.0493	477.38	6.0091	12.543	0.025577	vapor
108.33	1.0000	0.57583	1.7366	2519.3	2692.9	7.4065	1.5326	2.0462	478.09	5.9262	12.582	0.025650	vapor
109.38	1.0000	0.57415	1.7417	2520.9	2695.1	7.4121	1.5306	2.0432	478.80	5.8455	12.621	0.025723	vapor
110.42	1.0000	0.57249	1.7468	2522.5	2697.2	7.4177	1.5287	2.0404	479.51	5.7667	12.660	0.025797	vapor
111.46	1.0000	0.57083	1.7518	2524.1	2699.3	7.4232	1.5269	2.0376	480.21	5.6898	12.699	0.025871	vapor
112.50	1.0000	0.56919	1.7569	2525.7	2701.4	7.4287	1.5252	2.0350	480.91	5.6147	12.739	0.025945	vapor
113.54	1.0000	0.56756	1.7619	2527.4	2703.6	7.4342	1.5236	2.0325	481.61	5.5413	12.778	0.026020	vapor
114.58	1.0000	0.56594	1.7670	2529.0	2705.7	7.4397	1.5220	2.0301	482.30	5.4695	12.817	0.026095	vapor
115.63	1.0000	0.56433	1.7720	2530.6	2707.8	7.4451	1.5205	2.0278	482.99	5.3993	12.857	0.026171	vapor
116.67	1.0000	0.56273	1.7771	2532.2	2709.9	7.4505	1.5191	2.0256	483.68	5.3305	12.896	0.026247	vapor
117.71	1.0000	0.56114	1.7821	2533.8	2712.0	7.4559	1.5178	2.0235	484.37	5.2631	12.936	0.026323	vapor
118.75	1.0000	0.55956	1.7871	2535.4	2714.1	7.4613	1.5165	2.0214	485.05	5.1971	12.975	0.026400	vapor
119.79	1.0000	0.55799	1.7922	2537.0	2716.2	7.4667	1.5153	2.0194	485.74	5.1324	13.015	0.026477	vapor
120.83	1.0000	0.55643	1.7972	2538.6	2718.3	7.4720	1.5141	2.0175	486.42	5.0690	13.055	0.026554	vapor
121.88	1.0000	0.55488	1.8022	2540.2	2720.4	7.4773	1.5129	2.0157	487.10	5.0068	13.094	0.026632	vapor
122.92	1.0000	0.55334	1.8072	2541.8	2722.5	7.4827	1.5119	2.0139	487.77	4.9458	13.134	0.026710	vapor
123.96	1.0000	0.55181	1.8122	2543.4	2724.6	7.4879	1.5108	2.0122	488.45	4.8859	13.174	0.026789	vapor
125.00	1.0000	0.55028	1.8172	2545.0	2726.7	7.4932	1.5098	2.0105	489.12	4.8271	13.214	0.026868	vapor
126.04	1.0000	0.54877	1.8222	2546.6	2728.8	7.4985	1.5089	2.0090	489.79	4.7695	13.254	0.026947	vapor
127.08	1.0000	0.54727	1.8273	2548.2	2730.9	7.5037	1.5080	2.0074	490.46	4.7128	13.294	0.027026	vapor
128.13	1.0000	0.54578	1.8323	2549.8	2733.0	7.5089	1.5071	2.0059	491.12	4.6572	13.334	0.027106	vapor
129.17	1.0000	0.54429	1.8373	2551.3	2735.1	7.5141	1.5063	2.0045	491.79	4.6026	13.374	0.027186	vapor
130.21	1.0000	0.54282	1.8422	2552.9	2737.2	7.5193	1.5055	2.0031	492.45	4.5489	13.414	0.027267	vapor
131.25	1.0000	0.54135	1.8472	2554.5	2739.2	7.5245	1.5047	2.0018	493.11	4.4962	13.454	0.027348	vapor
132.29	1.0000	0.53989	1.8522	2556.1	2741.3	7.5296	1.5040	2.0005	493.77	4.4445	13.494	0.027429	vapor
133.33	1.0000	0.53844	1.8572	2557.7	2743.4	7.5347	1.5033	1.9993	494.43	4.3936	13.534	0.027510	vapor
134.38	1.0000	0.53700	1.8622	2559.3	2745.5	7.5399	1.5026	1.9981	495.08	4.3436	13.575	0.027592	vapor
135.42	1.0000	0.53557	1.8672	2560.9	2747.6	7.5450	1.5020	1.9969	495.74	4.2944	13.615	0.027674	vapor
136.46	1.0000	0.53414	1.8722	2562.4	2749.7	7.5500	1.5014	1.9958	496.39	4.2461	13.655	0.027757	vapor
137.50	1.0000	0.53273	1.8771	2564.0	2751.7	7.5551	1.5008	1.9948	497.04	4.1986	13.696	0.027840	vapor
138.54	1.0000	0.53132	1.8821	2565.6	2753.8	7.5602	1.5003	1.9937	497.69	4.1519	13.736	0.027923	vapor
139.58	1.0000	0.52992	1.8871	2567.2	2755.9	7.5652	1.4998	1.9927	498.34	4.1060	13.776	0.028006	vapor
140.63	1.0000	0.52853	1.8920	2568.8	2758.0	7.5702	1.4993	1.9918	498.98	4.0608	13.817	0.028090	vapor
141.67	1.0000	0.52715	1.8970	2570.3	2760.0	7.5752	1.4988	1.9908	499.63	4.0164	13.857	0.028174	vapor
142.71	1.0000	0.52577	1.9020	2571.9	2762.1	7.5802	1.4984	1.9900	500.27	3.9727	13.898	0.028258	vapor
143.75	1.0000	0.52440	1.9069	2573.5	2764.2	7.5852	1.4979	1.9891	500.91	3.9297	13.939	0.028342	vapor
144.79	1.0000	0.52304	1.9119	2575.1	2766.3	7.5902	1.4976	1.9883	501.55	3.8875	13.979	0.028427	vapor
145.83	1.0000	0.52169	1.9168	2576.6	2768.3	7.5951	1.4972	1.9875	502.19	3.8459	14.020	0.028512	vapor
146.88	1.0000	0.52035	1.9218	2578.2	2770.4	7.6000	1.4968	1.9867	502.83	3.8050	14.061	0.028598	vapor
147.92	1.0000	0.51901	1.9268	2579.8	2772.5	7.6050	1.4965	1.9860	503.46	3.7647	14.101	0.028684	vapor
148.96	1.0000	0.51768	1.9317	2581.4	2774.5	7.6099	1.4962	1.9853	504.10	3.7251	14.142	0.028769	vapor
150.00	1.0000	0.51636	1.9367	2582.9	2776.6	7.6148	1.4959	1.9846	504.73	3.6861	14.183	0.028856	vapor
151.04	1.0000	0.51504	1.9416	2584.5	2778.7	7.6196	1.4957	1.9840	505.36	3.6478	14.224	0.028942	vapor
152.08	1.0000	0.51373	1.9465	2586.1	2780.7	7.6245	1.4954	1.9834	505.99	3.6100	14.265	0.029029	vapor
153.13	1.0000	0.51243	1.9515	2587.7	2782.8	7.6293	1.4952	1.9828	506.62	3.5728	14.306	0.029116	vapor
154.17	1.0000	0.51114	1.9564	2589.2	2784.9	7.6342	1.4950	1.9822	507.25	3.5362	14.347	0.029203	vapor
155.21	1.0000	0.50985	1.9614	2590.8	2786.9	7.6390	1.4948	1.9817	507.87	3.5002	14.388	0.029291	vapor
156.25	1.0000	0.50857	1.9663	2592.4	2789.0	7.6438	1.4946	1.9812	508.50	3.4648	14.429	0.029379	vapor
157.29	1.0000	0.50730	1.9712	2593.9	2791.1	7.6486	1.4945	1.9807	509.12	3.4298	14.470	0.029467	vapor
158.33	1.0000	0.50603	1.9762	2595.5	2793.1	7.6534	1.4943	1.9802	509.74	3.3955	14.511	0.029555	vapor
159.38	1.0000	0.50477	1.9811	2597.1	2795.2	7.6582	1.4942	1.9798	510.36	3.3616	14.552	0.029644	vapor
160.42	1.0000	0.50352	1.9860	2598.6	2797.2	7.6629	1.4941	1.9793	510.98	3.3283	14.593	0.029733	vapor
161.46	1.0000	0.50227	1.9910	2600.2	2799.3	7.6677	1.4940	1.9789	511.60	3.2954	14.634	0.029822	vapor
162.50	1.0000	0.50103	1.9959	2601.8	2801.4	7.6724	1.4939	1.9786	512.22	3.2631	14.675	0.029912	vapor
163.54	1.0000	0.49980	2.0008	2603.3	2803.4	7.6772	1.4939	1.9782	512.83	3.2312	14.717	0.030001	vapor
164.58	1.0000	0.49857	2.0057	2604.9	2805.5	7.6819	1.4938	1.9779	513.45	3.1998	14.758	0.030091	vapor
165.63	1.0000	0.49735	2.0107	2606.5	2807.6	7.6866	1.4938	1.9775	514.06	3.1689	14.799	0.030181	vapor
166.67	1.0000	0.49613	2.0156	2608.1	2809.6	7.6913	1.4938	1.9772	514.68	3.1384	14.840	0.030272	vapor
167.71	1.0000	0.49493	2.0205	2609.6	2811.7	7.6959	1.4938	1.9770	515.29	3.1084	14.882	0.030362	vapor
168.75	1.0000	0.49372	2.0254	2611.2	2813.7	7.7006	1.4938	1.9767	515.90	3.0788	14.923	0.030453	vapor
169.79	1.0000	0.49253	2.0303	2612.8	2815.8	7.7053	1.4938	1.9764	516.50	3.0497	14.965	0.030544	vapor
170.83	1.0000	0.49134	2.0353	2614.3	2817.8	7.7099	1.4938	1.9762	517.11	3.0209	15.006	0.030636	vapor
171.88	1.0000	0.49015	2.0402	2615.9	2819.9	7.7145	1.4939	1.9760	517.72	2.9926	15.047	0.030727	vapor
172.92	1.0000	0.48898	2.0451	2617.5	2822.0	7.7192	1.4939	1.9758	518.32	2.9647	15.089	0.030819	vapor
173.96	1.0000	0.48781	2.0500	2619.0	2824.0	7.7238	1.4940	1.9756	518.93	2.9372	15.130	0.030911	vapor
175.00	1.0000	0.48664	2.0549	2620.6	2826.1	7.7284	1.4941	1.9755	519.53	2.9101	15.172	0.031004	vapor
176.04	1.0000	0.48548	2.0598	2622.2	2828.1	7.7329	1.4942	1.9753	520.13	2.8833	15.214	0.031096	vapor
177.08	1.0000	0.48433	2.0647	2623.7	2830.2	7.7375	1.4943	1.9752	520.73	2.8570	15.255	0.031189	vapor
178.13	1.0000	0.48318	2.0696	2625.3	2832.3	7.7421	1.4944	1.9751	521.33	2.8310	15.297	0.031282	vapor
179.17	1.0000	0.48204	2.0745	2626.9	2834.3	7.7466	1.4945	1.9749	521.93	2.8054	15.339	0.031375	vapor
180.21	1.0000	0.48090	2.0794	2628.4	2836.4	7.7512	1.4947	1.9749	522.53	2.7801	15.380	0.031468	vapor
181.25	1.0000	0.47977	2.0843	2630.0	2838.4	7.7557	1.4948	1.9748	523.13	2.7552	15.422	0.031562	vapor
182.29	1.0000	0.47864	2.0892	2631.6	2840.5	7.7602	1.4950	1.9747	523.72	2.7306	15.464	0.031656	vapor
183.33	1.0000	0.47752	2.0941	2633.1	2842.5	7.7647	1.4951	1.9747	524.32	2.7064	15.505	0.031750	vapor
184.38	1.0000	0.47641	2.0990	2634.7	2844.6	7.7692	1.4953	1.9746	524.91	2.6825	15.547	0.031844	vapor
185.42	1.0000	0.47530	2.1039	2636.3	2846.7	7.7737	1.4955	1.9746	525.50	2.6589	15.589	0.031939	vapor
186.46	1.0000	0.47419	2.1088	2637.8	2848.7	7.7782	1.4957	1.9746	526.09	2.6356	15.631	0.032034	vapor
187.50	1.0000	0.47309	2.1137	2639.4	2850.8	7.7827	1.4959	1.9746	526.68	2.6127	15.673	0.032129	vapor
188.54	1.0000	0.47200	2.1186	2641.0	2852.8	7.7871	1.4961	1.9746	527.27	2.5900	15.715	0.032224	vapor
189.58	1.0000	0.47091	2.1235	2642.5	2854.9	7.7916	1.4963	1.9746	527.86	2.5677	15.757	0.032319	vapor
190.63	1.0000	0.46983	2.1284	2644.1	2856.9	7.7960	1.4965	1.9746	528.45	2.5456	15.798	0.032415	vapor
191.67	1.0000	0.46875	2.1333	2645.7	2859.0	7.8005	1.4967	1.9747	529.04	2.5239	15.840	0.032511	vapor
192.71	1.0000	0.46768	2.1382	2647.2	2861.0	7.8049	1.4970	1.9747	529.62	2.5024	15.882	0.032607	vapor
193.75	1.0000	0.46661	2.1431	2648.8	2863.1	7.8093	1.4972	1.9748	530.21	2.4812	15.924	0.032703	vapor
194.79	1.0000	0.46555	2.1480	2650.4	2865.2	7.8137	1.4975	1.9749	530.79	2.4603	15.966	0.032799	vapor
195.83	1.0000	0.46449	2.1529	2651.9	2867.2	7.8181	1.4977	1.9750	531.37	2.4397	16.008	0.032896	vapor
196.88	1.0000	0.46344	2.1578	2653.5	2869.3	7.8225	1.4980	1.9751	531.95	2.4193	16.051	0.032993	vapor
197.92	1.0000	0.46239	2.1627	2655.1	2871.3	7.8268	1.4983	1.9752	532.53	2.3992	16.093	0.033090	vapor
198.96	1.0000	0.46135	2.1675	2656.6	2873.4	7.8312	1.4986	1.9753	533.11	2.3794	16.135	0.033187	vapor
200.00	1.0000	0.46031	2.1724	2658.2	2875.5	7.8356	1.4988	1.9754	533.69	2.3598	16.177	0.033284	vapor
201.04	1.0000	0.45928	2.1773	2659.8	2877.5	7.8399	1.4991	1.9755	534.27	2.3404	16.219	0.033382	vapor
202.08	1.0000	0.45825	2.1822	2661.3	2879.6	7.8442	1.4994	1.9757	534.85	2.3213	16.261	0.033480	vapor
203.13	1.0000	0.45723	2.1871	2662.9	2881.6	7.8486	1.4997	1.9758	535.42	2.3025	16.303	0.033578	vapor
204.17	1.0000	0.45621	2.1920	2664.5	2883.7	7.8529	1.5001	1.9760	536.00	2.2838	16.346	0.033676	vapor
205.21	1.0000	0.45520	2.1968	2666.1	2885.7	7.8572	1.5004	1.9762	536.57	2.2654	16.388	0.033775	vapor
206.25	1.0000	0.45419	2.2017	2667.6	2887.8	7.8615	1.5007	1.9763	537.15	2.2473	16.430	0.033873	vapor
207.29	1.0000	0.45318	2.2066	2669.2	2889.9	7.8658	1.5010	1.9765	537.72	2.2293	16.472	0.033972	vapor
208.33	1.0000	0.45218	2.2115	2670.8	2891.9	7.8701	1.5014	1.9767	538.29	2.2116	16.515	0.034071	vapor
209.38	1.0000	0.45119	2.2164	2672.3	2894.0	7.8743	1.5017	1.9769	538.86	2.1941	16.557	0.034170	vapor
210.42	1.0000	0.45020	2.2212	2673.9	2896.0	7.8786	1.5021	1.9771	539.43	2.1768	16.599	0.034269	vapor
211.46	1.0000	0.44921	2.2261	2675.5	2898.1	7.8829	1.5024	1.9773	540.00	2.1597	16.642	0.034369	vapor
212.50	1.0000	0.44823	2.2310	2677.1	2900.2	7.8871	1.5028	1.9775	540.57	2.1429	16.684	0.034469	vapor
213.54	1.0000	0.44725	2.2359	2678.6	2902.2	7.8913	1.5031	1.9778	541.14	2.1262	16.726	0.034569	vapor
214.58	1.0000	0.44628	2.2408	2680.2	2904.3	7.8956	1.5035	1.9780	541.70	2.1097	16.769	0.034669	vapor
215.63	1.0000	0.44531	2.2456	2681.8	2906.3	7.8998	1.5039	1.9783	542.27	2.0935	16.811	0.034769	vapor
216.67	1.0000	0.44435	2.2505	2683.3	2908.4	7.9040	1.5043	1.9785	542.83	2.0774	16.854	0.034869	vapor
217.71	1.0000	0.44339	2.2554	2684.9	2910.5	7.9082	1.5046	1.9788	543.40	2.0615	16.896	0.034970	vapor
218.75	1.0000	0.44243	2.2602	2686.5	2912.5	7.9124	1.5050	1.9790	543.96	2.0458	16.939	0.035071	vapor
219.79	1.0000	0.44148	2.2651	2688.1	2914.6	7.9166	1.5054	1.9793	544.52	2.0303	16.981	0.035172	vapor
220.83	1.0000	0.44053	2.2700	2689.6	2916.6	7.9208	1.5058	1.9796	545.09	2.0149	17.024	0.035273	vapor
221.88	1.0000	0.43959	2.2749	2691.2	2918.7	7.9249	1.5062	1.9798	545.65	1.9998	17.066	0.035374	vapor
222.92	1.0000	0.43865	2.2797	2692.8	2920.8	7.9291	1.5066	1.9801	546.21	1.9848	17.109	0.035476	vapor
223.96	1.0000	0.43771	2.2846	2694.4	2922.8	7.9332	1.5070	1.9804	546.77	1.9700	17.151	0.035578	vapor
225.00	1.0000	0.43678	2.2895	2695.9	2924.9	7.9374	1.5074	1.9807	547.32	1.9554	17.194	0.035679	vapor
226.04	1.0000	0.43586	2.2943	2697.5	2927.0	7.9415	1.5079	1.9810	547.88	1.9409	17.236	0.035781	vapor
227.08	1.0000	0.43493	2.2992	2699.1	2929.0	7.9457	1.5083	1.9813	548.44	1.9266	17.279	0.035884	vapor
228.13	1.0000	0.43402	2.3041	2700.7	2931.1	7.9498	1.5087	1.9816	548.99	1.9124	17.322	0.035986	vapor
229.17	1.0000	0.43310	2.3089	2702.3	2933.1	7.9539	1.5091	1.9820	549.55	1.8985	17.364	0.036089	vapor
230.21	1.0000	0.43219	2.3138	2703.8	2935.2	7.9580	1.5096	1.9823	550.10	1.8846	17.407	0.036191	vapor
231.25	1.0000	0.43128	2.3187	2705.4	2937.3	7.9621	1.5100	1.9826	550.66	1.8710	17.450	0.036294	vapor
232.29	1.0000	0.43038	2.3235	2707.0	2939.3	7.9662	1.5104	1.9830	551.21	1.8574	17.492	0.036397	vapor
233.33	1.0000	0.42948	2.3284	2708.6	2941.4	7.9703	1.5109	1.9833	551.76	1.8441	17.535	0.036501	vapor
234.38	1.0000	0.42859	2.3333	2710.2	2943.5	7.9743	1.5113	1.9836	552.31	1.8308	17.578	0.036604	vapor
235.42	1.0000	0.42769	2.3381	2711.7	2945.5	7.9784	1.5118	1.9840	552.86	1.8178	17.621	0.036708	vapor
236.46	1.0000	0.42681	2.3430	2713.3	2947.6	7.9825	1.5122	1.9843	553.41	1.8048	17.663	0.036811	vapor
237.50	1.0000	0.42592	2.3478	2714.9	2949.7	7.9865	1.5127	1.9847	553.96	1.7920	17.706	0.036915	vapor
238.54	1.0000	0.42504	2.3527	2716.5	2951.7	7.9906	1.5131	1.9851	554.51	1.7794	17.749	0.037019	vapor
239.58	1.0000	0.42417	2.3576	2718.1	2953.8	7.9946	1.5136	1.9854	555.06	1.7669	17.792	0.037123	vapor
240.63	1.0000	0.42329	2.3624	2719.6	2955.9	7.9986	1.5141	1.9858	555.61	1.7545	17.834	0.037228	vapor
241.67	1.0000	0.42242	2.3673	2721.2	2957.9	8.0027	1.5145	1.9862	556.15	1.7423	17.877	0.037332	vapor
242.71	1.0000	0.42156	2.3721	2722.8	2960.0	8.0067	1.5150	1.9866	556.70	1.7301	17.920	0.037437	vapor
243.75	1.0000	0.42070	2.3770	2724.4	2962.1	8.0107	1.5155	1.9869	557.24	1.7182	17.963	0.037542	vapor
244.79	1.0000	0.41984	2.3819	2726.0	2964.2	8.0147	1.5160	1.9873	557.79	1.7063	18.006	0.037647	vapor
245.83	1.0000	0.41898	2.3867	2727.6	2966.2	8.0187	1.5165	1.9877	558.33	1.6946	18.049	0.037752	vapor
246.88	1.0000	0.41813	2.3916	2729.1	2968.3	8.0227	1.5169	1.9881	558.87	1.6830	18.091	0.037857	vapor
247.92	1.0000	0.41729	2.3964	2730.7	2970.4	8.0266	1.5174	1.9885	559.41	1.6715	18.134	0.037963	vapor
248.96	1.0000	0.41644	2.4013	2732.3	2972.4	8.0306	1.5179	1.9889	559.96	1.6601	18.177	0.038069	vapor
250.00	1.0000	0.41560	2.4062	2733.9	2974.5	8.0346	1.5184	1.9893	560.50	1.6488	18.220	0.038174	vapor
251.04	1.0000	0.41476	2.4110	2735.5	2976.6	8.0385	1.5189	1.9898	561.04	1.6377	18.263	0.038280	vapor
252.08	1.0000	0.41393	2.4159	2737.1	2978.7	8.0425	1.5194	1.9902	561.57	1.6267	18.306	0.038387	vapor
253.13	1.0000	0.41310	2.4207	2738.7	2980.7	8.0464	1.5199	1.9906	562.11	1.6158	18.349	0.038493	vapor
254.17	1.0000	0.41227	2.4256	2740.2	2982.8	8.0504	1.5204	1.9910	562.65	1.6050	18.392	0.038599	vapor
255.21	1.0000	0.41145	2.4304	2741.8	2984.9	8.0543	1.5209	1.9914	563.19	1.5943	18.435	0.038706	vapor
256.25	1.0000	0.41063	2.4353	2743.4	2987.0	8.0582	1.5214	1.9919	563.72	1.5837	18.478	0.038812	vapor
257.29	1.0000	0.40981	2.4401	2745.0	2989.0	8.0621	1.5219	1.9923	564.26	1.5733	18.521	0.038919	vapor
258.33	1.0000	0.40900	2.4450	2746.6	2991.1	8.0660	1.5224	1.9927	564.79	1.5629	18.564	0.039026	vapor
259.38	1.0000	0.40819	2.4498	2748.2	2993.2	8.0699	1.5230	1.9932	565.33	1.5527	18.607	0.039134	vapor
260.42	1.0000	0.40738	2.4547	2749.8	2995.3	8.0738	1.5235	1.9936	565.86	1.5425	18.650	0.039241	vapor
261.46	1.0000	0.40658	2.4595	2751.4	2997.3	8.0777	1.5240	1.9941	566.39	1.5324	18.693	0.039348	vapor
262.50	1.0000	0.40578	2.4644	2753.0	2999.4	8.0816	1.5245	1.9945	566.93	1.5225	18.736	0.039456	vapor
263.54	1.0000	0.40498	2.4693	2754.6	3001.5	8.0855	1.5250	1.9950	567.46	1.5126	18.779	0.039564	vapor
264.58	1.0000	0.40419	2.4741	2756.2	3003.6	8.0894	1.5256	1.9954	567.99	1.5029	18.822	0.039672	vapor
265.63	1.0000	0.40340	2.4790	2757.8	3005.6	8.0932	1.5261	1.9959	568.52	1.4932	18.865	0.039780	vapor
266.67	1.0000	0.40261	2.4838	2759.3	3007.7	8.0971	1.5266	1.9964	569.05	1.4836	18.908	0.039888	vapor
267.71	1.0000	0.40182	2.4887	2760.9	3009.8	8.1009	1.5272	1.9968	569.58	1.4742	18.951	0.039996	vapor
268.75	1.0000	0.40104	2.4935	2762.5	3011.9	8.1048	1.5277	1.9973	570.11	1.4648	18.994	0.040105	vapor
269.79	1.0000	0.40026	2.4984	2764.1	3014.0	8.1086	1.5282	1.9978	570.63	1.4555	19.037	0.040213	vapor
270.83	1.0000	0.39949	2.5032	2765.7	3016.0	8.1124	1.5288	1.9982	571.16	1.4463	19.080	0.040322	vapor
271.88	1.0000	0.39872	2.5080	2767.3	3018.1	8.1163	1.5293	1.9987	571.69	1.4372	19.123	0.040431	vapor
272.92	1.0000	0.39795	2.5129	2768.9	3020.2	8.1201	1.5298	1.9992	572.21	1.4282	19.167	0.040540	vapor
273.96	1.0000	0.39718	2.5177	2770.5	3022.3	8.1239	1.5304	1.9997	572.74	1.4192	19.210	0.040649	vapor
275.00	1.0000	0.39642	2.5226	2772.1	3024.4	8.1277	1.5309	2.0001	573.26	1.4104	19.253	0.040759	vapor
276.04	1.0000	0.39566	2.5274	2773.7	3026.5	8.1315	1.5315	2.0006	573.78	1.4016	19.296	0.040868	vapor
277.08	1.0000	0.39490	2.5323	2775.3	3028.5	8.1353	1.5320	2.0011	574.31	1.3929	19.339	0.040978	vapor
278.13	1.0000	0.39415	2.5371	2776.9	3030.6	8.1391	1.5326	2.0016	574.83	1.3843	19.382	0.041087	vapor
279.17	1.0000	0.39339	2.5420	2778.5	3032.7	8.1428	1.5331	2.0021	575.35	1.3758	19.425	0.041197	vapor
280.21	1.0000	0.39265	2.5468	2780.1	3034.8	8.1466	1.5337	2.0026	575.87	1.3673	19.469	0.041307	vapor
281.25	1.0000	0.39190	2.5517	2781.7	3036.9	8.1504	1.5342	2.0031	576.39	1.3589	19.512	0.041418	vapor
282.29	1.0000	0.39116	2.5565	2783.3	3039.0	8.1541	1.5348	2.0036	576.91	1.3507	19.555	0.041528	vapor
283.33	1.0000	0.39042	2.5614	2784.9	3041.1	8.1579	1.5354	2.0041	577.43	1.3424	19.598	0.041638	vapor
284.38	1.0000	0.38968	2.5662	2786.5	3043.2	8.1616	1.5359	2.0046	577.95	1.3343	19.641	0.041749	vapor
285.42	1.0000	0.38895	2.5711	2788.1	3045.2	8.1654	1.5365	2.0051	578.47	1.3262	19.685	0.041860	vapor
286.46	1.0000	0.38821	2.5759	2789.7	3047.3	8.1691	1.5371	2.0056	578.99	1.3182	19.728	0.041970	vapor
287.50	1.0000	0.38749	2.5807	2791.3	3049.4	8.1729	1.5376	2.0061	579.50	1.3103	19.771	0.042081	vapor
288.54	1.0000	0.38676	2.5856	2792.9	3051.5	8.1766	1.5382	2.0066	580.02	1.3025	19.814	0.042192	vapor
289.58	1.0000	0.38604	2.5904	2794.6	3053.6	8.1803	1.5388	2.0072	580.54	1.2947	19.858	0.042304	vapor
290.63	1.0000	0.38532	2.5953	2796.2	3055.7	8.1840	1.5393	2.0077	581.05	1.2870	19.901	0.042415	vapor
291.67	1.0000	0.38460	2.6001	2797.8	3057.8	8.1877	1.5399	2.0082	581.57	1.2794	19.944	0.042527	vapor
292.71	1.0000	0.38388	2.6050	2799.4	3059.9	8.1914	1.5405	2.0087	582.08	1.2718	19.987	0.042638	vapor
293.75	1.0000	0.38317	2.6098	2801.0	3062.0	8.1951	1.5410	2.0092	582.59	1.2643	20.030	0.042750	vapor
294.79	1.0000	0.38246	2.6146	2802.6	3064.1	8.1988	1.5416	2.0098	583.11	1.2569	20.074	0.042862	vapor
295.83	1.0000	0.38176	2.6195	2804.2	3066.2	8.2025	1.5422	2.0103	583.62	1.2495	20.117	0.042974	vapor
296.88	1.0000	0.38105	2.6243	2805.8	3068.2	8.2062	1.5428	2.0108	584.13	1.2422	20.160	0.043086	vapor
297.92	1.0000	0.38035	2.6292	2807.4	3070.3	8.2098	1.5434	2.0113	584.64	1.2349	20.204	0.043198	vapor
298.96	1.0000	0.37965	2.6340	2809.0	3072.4	8.2135	1.5439	2.0119	585.15	1.2278	20.247	0.043311	vapor
300.00	1.0000	0.37895	2.6388	2810.6	3074.5	8.2172	1.5445	2.0124	585.66	1.2207	20.290	0.043423	vapor
301.04	1.0000	0.37826	2.6437	2812.3	3076.6	8.2208	1.5451	2.0130	586.17	1.2136	20.333	0.043536	vapor
302.08	1.0000	0.37757	2.6485	2813.9	3078.7	8.2245	1.5457	2.0135	586.68	1.2066	20.377	0.043649	vapor
303.13	1.0000	0.37688	2.6534	2815.5	3080.8	8.2281	1.5463	2.0140	587.19	1.1997	20.420	0.043762	vapor
304.17	1.0000	0.37619	2.6582	2817.1	3082.9	8.2317	1.5469	2.0146	587.69	1.1928	20.463	0.043875	vapor
305.21	1.0000	0.37551	2.6630	2818.7	3085.0	8.2354	1.5475	2.0151	588.20	1.1860	20.507	0.043988	vapor
306.25	1.0000	0.37483	2.6679	2820.3	3087.1	8.2390	1.5480	2.0157	588.71	1.1792	20.550	0.044101	vapor
307.29	1.0000	0.37415	2.6727	2821.9	3089.2	8.2426	1.5486	2.0162	589.21	1.1726	20.593	0.044215	vapor
308.33	1.0000	0.37347	2.6776	2823.6	3091.3	8.2462	1.5492	2.0168	589.72	1.1659	20.637	0.044328	vapor
309.38	1.0000	0.37280	2.6824	2825.2	3093.4	8.2498	1.5498	2.0173	590.22	1.1593	20.680	0.044442	vapor
310.42	1.0000	0.37213	2.6872	2826.8	3095.5	8.2535	1.5504	2.0179	590.73	1.1528	20.723	0.044555	vapor
311.46	1.0000	0.37146	2.6921	2828.4	3097.6	8.2570	1.5510	2.0184	591.23	1.1463	20.766	0.044669	vapor
312.50	1.0000	0.37079	2.6969	2830.0	3099.7	8.2606	1.5516	2.0190	591.73	1.1399	20.810	0.044783	vapor
313.54	1.0000	0.37013	2.7018	2831.7	3101.8	8.2642	1.5522	2.0195	592.24	1.1336	20.853	0.044898	vapor
314.58	1.0000	0.36947	2.7066	2833.3	3103.9	8.2678	1.5528	2.0201	592.74	1.1272	20.896	0.045012	vapor
315.63	1.0000	0.36881	2.7114	2834.9	3106.0	8.2714	1.5534	2.0206	593.24	1.1210	20.940	0.045126	vapor
316.67	1.0000	0.36815	2.7163	2836.5	3108.1	8.2750	1.5540	2.0212	593.74	1.1148	20.983	0.045241	vapor
317.71	1.0000	0.36750	2.7211	2838.1	3110.3	8.2785	1.5546	2.0218	594.24	1.1086	21.027	0.045355	vapor
318.75	1.0000	0.36685	2.7259	2839.8	3112.4	8.2821	1.5552	2.0223	594.74	1.1025	21.070	0.045470	vapor
319.79	1.0000	0.36620	2.7308	2841.4	3114.5	8.2856	1.5558	2.0229	595.24	1.0965	21.113	0.045585	vapor
320.83	1.0000	0.36555	2.7356	2843.0	3116.6	8.2892	1.5564	2.0235	595.74	1.0905	21.157	0.045700	vapor
321.88	1.0000	0.36490	2.7404	2844.6	3118.7	8.2927	1.5570	2.0240	596.23	1.0845	21.200	0.045815	vapor
322.92	1.0000	0.36426	2.7453	2846.3	3120.8	8.2963	1.5576	2.0246	596.73	1.0786	21.243	0.045930	vapor
323.96	1.0000	0.36362	2.7501	2847.9	3122.9	8.2998	1.5583	2.0252	597.23	1.0727	21.287	0.046046	vapor
325.00	1.0000	0.36298	2.7550	2849.5	3125.0	8.3034	1.5589	2.0257	597.73	1.0669	21.330	0.046161	vapor
326.04	1.0000	0.36235	2.7598	2851.1	3127.1	8.3069	1.5595	2.0263	598.22	1.0612	21.373	0.046277	vapor
327.08	1.0000	0.36171	2.7646	2852.8	3129.2	8.3104	1.5601	2.0269	598.72	1.0554	21.417	0.046392	vapor
328.13	1.0000	0.36108	2.7695	2854.4	3131.3	8.3139	1.5607	2.0275	599.21	1.0498	21.460	0.046508	vapor
329.17	1.0000	0.36045	2.7743	2856.0	3133.5	8.3174	1.5613	2.0281	599.71	1.0441	21.503	0.046624	vapor
330.21	1.0000	0.35983	2.7791	2857.7	3135.6	8.3209	1.5619	2.0286	600.20	1.0386	21.547	0.046740	vapor
331.25	1.0000	0.35920	2.7840	2859.3	3137.7	8.3244	1.5625	2.0292	600.69	1.0330	21.590	0.046856	vapor
332.29	1.0000	0.35858	2.7888	2860.9	3139.8	8.3279	1.5632	2.0298	601.19	1.0275	21.634	0.046973	vapor
333.33	1.0000	0.35796	2.7936	2862.5	3141.9	8.3314	1.5638	2.0304	601.68	1.0221	21.677	0.047089	vapor
334.38	1.0000	0.35734	2.7985	2864.2	3144.0	8.3349	1.5644	2.0310	602.17	1.0167	21.720	0.047206	vapor
335.42	1.0000	0.35672	2.8033	2865.8	3146.1	8.3384	1.5650	2.0315	602.66	1.0113	21.764	0.047322	vapor
336.46	1.0000	0.35611	2.8081	2867.4	3148.3	8.3419	1.5656	2.0321	603.15	1.0060	21.807	0.047439	vapor
337.50	1.0000	0.35550	2.8130	2869.1	3150.4	8.3453	1.5663	2.0327	603.64	1.0007	21.850	0.047556	vapor
338.54	1.0000	0.35489	2.8178	2870.7	3152.5	8.3488	1.5669	2.0333	604.13	0.99544	21.894	0.047673	vapor
339.58	1.0000	0.35428	2.8226	2872.3	3154.6	8.3522	1.5675	2.0339	604.62	0.99024	21.937	0.047790	vapor
340.63	1.0000	0.35367	2.8275	2874.0	3156.7	8.3557	1.5681	2.0345	605.11	0.98508	21.981	0.047907	vapor
341.67	1.0000	0.35307	2.8323	2875.6	3158.8	8.3592	1.5688	2.0351	605.60	0.97996	22.024	0.048024	vapor
342.71	1.0000	0.35247	2.8371	2877.3	3161.0	8.3626	1.5694	2.0357	606.08	0.97487	22.067	0.048142	vapor
343.75	1.0000	0.35187	2.8420	2878.9	3163.1	8.3660	1.5700	2.0363	606.57	0.96983	22.111	0.048259	vapor
344.79	1.0000	0.35127	2.8468	2880.5	3165.2	8.3695	1.5706	2.0369	607.06	0.96482	22.154	0.048377	vapor
345.83	1.0000	0.35068	2.8516	2882.2	3167.3	8.3729	1.5713	2.0375	607.54	0.95986	22.197	0.048495	vapor
346.88	1.0000	0.35008	2.8565	2883.8	3169.5	8.3763	1.5719	2.0381	608.03	0.95493	22.241	0.048612	vapor
347.92	1.0000	0.34949	2.8613	2885.4	3171.6	8.3798	1.5725	2.0387	608.52	0.95004	22.284	0.048730	vapor
348.96	1.0000	0.34890	2.8661	2887.1	3173.7	8.3832	1.5732	2.0393	609.00	0.94518	22.328	0.048848	vapor
350.00	1.0000	0.34832	2.8710	2888.7	3175.8	8.3866	1.5738	2.0399	609.48	0.94036	22.371	0.048967	vapor
351.04	1.0000	0.34773	2.8758	2890.4	3178.0	8.3900	1.5744	2.0405	609.97	0.93558	22.414	0.049085	vapor
352.08	1.0000	0.34715	2.8806	2892.0	3180.1	8.3934	1.5751	2.0411	610.45	0.93083	22.458	0.049203	vapor
353.12	1.0000	0.34657	2.8854	2893.7	3182.2	8.3968	1.5757	2.0417	610.93	0.92612	22.501	0.049322	vapor
354.17	1.0000	0.34599	2.8903	2895.3	3184.3	8.4002	1.5763	2.0423	611.42	0.92145	22.544	0.049440	vapor
355.21	1.0000	0.34541	2.8951	2896.9	3186.5	8.4036	1.5770	2.0429	611.90	0.91680	22.588	0.049559	vapor
356.25	1.0000	0.34484	2.8999	2898.6	3188.6	8.4070	1.5776	2.0435	612.38	0.91220	22.631	0.049678	vapor
357.29	1.0000	0.34426	2.9048	2900.2	3190.7	8.4103	1.5782	2.0441	612.86	0.90762	22.674	0.049797	vapor
358.33	1.0000	0.34369	2.9096	2901.9	3192.8	8.4137	1.5789	2.0447	613.34	0.90308	22.718	0.049916	vapor
359.37	1.0000	0.34312	2.9144	2903.5	3195.0	8.4171	1.5795	2.0453	613.82	0.89858	22.761	0.050035	vapor
360.42	1.0000	0.34255	2.9193	2905.2	3197.1	8.4205	1.5801	2.0459	614.30	0.89410	22.805	0.050154	vapor
361.46	1.0000	0.34199	2.9241	2906.8	3199.2	8.4238	1.5808	2.0466	614.78	0.88966	22.848	0.050274	vapor
362.50	1.0000	0.34142	2.9289	2908.5	3201.4	8.4272	1.5814	2.0472	615.25	0.88525	22.891	0.050393	vapor
363.54	1.0000	0.34086	2.9337	2910.1	3203.5	8.4305	1.5821	2.0478	615.73	0.88088	22.935	0.050513	vapor
364.58	1.0000	0.34030	2.9386	2911.8	3205.6	8.4339	1.5827	2.0484	616.21	0.87653	22.978	0.050632	vapor
365.62	1.0000	0.33974	2.9434	2913.4	3207.8	8.4372	1.5834	2.0490	616.69	0.87222	23.021	0.050752	vapor
366.67	1.0000	0.33919	2.9482	2915.1	3209.9	8.4406	1.5840	2.0496	617.16	0.86794	23.065	0.050872	vapor
367.71	1.0000	0.33863	2.9531	2916.7	3212.0	8.4439	1.5846	2.0503	617.64	0.86369	23.108	0.050992	vapor
368.75	1.0000	0.33808	2.9579	2918.4	3214.2	8.4472	1.5853	2.0509	618.11	0.85946	23.151	0.051112	vapor
369.79	1.0000	0.33753	2.9627	2920.0	3216.3	8.4505	1.5859	2.0515	618.59	0.85527	23.195	0.051232	vapor
370.83	1.0000	0.33698	2.9675	2921.7	3218.5	8.4539	1.5866	2.0521	619.06	0.85111	23.238	0.051352	vapor
371.87	1.0000	0.33643	2.9724	2923.4	3220.6	8.4572	1.5872	2.0527	619.54	0.84698	23.281	0.051473	vapor
372.92	1.0000	0.33589	2.9772	2925.0	3222.7	8.4605	1.5879	2.0534	620.01	0.84288	23.325	0.051593	vapor
373.96	1.0000	0.33534	2.9820	2926.7	3224.9	8.4638	1.5885	2.0540	620.48	0.83880	23.368	0.051714	vapor
375.00	1.0000	0.33480	2.9869	2928.3	3227.0	8.4671	1.5892	2.0546	620.96	0.83476	23.412	0.051834	vapor
376.04	1.0000	0.33426	2.9917	2930.0	3229.1	8.4704	1.5898	2.0552	621.43	0.83074	23.455	0.051955	vapor
377.08	1.0000	0.33372	2.9965	2931.6	3231.3	8.4737	1.5905	2.0559	621.90	0.82675	23.498	0.052076	vapor
378.12	1.0000	0.33318	3.0013	2933.3	3233.4	8.4770	1.5911	2.0565	622.37	0.82279	23.542	0.052197	vapor
379.17	1.0000	0.33265	3.0062	2935.0	3235.6	8.4803	1.5918	2.0571	622.84	0.81886	23.585	0.052318	vapor
380.21	1.0000	0.33212	3.0110	2936.6	3237.7	8.4836	1.5924	2.0577	623.31	0.81496	23.628	0.052439	vapor
381.25	1.0000	0.33158	3.0158	2938.3	3239.9	8.4868	1.5931	2.0584	623.78	0.81108	23.671	0.052561	vapor
382.29	1.0000	0.33105	3.0206	2939.9	3242.0	8.4901	1.5937	2.0590	624.25	0.80723	23.715	0.052682	vapor
383.33	1.0000	0.33053	3.0255	2941.6	3244.1	8.4934	1.5944	2.0596	624.72	0.80340	23.758	0.052804	vapor
384.37	1.0000	0.33000	3.0303	2943.3	3246.3	8.4967	1.5950	2.0603	625.19	0.79960	23.801	0.052925	vapor
385.42	1.0000	0.32948	3.0351	2944.9	3248.4	8.4999	1.5957	2.0609	625.66	0.79583	23.845	0.053047	vapor
386.46	1.0000	0.32895	3.0400	2946.6	3250.6	8.5032	1.5964	2.0615	626.12	0.79208	23.888	0.053169	vapor
387.50	1.0000	0.32843	3.0448	2948.3	3252.7	8.5064	1.5970	2.0622	626.59	0.78836	23.931	0.053290	vapor
388.54	1.0000	0.32791	3.0496	2949.9	3254.9	8.5097	1.5977	2.0628	627.06	0.78467	23.975	0.053412	vapor
389.58	1.0000	0.32739	3.0544	2951.6	3257.0	8.5129	1.5983	2.0634	627.52	0.78099	24.018	0.053534	vapor
390.62	1.0000	0.32688	3.0593	2953.3	3259.2	8.5162	1.5990	2.0641	627.99	0.77735	24.061	0.053657	vapor
391.67	1.0000	0.32636	3.0641	2954.9	3261.3	8.5194	1.5996	2.0647	628.46	0.77373	24.104	0.053779	vapor
392.71	1.0000	0.32585	3.0689	2956.6	3263.5	8.5226	1.6003	2.0654	628.92	0.77013	24.148	0.053901	vapor
393.75	1.0000	0.32534	3.0737	2958.3	3265.6	8.5259	1.6010	2.0660	629.39	0.76656	24.191	0.054024	vapor
394.79	1.0000	0.32483	3.0786	2959.9	3267.8	8.5291	1.6016	2.0666	629.85	0.76301	24.234	0.054146	vapor
395.83	1.0000	0.32432	3.0834	2961.6	3269.9	8.5323	1.6023	2.0673	630.31	0.75948	24.278	0.054269	vapor
396.87	1.0000	0.32381	3.0882	2963.3	3272.1	8.5355	1.6029	2.0679	630.78	0.75598	24.321	0.054392	vapor
397.92	1.0000	0.32331	3.0930	2964.9	3274.3	8.5387	1.6036	2.0686	631.24	0.75251	24.364	0.054515	vapor
398.96	1.0000	0.32280	3.0979	2966.6	3276.4	8.5419	1.6043	2.0692	631.70	0.74905	24.407	0.054637	vapor
400.00	1.0000	0.32230	3.1027	2968.3	3278.6	8.5452	1.6049	2.0698	632.16	0.74562	24.451	0.054760	vapor
401.04	1.0000	0.32180	3.1075	2970.0	3280.7	8.5484	1.6056	2.0705	632.62	0.74221	24.494	0.054884	vapor
402.08	1.0000	0.32130	3.1123	2971.6	3282.9	8.5515	1.6063	2.0711	633.09	0.73882	24.537	0.055007	vapor
403.12	1.0000	0.32080	3.1172	2973.3	3285.0	8.5547	1.6069	2.0718	633.55	0.73546	24.580	0.055130	vapor
404.17	1.0000	0.32031	3.1220	2975.0	3287.2	8.5579	1.6076	2.0724	634.01	0.73212	24.624	0.055254	vapor
405.21	1.0000	0.31981	3.1268	2976.7	3289.4	8.5611	1.6083	2.0731	634.47	0.72879	24.667	0.055377	vapor
406.25	1.0000	0.31932	3.1316	2978.3	3291.5	8.5643	1.6089	2.0737	634.92	0.72550	24.710	0.055501	vapor
407.29	1.0000	0.31883	3.1365	2980.0	3293.7	8.5675	1.6096	2.0744	635.38	0.72222	24.753	0.055624	vapor
408.33	1.0000	0.31834	3.1413	2981.7	3295.8	8.5707	1.6103	2.0750	635.84	0.71896	24.797	0.055748	vapor
409.37	1.0000	0.31785	3.1461	2983.4	3298.0	8.5738	1.6109	2.0757	636.30	0.71573	24.840	0.055872	vapor
410.42	1.0000	0.31737	3.1509	2985.1	3300.2	8.5770	1.6116	2.0763	636.76	0.71251	24.883	0.055996	vapor
411.46	1.0000	0.31688	3.1558	2986.7	3302.3	8.5801	1.6123	2.0770	637.21	0.70932	24.926	0.056120	vapor
412.50	1.0000	0.31640	3.1606	2988.4	3304.5	8.5833	1.6129	2.0776	637.67	0.70615	24.969	0.056244	vapor
413.54	1.0000	0.31591	3.1654	2990.1	3306.6	8.5865	1.6136	2.0783	638.13	0.70300	25.013	0.056368	vapor
414.58	1.0000	0.31543	3.1702	2991.8	3308.8	8.5896	1.6143	2.0789	638.58	0.69986	25.056	0.056493	vapor
415.62	1.0000	0.31495	3.1751	2993.5	3311.0	8.5928	1.6150	2.0796	639.04	0.69675	25.099	0.056617	vapor
416.67	1.0000	0.31448	3.1799	2995.2	3313.1	8.5959	1.6156	2.0802	639.49	0.69366	25.142	0.056742	vapor
417.71	1.0000	0.31400	3.1847	2996.8	3315.3	8.5990	1.6163	2.0809	639.95	0.69059	25.185	0.056866	vapor
418.75	1.0000	0.31353	3.1895	2998.5	3317.5	8.6022	1.6170	2.0816	640.40	0.68753	25.228	0.056991	vapor
419.79	1.0000	0.31305	3.1944	3000.2	3319.6	8.6053	1.6176	2.0822	640.86	0.68450	25.272	0.057116	vapor
420.83	1.0000	0.31258	3.1992	3001.9	3321.8	8.6084	1.6183	2.0829	641.31	0.68149	25.315	0.057241	vapor
421.87	1.0000	0.31211	3.2040	3003.6	3324.0	8.6116	1.6190	2.0835	641.76	0.67849	25.358	0.057366	vapor
422.92	1.0000	0.31164	3.2088	3005.3	3326.2	8.6147	1.6197	2.0842	642.22	0.67551	25.401	0.057491	vapor
423.96	1.0000	0.31117	3.2136	3007.0	3328.3	8.6178	1.6203	2.0848	642.67	0.67256	25.444	0.057616	vapor
425.00	1.0000	0.31071	3.2185	3008.7	3330.5	8.6209	1.6210	2.0855	643.12	0.66962	25.487	0.057741	vapor
426.04	1.0000	0.31024	3.2233	3010.3	3332.7	8.6240	1.6217	2.0862	643.57	0.66669	25.530	0.057866	vapor
427.08	1.0000	0.30978	3.2281	3012.0	3334.8	8.6271	1.6224	2.0868	644.02	0.66379	25.574	0.057992	vapor
428.12	1.0000	0.30932	3.2329	3013.7	3337.0	8.6302	1.6231	2.0875	644.47	0.66091	25.617	0.058117	vapor
429.17	1.0000	0.30886	3.2378	3015.4	3339.2	8.6333	1.6237	2.0882	644.92	0.65804	25.660	0.058243	vapor
430.21	1.0000	0.30840	3.2426	3017.1	3341.4	8.6364	1.6244	2.0888	645.37	0.65519	25.703	0.058368	vapor
431.25	1.0000	0.30794	3.2474	3018.8	3343.5	8.6395	1.6251	2.0895	645.82	0.65236	25.746	0.058494	vapor
432.29	1.0000	0.30748	3.2522	3020.5	3345.7	8.6426	1.6258	2.0901	646.27	0.64955	25.789	0.058620	vapor
433.33	1.0000	0.30703	3.2570	3022.2	3347.9	8.6457	1.6264	2.0908	646.72	0.64675	25.832	0.058746	vapor
434.37	1.0000	0.30657	3.2619	3023.9	3350.1	8.6488	1.6271	2.0915	647.17	0.64397	25.875	0.058872	vapor
435.42	1.0000	0.30612	3.2667	3025.6	3352.3	8.6518	1.6278	2.0921	647.61	0.64121	25.918	0.058998	vapor
436.46	1.0000	0.30567	3.2715	3027.3	3354.4	8.6549	1.6285	2.0928	648.06	0.63846	25.961	0.059124	vapor
437.50	1.0000	0.30522	3.2763	3029.0	3356.6	8.6580	1.6292	2.0935	648.51	0.63573	26.004	0.059251	vapor
438.54	1.0000	0.30477	3.2812	3030.7	3358.8	8.6611	1.6299	2.0941	648.96	0.63302	26.048	0.059377	vapor
439.58	1.0000	0.30432	3.2860	3032.4	3361.0	8.6641	1.6305	2.0948	649.40	0.63032	26.091	0.059503	vapor
440.62	1.0000	0.30388	3.2908	3034.1	3363.2	8.6672	1.6312	2.0955	649.85	0.62764	26.134	0.059630	vapor
441.67	1.0000	0.30343	3.2956	3035.8	3365.3	8.6702	1.6319	2.0961	650.29	0.62498	26.177	0.059757	vapor
442.71	1.0000	0.30299	3.3004	3037.5	3367.5	8.6733	1.6326	2.0968	650.74	0.62233	26.220	0.059883	vapor
443.75	1.0000	0.30255	3.3053	3039.2	3369.7	8.6763	1.6333	2.0975	651.18	0.61970	26.263	0.060010	vapor
444.79	1.0000	0.30211	3.3101	3040.9	3371.9	8.6794	1.6340	2.0982	651.63	0.61709	26.306	0.060137	vapor
445.83	1.0000	0.30167	3.3149	3042.6	3374.1	8.6824	1.6346	2.0988	652.07	0.61449	26.349	0.060264	vapor
446.87	1.0000	0.30123	3.3197	3044.3	3376.3	8.6855	1.6353	2.0995	652.51	0.61190	26.392	0.060391	vapor
447.92	1.0000	0.30079	3.3246	3046.0	3378.5	8.6885	1.6360	2.1002	652.96	0.60933	26.435	0.060518	vapor
448.96	1.0000	0.30036	3.3294	3047.7	3380.7	8.6915	1.6367	2.1008	653.40	0.60678	26.478	0.060645	vapor
450.00	1.0000	0.29992	3.3342	3049.4	3382.8	8.6946	1.6374	2.1015	653.84	0.60424	26.521	0.060773	vapor
451.04	1.0000	0.29949	3.3390	3051.1	3385.0	8.6976	1.6381	2.1022	654.28	0.60172	26.564	0.060900	vapor
452.08	1.0000	0.29906	3.3438	3052.8	3387.2	8.7006	1.6388	2.1029	654.73	0.59921	26.607	0.061028	vapor
453.12	1.0000	0.29863	3.3487	3054.5	3389.4	8.7036	1.6395	2.1035	655.17	0.59672	26.650	0.061155	vapor
454.17	1.0000	0.29820	3.3535	3056.3	3391.6	8.7066	1.6401	2.1042	655.61	0.59424	26.693	0.061283	vapor
455.21	1.0000	0.29777	3.3583	3058.0	3393.8	8.7097	1.6408	2.1049	656.05	0.59177	26.735	0.061411	vapor
456.25	1.0000	0.29734	3.3631	3059.7	3396.0	8.7127	1.6415	2.1056	656.49	0.58932	26.778	0.061538	vapor
457.29	1.0000	0.29692	3.3679	3061.4	3398.2	8.7157	1.6422	2.1063	656.93	0.58689	26.821	0.061666	vapor
458.33	1.0000	0.29649	3.3728	3063.1	3400.4	8.7187	1.6429	2.1069	657.37	0.58447	26.864	0.061794	vapor
459.37	1.0000	0.29607	3.3776	3064.8	3402.6	8.7217	1.6436	2.1076	657.81	0.58206	26.907	0.061922	vapor
460.42	1.0000	0.29565	3.3824	3066.5	3404.8	8.7247	1.6443	2.1083	658.24	0.57967	26.950	0.062050	vapor
461.46	1.0000	0.29523	3.3872	3068.2	3407.0	8.7277	1.6450	2.1090	658.68	0.57729	26.993	0.062179	vapor
462.50	1.0000	0.29481	3.3920	3070.0	3409.2	8.7307	1.6457	2.1096	659.12	0.57492	27.036	0.062307	vapor
463.54	1.0000	0.29439	3.3969	3071.7	3411.4	8.7336	1.6464	2.1103	659.56	0.57257	27.079	0.062435	vapor
464.58	1.0000	0.29397	3.4017	3073.4	3413.6	8.7366	1.6471	2.1110	659.99	0.57023	27.122	0.062564	vapor
465.62	1.0000	0.29356	3.4065	3075.1	3415.8	8.7396	1.6478	2.1117	660.43	0.56791	27.165	0.062692	vapor
466.67	1.0000	0.29314	3.4113	3076.8	3418.0	8.7426	1.6484	2.1124	660.87	0.56560	27.207	0.062821	vapor
467.71	1.0000	0.29273	3.4161	3078.5	3420.2	8.7455	1.6491	2.1131	661.30	0.56330	27.250	0.062950	vapor
468.75	1.0000	0.29232	3.4210	3080.3	3422.4	8.7485	1.6498	2.1137	661.74	0.56101	27.293	0.063078	vapor
469.79	1.0000	0.29190	3.4258	3082.0	3424.6	8.7515	1.6505	2.1144	662.17	0.55874	27.336	0.063207	vapor
470.83	1.0000	0.29149	3.4306	3083.7	3426.8	8.7544	1.6512	2.1151	662.61	0.55648	27.379	0.063336	vapor
471.87	1.0000	0.29109	3.4354	3085.4	3429.0	8.7574	1.6519	2.1158	663.04	0.55424	27.422	0.063465	vapor
472.92	1.0000	0.29068	3.4402	3087.1	3431.2	8.7604	1.6526	2.1165	663.48	0.55200	27.464	0.063594	vapor
473.96	1.0000	0.29027	3.4451	3088.9	3433.4	8.7633	1.6533	2.1172	663.91	0.54978	27.507	0.063724	vapor
475.00	1.0000	0.28987	3.4499	3090.6	3435.6	8.7663	1.6540	2.1178	664.34	0.54757	27.550	0.063853	vapor
476.04	1.0000	0.28946	3.4547	3092.3	3437.8	8.7692	1.6547	2.1185	664.78	0.54538	27.593	0.063982	vapor
477.08	1.0000	0.28906	3.4595	3094.0	3440.0	8.7722	1.6554	2.1192	665.21	0.54320	27.636	0.064112	vapor
478.12	1.0000	0.28866	3.4643	3095.8	3442.2	8.7751	1.6561	2.1199	665.64	0.54102	27.678	0.064241	vapor
479.17	1.0000	0.28825	3.4692	3097.5	3444.4	8.7780	1.6568	2.1206	666.07	0.53887	27.721	0.064371	vapor
480.21	1.0000	0.28785	3.4740	3099.2	3446.6	8.7810	1.6575	2.1213	666.50	0.53672	27.764	0.064500	vapor
481.25	1.0000	0.28746	3.4788	3101.0	3448.8	8.7839	1.6582	2.1220	666.94	0.53458	27.807	0.064630	vapor
482.29	1.0000	0.28706	3.4836	3102.7	3451.0	8.7868	1.6589	2.1227	667.37	0.53246	27.849	0.064760	vapor
483.33	1.0000	0.28666	3.4884	3104.4	3453.3	8.7898	1.6596	2.1233	667.80	0.53035	27.892	0.064890	vapor
484.37	1.0000	0.28627	3.4933	3106.1	3455.5	8.7927	1.6603	2.1240	668.23	0.52825	27.935	0.065020	vapor
485.42	1.0000	0.28587	3.4981	3107.9	3457.7	8.7956	1.6610	2.1247	668.66	0.52616	27.978	0.065150	vapor
486.46	1.0000	0.28548	3.5029	3109.6	3459.9	8.7985	1.6617	2.1254	669.09	0.52409	28.020	0.065280	vapor
487.50	1.0000	0.28509	3.5077	3111.3	3462.1	8.8014	1.6624	2.1261	669.51	0.52202	28.063	0.065410	vapor
488.54	1.0000	0.28470	3.5125	3113.1	3464.3	8.8043	1.6631	2.1268	669.94	0.51997	28.106	0.065541	vapor
489.58	1.0000	0.28431	3.5173	3114.8	3466.5	8.8072	1.6638	2.1275	670.37	0.51793	28.148	0.065671	vapor
490.62	1.0000	0.28392	3.5222	3116.5	3468.8	8.8101	1.6645	2.1282	670.80	0.51590	28.191	0.065801	vapor
491.67	1.0000	0.28353	3.5270	3118.3	3471.0	8.8130	1.6652	2.1289	671.23	0.51388	28.234	0.065932	vapor
492.71	1.0000	0.28314	3.5318	3120.0	3473.2	8.8159	1.6659	2.1296	671.65	0.51187	28.276	0.066063	vapor
493.75	1.0000	0.28276	3.5366	3121.7	3475.4	8.8188	1.6666	2.1303	672.08	0.50987	28.319	0.066193	vapor
494.79	1.0000	0.28237	3.5414	3123.5	3477.6	8.8217	1.6673	2.1310	672.51	0.50789	28.362	0.066324	vapor
495.83	1.0000	0.28199	3.5463	3125.2	3479.8	8.8246	1.6680	2.1317	672.93	0.50591	28.404	0.066455	vapor
496.87	1.0000	0.28160	3.5511	3127.0	3482.1	8.8275	1.6688	2.1324	673.36	0.50394	28.447	0.066586	vapor
497.92	1.0000	0.28122	3.5559	3128.7	3484.3	8.8304	1.6695	2.1330	673.79	0.50199	28.489	0.066717	vapor
498.96	1.0000	0.28084	3.5607	3130.4	3486.5	8.8333	1.6702	2.1337	674.21	0.50005	28.532	0.066848	vapor
500.00	1.0000	0.28046	3.5655	3132.2	3488.7	8.8361	1.6709	2.1344	674.64	0.49811	28.575	0.066979	vapor
501.04	1.0000	0.28008	3.5704	3133.9	3491.0	8.8390	1.6716	2.1351	675.06	0.49619	28.617	0.067110	vapor
502.08	1.0000	0.27971	3.5752	3135.7	3493.2	8.8419	1.6723	2.1358	675.48	0.49428	28.660	0.067241	vapor
503.12	1.0000	0.27933	3.5800	3137.4	3495.4	8.8448	1.6730	2.1365	675.91	0.49237	28.702	0.067373	vapor
504.17	1.0000	0.27896	3.5848	3139.2	3497.6	8.8476	1.6737	2.1372	676.33	0.49048	28.745	0.067504	vapor
505.21	1.0000	0.27858	3.5896	3140.9	3499.9	8.8505	1.6744	2.1379	676.75	0.48860	28.787	0.067636	vapor
506.25	1.0000	0.27821	3.5944	3142.6	3502.1	8.8534	1.6751	2.1386	677.18	0.48673	28.830	0.067767	vapor
507.29	1.0000	0.27783	3.5993	3144.4	3504.3	8.8562	1.6758	2.1393	677.60	0.48487	28.873	0.067899	vapor
508.33	1.0000	0.27746	3.6041	3146.1	3506.5	8.8591	1.6765	2.1400	678.02	0.48301	28.915	0.068031	vapor
509.37	1.0000	0.27709	3.6089	3147.9	3508.8	8.8619	1.6772	2.1407	678.44	0.48117	28.958	0.068162	vapor
510.42	1.0000	0.27672	3.6137	3149.6	3511.0	8.8648	1.6780	2.1414	678.87	0.47934	29.000	0.068294	vapor
511.46	1.0000	0.27636	3.6185	3151.4	3513.2	8.8676	1.6787	2.1421	679.29	0.47752	29.043	0.068426	vapor
512.50	1.0000	0.27599	3.6233	3153.1	3515.5	8.8704	1.6794	2.1428	679.71	0.47570	29.085	0.068558	vapor
513.54	1.0000	0.27562	3.6282	3154.9	3517.7	8.8733	1.6801	2.1435	680.13	0.47390	29.128	0.068690	vapor
514.58	1.0000	0.27526	3.6330	3156.6	3519.9	8.8761	1.6808	2.1442	680.55	0.47211	29.170	0.068823	vapor
515.62	1.0000	0.27489	3.6378	3158.4	3522.2	8.8790	1.6815	2.1449	680.97	0.47032	29.212	0.068955	vapor
516.67	1.0000	0.27453	3.6426	3160.1	3524.4	8.8818	1.6822	2.1456	681.39	0.46855	29.255	0.069087	vapor
517.71	1.0000	0.27417	3.6474	3161.9	3526.6	8.8846	1.6829	2.1463	681.81	0.46678	29.297	0.069220	vapor
518.75	1.0000	0.27380	3.6523	3163.6	3528.9	8.8874	1.6836	2.1470	682.22	0.46502	29.340	0.069352	vapor
519.79	1.0000	0.27344	3.6571	3165.4	3531.1	8.8903	1.6844	2.1478	682.64	0.46328	29.382	0.069485	vapor
520.83	1.0000	0.27308	3.6619	3167.2	3533.3	8.8931	1.6851	2.1485	683.06	0.46154	29.425	0.069617	vapor
521.87	1.0000	0.27272	3.6667	3168.9	3535.6	8.8959	1.6858	2.1492	683.48	0.45981	29.467	0.069750	vapor
522.92	1.0000	0.27237	3.6715	3170.7	3537.8	8.8987	1.6865	2.1499	683.90	0.45809	29.509	0.069883	vapor
523.96	1.0000	0.27201	3.6763	3172.4	3540.1	8.9015	1.6872	2.1506	684.31	0.45638	29.552	0.070015	vapor
525.00	1.0000	0.27165	3.6812	3174.2	3542.3	8.9043	1.6879	2.1513	684.73	0.45467	29.594	0.070148	vapor
526.04	1.0000	0.27130	3.6860	3175.9	3544.5	8.9071	1.6886	2.1520	685.15	0.45298	29.636	0.070281	vapor
527.08	1.0000	0.27094	3.6908	3177.7	3546.8	8.9099	1.6893	2.1527	685.56	0.45129	29.679	0.070414	vapor
528.12	1.0000	0.27059	3.6956	3179.5	3549.0	8.9127	1.6901	2.1534	685.98	0.44962	29.721	0.070547	vapor
529.17	1.0000	0.27024	3.7004	3181.2	3551.3	8.9155	1.6908	2.1541	686.39	0.44795	29.763	0.070681	vapor
530.21	1.0000	0.26989	3.7052	3183.0	3553.5	8.9183	1.6915	2.1548	686.81	0.44629	29.806	0.070814	vapor
531.25	1.0000	0.26954	3.7101	3184.8	3555.8	8.9211	1.6922	2.1555	687.22	0.44464	29.848	0.070947	vapor
532.29	1.0000	0.26919	3.7149	3186.5	3558.0	8.9239	1.6929	2.1562	687.64	0.44300	29.890	0.071081	vapor
533.33	1.0000	0.26884	3.7197	3188.3	3560.3	8.9267	1.6936	2.1569	688.05	0.44136	29.933	0.071214	vapor
534.37	1.0000	0.26849	3.7245	3190.1	3562.5	8.9295	1.6944	2.1576	688.47	0.43974	29.975	0.071348	vapor
535.42	1.0000	0.26815	3.7293	3191.8	3564.8	8.9323	1.6951	2.1584	688.88	0.43812	30.017	0.071481	vapor
536.46	1.0000	0.26780	3.7341	3193.6	3567.0	8.9351	1.6958	2.1591	689.29	0.43651	30.059	0.071615	vapor
537.50	1.0000	0.26745	3.7390	3195.4	3569.2	8.9378	1.6965	2.1598	689.71	0.43491	30.102	0.071749	vapor
538.54	1.0000	0.26711	3.7438	3197.1	3571.5	8.9406	1.6972	2.1605	690.12	0.43331	30.144	0.071882	vapor
539.58	1.0000	0.26677	3.7486	3198.9	3573.8	8.9434	1.6979	2.1612	690.53	0.43173	30.186	0.072016	vapor
540.62	1.0000	0.26642	3.7534	3200.7	3576.0	8.9461	1.6987	2.1619	690.94	0.43015	30.228	0.072150	vapor
541.67	1.0000	0.26608	3.7582	3202.4	3578.3	8.9489	1.6994	2.1626	691.36	0.42858	30.271	0.072284	vapor
542.71	1.0000	0.26574	3.7630	3204.2	3580.5	8.9517	1.7001	2.1633	691.77	0.42702	30.313	0.072418	vapor
543.75	1.0000	0.26540	3.7679	3206.0	3582.8	8.9544	1.7008	2.1640	692.18	0.42547	30.355	0.072553	vapor
544.79	1.0000	0.26506	3.7727	3207.7	3585.0	8.9572	1.7015	2.1647	692.59	0.42392	30.397	0.072687	vapor
545.83	1.0000	0.26473	3.7775	3209.5	3587.3	8.9600	1.7023	2.1655	693.00	0.42238	30.439	0.072821	vapor
546.87	1.0000	0.26439	3.7823	3211.3	3589.5	8.9627	1.7030	2.1662	693.41	0.42085	30.481	0.072955	vapor
547.92	1.0000	0.26405	3.7871	3213.1	3591.8	8.9655	1.7037	2.1669	693.82	0.41933	30.524	0.073090	vapor
548.96	1.0000	0.26372	3.7919	3214.8	3594.0	8.9682	1.7044	2.1676	694.23	0.41782	30.566	0.073224	vapor
550.00	1.0000	0.26338	3.7968	3216.6	3596.3	8.9709	1.7051	2.1683	694.64	0.41631	30.608	0.073359	vapor
551.04	1.0000	0.26305	3.8016	3218.4	3598.6	8.9737	1.7059	2.1690	695.05	0.41481	30.650	0.073494	vapor
552.08	1.0000	0.26272	3.8064	3220.2	3600.8	8.9764	1.7066	2.1697	695.46	0.41332	30.692	0.073628	vapor
553.12	1.0000	0.26238	3.8112	3222.0	3603.1	8.9792	1.7073	2.1705	695.86	0.41183	30.734	0.073763	vapor
554.17	1.0000	0.26205	3.8160	3223.7	3605.3	8.9819	1.7080	2.1712	696.27	0.41035	30.776	0.073898	vapor
555.21	1.0000	0.26172	3.8208	3225.5	3607.6	8.9846	1.7088	2.1719	696.68	0.40888	30.818	0.074033	vapor
556.25	1.0000	0.26139	3.8256	3227.3	3609.9	8.9874	1.7095	2.1726	697.09	0.40742	30.860	0.074168	vapor
557.29	1.0000	0.26106	3.8305	3229.1	3612.1	8.9901	1.7102	2.1733	697.49	0.40596	30.902	0.074303	vapor
558.33	1.0000	0.26074	3.8353	3230.9	3614.4	8.9928	1.7109	2.1740	697.90	0.40451	30.944	0.074438	vapor
559.37	1.0000	0.26041	3.8401	3232.6	3616.7	8.9955	1.7116	2.1747	698.31	0.40307	30.987	0.074573	vapor
560.42	1.0000	0.26008	3.8449	3234.4	3618.9	8.9983	1.7124	2.1755	698.71	0.40163	31.029	0.074708	vapor
561.46	1.0000	0.25976	3.8497	3236.2	3621.2	9.0010	1.7131	2.1762	699.12	0.40021	31.071	0.074844	vapor
562.50	1.0000	0.25943	3.8545	3238.0	3623.5	9.0037	1.7138	2.1769	699.53	0.39879	31.113	0.074979	vapor
563.54	1.0000	0.25911	3.8594	3239.8	3625.7	9.0064	1.7145	2.1776	699.93	0.39737	31.155	0.075115	vapor
564.58	1.0000	0.25879	3.8642	3241.6	3628.0	9.0091	1.7153	2.1783	700.34	0.39596	31.196	0.075250	vapor
565.62	1.0000	0.25847	3.8690	3243.4	3630.3	9.0118	1.7160	2.1791	700.74	0.39456	31.238	0.075386	vapor
566.67	1.0000	0.25814	3.8738	3245.2	3632.5	9.0145	1.7167	2.1798	701.15	0.39317	31.280	0.075521	vapor
567.71	1.0000	0.25782	3.8786	3246.9	3634.8	9.0172	1.7174	2.1805	701.55	0.39178	31.322	0.075657	vapor
568.75	1.0000	0.25750	3.8834	3248.7	3637.1	9.0199	1.7182	2.1812	701.95	0.39040	31.364	0.075793	vapor
569.79	1.0000	0.25719	3.8883	3250.5	3639.3	9.0226	1.7189	2.1819	702.36	0.38903	31.406	0.075929	vapor
570.83	1.0000	0.25687	3.8931	3252.3	3641.6	9.0253	1.7196	2.1826	702.76	0.38766	31.448	0.076065	vapor
571.87	1.0000	0.25655	3.8979	3254.1	3643.9	9.0280	1.7203	2.1834	703.16	0.38630	31.490	0.076201	vapor
572.92	1.0000	0.25623	3.9027	3255.9	3646.2	9.0307	1.7211	2.1841	703.57	0.38494	31.532	0.076337	vapor
573.96	1.0000	0.25592	3.9075	3257.7	3648.4	9.0334	1.7218	2.1848	703.97	0.38360	31.574	0.076473	vapor
575.00	1.0000	0.25560	3.9123	3259.5	3650.7	9.0361	1.7225	2.1855	704.37	0.38226	31.616	0.076609	vapor
576.04	1.0000	0.25529	3.9171	3261.3	3653.0	9.0388	1.7232	2.1862	704.77	0.38092	31.657	0.076745	vapor
577.08	1.0000	0.25497	3.9220	3263.1	3655.3	9.0414	1.7240	2.1870	705.17	0.37959	31.699	0.076881	vapor
578.12	1.0000	0.25466	3.9268	3264.9	3657.6	9.0441	1.7247	2.1877	705.57	0.37827	31.741	0.077018	vapor
579.17	1.0000	0.25435	3.9316	3266.7	3659.8	9.0468	1.7254	2.1884	705.98	0.37695	31.783	0.077154	vapor
580.21	1.0000	0.25404	3.9364	3268.5	3662.1	9.0495	1.7262	2.1891	706.38	0.37564	31.825	0.077291	vapor
581.25	1.0000	0.25373	3.9412	3270.3	3664.4	9.0521	1.7269	2.1899	706.78	0.37434	31.867	0.077427	vapor
582.29	1.0000	0.25342	3.9460	3272.1	3666.7	9.0548	1.7276	2.1906	707.18	0.37304	31.908	0.077564	vapor
583.33	1.0000	0.25311	3.9508	3273.9	3669.0	9.0575	1.7283	2.1913	707.58	0.37175	31.950	0.077701	vapor
584.37	1.0000	0.25280	3.9557	3275.7	3671.2	9.0601	1.7291	2.1920	707.98	0.37047	31.992	0.077837	vapor
585.42	1.0000	0.25249	3.9605	3277.5	3673.5	9.0628	1.7298	2.1927	708.37	0.36919	32.034	0.077974	vapor
586.46	1.0000	0.25219	3.9653	3279.3	3675.8	9.0655	1.7305	2.1935	708.77	0.36791	32.075	0.078111	vapor
587.50	1.0000	0.25188	3.9701	3281.1	3678.1	9.0681	1.7312	2.1942	709.17	0.36665	32.117	0.078248	vapor
588.54	1.0000	0.25158	3.9749	3282.9	3680.4	9.0708	1.7320	2.1949	709.57	0.36539	32.159	0.078385	vapor
589.58	1.0000	0.25127	3.9797	3284.7	3682.7	9.0734	1.7327	2.1956	709.97	0.36413	32.201	0.078522	vapor
590.62	1.0000	0.25097	3.9846	3286.5	3685.0	9.0761	1.7334	2.1964	710.37	0.36288	32.242	0.078659	vapor
591.67	1.0000	0.25067	3.9894	3288.3	3687.2	9.0787	1.7342	2.1971	710.76	0.36164	32.284	0.078796	vapor
592.71	1.0000	0.25036	3.9942	3290.1	3689.5	9.0814	1.7349	2.1978	711.16	0.36040	32.326	0.078933	vapor
593.75	1.0000	0.25006	3.9990	3291.9	3691.8	9.0840	1.7356	2.1985	711.56	0.35917	32.367	0.079071	vapor
594.79	1.0000	0.24976	4.0038	3293.7	3694.1	9.0867	1.7364	2.1993	711.95	0.35794	32.409	0.079208	vapor
595.83	1.0000	0.24946	4.0086	3295.5	3696.4	9.0893	1.7371	2.2000	712.35	0.35672	32.451	0.079346	vapor
596.87	1.0000	0.24916	4.0134	3297.4	3698.7	9.0919	1.7378	2.2007	712.75	0.35550	32.492	0.079483	vapor
597.92	1.0000	0.24886	4.0183	3299.2	3701.0	9.0946	1.7385	2.2014	713.14	0.35429	32.534	0.079621	vapor
598.96	1.0000	0.24857	4.0231	3301.0	3703.3	9.0972	1.7393	2.2022	713.54	0.35309	32.575	0.079758	vapor
600.00	1.0000	0.24827	4.0279	3302.8	3705.6	9.0998	1.7400	2.2029	713.93	0.35189	32.617	0.079896	vapor
601.04	1.0000	0.24797	4.0327	3304.6	3707.9	9.1024	1.7407	2.2036	714.33	0.35070	32.659	0.080034	vapor
602.08	1.0000	0.24768	4.0375	3306.4	3710.2	9.1051	1.7415	2.2043	714.72	0.34951	32.700	0.080171	vapor
603.12	1.0000	0.24738	4.0423	3308.2	3712.5	9.1077	1.7422	2.2051	715.12	0.34833	32.742	0.080309	vapor
604.17	1.0000	0.24709	4.0471	3310.0	3714.8	9.1103	1.7429	2.2058	715.51	0.34715	32.783	0.080447	vapor
605.21	1.0000	0.24679	4.0520	3311.9	3717.1	9.1129	1.7437	2.2065	715.91	0.34598	32.825	0.080585	vapor
606.25	1.0000	0.24650	4.0568	3313.7	3719.4	9.1155	1.7444	2.2072	716.30	0.34481	32.866	0.080723	vapor
607.29	1.0000	0.24621	4.0616	3315.5	3721.7	9.1182	1.7451	2.2080	716.69	0.34365	32.908	0.080861	vapor
608.33	1.0000	0.24592	4.0664	3317.3	3724.0	9.1208	1.7459	2.2087	717.09	0.34250	32.949	0.081000	vapor
609.37	1.0000	0.24563	4.0712	3319.1	3726.3	9.1234	1.7466	2.2094	717.48	0.34135	32.991	0.081138	vapor
610.42	1.0000	0.24534	4.0760	3321.0	3728.6	9.1260	1.7473	2.2101	717.87	0.34020	33.032	0.081276	vapor
611.46	1.0000	0.24505	4.0808	3322.8	3730.9	9.1286	1.7481	2.2109	718.26	0.33906	33.074	0.081414	vapor
612.50	1.0000	0.24476	4.0857	3324.6	3733.2	9.1312	1.7488	2.2116	718.65	0.33793	33.115	0.081553	vapor
613.54	1.0000	0.24447	4.0905	3326.4	3735.5	9.1338	1.7495	2.2123	719.05	0.33680	33.157	0.081691	vapor
614.58	1.0000	0.24418	4.0953	3328.2	3737.8	9.1364	1.7503	2.2131	719.44	0.33567	33.198	0.081830	vapor
615.62	1.0000	0.24390	4.1001	3330.1	3740.1	9.1390	1.7510	2.2138	719.83	0.33455	33.240	0.081968	vapor
616.67	1.0000	0.24361	4.1049	3331.9	3742.4	9.1416	1.7517	2.2145	720.22	0.33344	33.281	0.082107	vapor
617.71	1.0000	0.24333	4.1097	3333.7	3744.7	9.1442	1.7525	2.2152	720.61	0.33233	33.322	0.082246	vapor
618.75	1.0000	0.24304	4.1145	3335.5	3747.0	9.1468	1.7532	2.2160	721.00	0.33122	33.364	0.082385	vapor
619.79	1.0000	0.24276	4.1194	3337.4	3749.3	9.1493	1.7539	2.2167	721.39	0.33012	33.405	0.082523	vapor
620.83	1.0000	0.24247	4.1242	3339.2	3751.6	9.1519	1.7547	2.2174	721.78	0.32903	33.446	0.082662	vapor
621.87	1.0000	0.24219	4.1290	3341.0	3753.9	9.1545	1.7554	2.2182	722.17	0.32794	33.488	0.082801	vapor
622.92	1.0000	0.24191	4.1338	3342.9	3756.2	9.1571	1.7561	2.2189	722.56	0.32686	33.529	0.082940	vapor
623.96	1.0000	0.24163	4.1386	3344.7	3758.6	9.1597	1.7569	2.2196	722.95	0.32577	33.570	0.083079	vapor
625.00	1.0000	0.24135	4.1434	3346.5	3760.9	9.1623	1.7576	2.2203	723.34	0.32470	33.612	0.083218	vapor
626.04	1.0000	0.24107	4.1482	3348.4	3763.2	9.1648	1.7583	2.2211	723.73	0.32363	33.653	0.083358	vapor
627.08	1.0000	0.24079	4.1531	3350.2	3765.5	9.1674	1.7591	2.2218	724.11	0.32256	33.694	0.083497	vapor
628.12	1.0000	0.24051	4.1579	3352.0	3767.8	9.1700	1.7598	2.2225	724.50	0.32150	33.736	0.083636	vapor
629.17	1.0000	0.24023	4.1627	3353.9	3770.1	9.1725	1.7605	2.2233	724.89	0.32045	33.777	0.083775	vapor
630.21	1.0000	0.23995	4.1675	3355.7	3772.4	9.1751	1.7613	2.2240	725.28	0.31939	33.818	0.083915	vapor
631.25	1.0000	0.23968	4.1723	3357.5	3774.8	9.1777	1.7620	2.2247	725.66	0.31835	33.859	0.084054	vapor
632.29	1.0000	0.23940	4.1771	3359.4	3777.1	9.1802	1.7627	2.2255	726.05	0.31730	33.901	0.084194	vapor
633.33	1.0000	0.23912	4.1819	3361.2	3779.4	9.1828	1.7635	2.2262	726.44	0.31627	33.942	0.084333	vapor
634.37	1.0000	0.23885	4.1867	3363.0	3781.7	9.1853	1.7642	2.2269	726.82	0.31523	33.983	0.084473	vapor
635.42	1.0000	0.23857	4.1916	3364.9	3784.0	9.1879	1.7650	2.2277	727.21	0.31420	34.024	0.084613	vapor
636.46	1.0000	0.23830	4.1964	3366.7	3786.4	9.1904	1.7657	2.2284	727.60	0.31318	34.065	0.084753	vapor
637.50	1.0000	0.23803	4.2012	3368.6	3788.7	9.1930	1.7664	2.2291	727.98	0.31216	34.107	0.084892	vapor
638.54	1.0000	0.23776	4.2060	3370.4	3791.0	9.1955	1.7672	2.2298	728.37	0.31114	34.148	0.085032	vapor
639.58	1.0000	0.23748	4.2108	3372.2	3793.3	9.1981	1.7679	2.2306	728.75	0.31013	34.189	0.085172	vapor
640.62	1.0000	0.23721	4.2156	3374.1	3795.6	9.2006	1.7686	2.2313	729.14	0.30912	34.230	0.085312	vapor
641.67	1.0000	0.23694	4.2204	3375.9	3798.0	9.2032	1.7694	2.2320	729.52	0.30812	34.271	0.085452	vapor
642.71	1.0000	0.23667	4.2253	3377.8	3800.3	9.2057	1.7701	2.2328	729.91	0.30712	34.312	0.085592	vapor
643.75	1.0000	0.23640	4.2301	3379.6	3802.6	9.2083	1.7708	2.2335	730.29	0.30613	34.353	0.085732	vapor
644.79	1.0000	0.23613	4.2349	3381.5	3804.9	9.2108	1.7716	2.2342	730.67	0.30514	34.394	0.085873	vapor
645.83	1.0000	0.23587	4.2397	3383.3	3807.3	9.2133	1.7723	2.2350	731.06	0.30416	34.436	0.086013	vapor
646.87	1.0000	0.23560	4.2445	3385.2	3809.6	9.2159	1.7731	2.2357	731.44	0.30317	34.477	0.086153	vapor
647.92	1.0000	0.23533	4.2493	3387.0	3811.9	9.2184	1.7738	2.2364	731.82	0.30220	34.518	0.086294	vapor
648.96	1.0000	0.23507	4.2541	3388.9	3814.3	9.2209	1.7745	2.2372	732.21	0.30122	34.559	0.086434	vapor
650.00	1.0000	0.23480	4.2590	3390.7	3816.6	9.2234	1.7753	2.2379	732.59	0.30026	34.600	0.086575	vapor
