Temperature (C)	Pressure (bar)	Density (kg/m3)	Volume (m3/kg)	Internal Energy (kJ/kg)	Enthalpy (kJ/kg)	Entropy (J/g*K)	Cv (J/g*K)	Cp (J/g*K)	Sound Spd. (m/s)	Joule-Thomson (K/bar)	Viscosity (uPa*s)	Therm. Cond. (W/m*K)	Phase
25.000	10.000	997.45	0.0010026	104.75	105.75	0.36697	4.1345	4.1787	1498.2	-0.022144	889.87	0.60760	liquid
26.042	10.000	997.18	0.0010028	109.10	110.10	0.38154	4.1304	4.1784	1501.0	-0.022075	869.19	0.60937	liquid
27.083	10.000	996.90	0.0010031	113.45	114.46	0.39606	4.1263	4.1780	1503.6	-0.022006	849.27	0.61112	liquid
28.125	10.000	996.60	0.0010034	117.81	118.81	0.41053	4.1221	4.1778	1506.2	-0.021938	830.08	0.61285	liquid
29.167	10.000	996.30	0.0010037	122.16	123.16	0.42495	4.1178	4.1775	1508.7	-0.021871	811.58	0.61456	liquid
30.208	10.000	995.99	0.0010040	126.51	127.51	0.43932	4.1135	4.1773	1511.2	-0.021805	793.74	0.61624	liquid
31.250	10.000	995.66	0.0010044	130.86	131.86	0.45364	4.1092	4.1772	1513.5	-0.021738	776.53	0.61791	liquid
32.292	10.000	995.33	0.0010047	135.21	136.21	0.46791	4.1048	4.1771	1515.8	-0.021673	759.92	0.61956	liquid
33.333	10.000	994.99	0.0010050	139.56	140.57	0.48213	4.1003	4.1770	1518.0	-0.021608	743.87	0.62118	liquid
34.375	10.000	994.64	0.0010054	143.91	144.92	0.49630	4.0958	4.1770	1520.1	-0.021544	728.37	0.62278	liquid
35.417	10.000	994.29	0.0010057	148.26	149.27	0.51043	4.0913	4.1769	1522.2	-0.021480	713.39	0.62436	liquid
36.458	10.000	993.92	0.0010061	152.61	153.62	0.52451	4.0867	4.1770	1524.2	-0.021417	698.90	0.62592	liquid
37.500	10.000	993.54	0.0010065	156.96	157.97	0.53853	4.0821	4.1770	1526.1	-0.021354	684.88	0.62745	liquid
38.542	10.000	993.16	0.0010069	161.31	162.32	0.55252	4.0774	4.1771	1528.0	-0.021291	671.32	0.62896	liquid
39.583	10.000	992.77	0.0010073	165.66	166.67	0.56645	4.0727	4.1772	1529.8	-0.021229	658.18	0.63045	liquid
40.625	10.000	992.37	0.0010077	170.02	171.02	0.58034	4.0680	4.1773	1531.5	-0.021167	645.47	0.63191	liquid
41.667	10.000	991.96	0.0010081	174.37	175.37	0.59419	4.0632	4.1774	1533.2	-0.021106	633.14	0.63335	liquid
42.708	10.000	991.55	0.0010085	178.72	179.73	0.60799	4.0584	4.1776	1534.8	-0.021045	621.20	0.63477	liquid
43.750	10.000	991.12	0.0010090	183.07	184.08	0.62174	4.0536	4.1778	1536.3	-0.020985	609.62	0.63616	liquid
44.792	10.000	990.69	0.0010094	187.42	188.43	0.63545	4.0487	4.1780	1537.8	-0.020925	598.39	0.63753	liquid
45.833	10.000	990.25	0.0010098	191.77	192.78	0.64912	4.0438	4.1782	1539.2	-0.020865	587.50	0.63887	liquid
46.875	10.000	989.81	0.0010103	196.12	197.13	0.66274	4.0389	4.1784	1540.5	-0.020805	576.92	0.64019	liquid
47.917	10.000	989.35	0.0010108	200.48	201.49	0.67632	4.0339	4.1787	1541.8	-0.020746	566.66	0.64149	liquid
48.958	10.000	988.89	0.0010112	204.83	205.84	0.68986	4.0289	4.1790	1543.0	-0.020687	556.69	0.64276	liquid
50.000	10.000	988.43	0.0010117	209.18	210.19	0.70335	4.0239	4.1793	1544.2	-0.020628	547.00	0.64401	liquid
51.042	10.000	987.95	0.0010122	213.53	214.55	0.71680	4.0188	4.1796	1545.3	-0.020569	537.59	0.64524	liquid
52.083	10.000	987.47	0.0010127	217.89	218.90	0.73021	4.0138	4.1799	1546.4	-0.020511	528.45	0.64644	liquid
53.125	10.000	986.98	0.0010132	222.24	223.26	0.74358	4.0086	4.1803	1547.4	-0.020452	519.55	0.64762	liquid
54.167	10.000	986.49	0.0010137	226.60	227.61	0.75690	4.0035	4.1806	1548.3	-0.020394	510.91	0.64877	liquid
55.208	10.000	985.98	0.0010142	230.95	231.96	0.77019	3.9984	4.1810	1549.2	-0.020337	502.49	0.64990	liquid
56.250	10.000	985.48	0.0010147	235.31	236.32	0.78343	3.9932	4.1814	1550.0	-0.020279	494.31	0.65101	liquid
57.292	10.000	984.96	0.0010153	239.66	240.68	0.79663	3.9880	4.1818	1550.8	-0.020221	486.34	0.65210	liquid
58.333	10.000	984.44	0.0010158	244.02	245.03	0.80979	3.9828	4.1822	1551.6	-0.020164	478.59	0.65316	liquid
59.375	10.000	983.91	0.0010164	248.37	249.39	0.82292	3.9775	4.1827	1552.3	-0.020106	471.03	0.65420	liquid
60.417	10.000	983.37	0.0010169	252.73	253.75	0.83600	3.9723	4.1831	1552.9	-0.020049	463.68	0.65522	liquid
61.458	10.000	982.83	0.0010175	257.09	258.10	0.84904	3.9670	4.1836	1553.5	-0.019992	456.51	0.65621	liquid
62.500	10.000	982.28	0.0010180	261.44	262.46	0.86205	3.9617	4.1841	1554.0	-0.019935	449.53	0.65719	liquid
63.542	10.000	981.73	0.0010186	265.80	266.82	0.87501	3.9564	4.1846	1554.5	-0.019878	442.72	0.65814	liquid
64.583	10.000	981.17	0.0010192	270.16	271.18	0.88794	3.9511	4.1851	1554.9	-0.019821	436.08	0.65907	liquid
65.625	10.000	980.60	0.0010198	274.52	275.54	0.90083	3.9458	4.1857	1555.3	-0.019764	429.61	0.65998	liquid
66.667	10.000	980.03	0.0010204	278.88	279.90	0.91368	3.9404	4.1862	1555.7	-0.019707	423.30	0.66087	liquid
67.708	10.000	979.45	0.0010210	283.24	284.26	0.92650	3.9351	4.1868	1556.0	-0.019650	417.14	0.66173	liquid
68.750	10.000	978.87	0.0010216	287.60	288.62	0.93927	3.9297	4.1874	1556.2	-0.019593	411.14	0.66258	liquid
69.792	10.000	978.28	0.0010222	291.96	292.98	0.95201	3.9243	4.1880	1556.4	-0.019536	405.27	0.66341	liquid
70.833	10.000	977.68	0.0010228	296.32	297.35	0.96471	3.9189	4.1886	1556.6	-0.019479	399.55	0.66421	liquid
71.875	10.000	977.08	0.0010235	300.69	301.71	0.97738	3.9135	4.1892	1556.7	-0.019422	393.96	0.66500	liquid
72.917	10.000	976.47	0.0010241	305.05	306.08	0.99001	3.9081	4.1899	1556.8	-0.019365	388.51	0.66576	liquid
73.958	10.000	975.86	0.0010247	309.42	310.44	1.0026	3.9027	4.1906	1556.8	-0.019308	383.18	0.66651	liquid
75.000	10.000	975.24	0.0010254	313.78	314.81	1.0152	3.8973	4.1912	1556.8	-0.019251	377.97	0.66724	liquid
76.042	10.000	974.62	0.0010260	318.15	319.17	1.0277	3.8918	4.1920	1556.8	-0.019194	372.88	0.66795	liquid
77.083	10.000	973.99	0.0010267	322.51	323.54	1.0402	3.8864	4.1927	1556.7	-0.019137	367.91	0.66864	liquid
78.125	10.000	973.35	0.0010274	326.88	327.91	1.0526	3.8810	4.1934	1556.6	-0.019079	363.06	0.66931	liquid
79.167	10.000	972.71	0.0010281	331.25	332.28	1.0650	3.8755	4.1942	1556.4	-0.019022	358.31	0.66996	liquid
80.208	10.000	972.06	0.0010287	335.62	336.64	1.0774	3.8701	4.1949	1556.2	-0.018964	353.66	0.67060	liquid
81.250	10.000	971.41	0.0010294	339.99	341.01	1.0898	3.8646	4.1957	1555.9	-0.018907	349.12	0.67122	liquid
82.292	10.000	970.75	0.0010301	344.36	345.39	1.1021	3.8592	4.1966	1555.6	-0.018849	344.68	0.67182	liquid
83.333	10.000	970.09	0.0010308	348.73	349.76	1.1144	3.8537	4.1974	1555.3	-0.018791	340.34	0.67240	liquid
84.375	10.000	969.42	0.0010315	353.10	354.13	1.1266	3.8483	4.1982	1554.9	-0.018732	336.09	0.67297	liquid
85.417	10.000	968.75	0.0010323	357.47	358.50	1.1388	3.8428	4.1991	1554.5	-0.018674	331.93	0.67352	liquid
86.458	10.000	968.07	0.0010330	361.85	362.88	1.1510	3.8373	4.2000	1554.1	-0.018616	327.86	0.67405	liquid
87.500	10.000	967.38	0.0010337	366.22	367.25	1.1632	3.8319	4.2009	1553.6	-0.018557	323.87	0.67457	liquid
88.542	10.000	966.69	0.0010345	370.60	371.63	1.1753	3.8264	4.2019	1553.1	-0.018498	319.97	0.67507	liquid
89.583	10.000	966.00	0.0010352	374.97	376.01	1.1874	3.8210	4.2028	1552.5	-0.018439	316.15	0.67555	liquid
90.625	10.000	965.30	0.0010359	379.35	380.39	1.1994	3.8156	4.2038	1551.9	-0.018379	312.41	0.67602	liquid
91.667	10.000	964.59	0.0010367	383.73	384.77	1.2114	3.8101	4.2048	1551.3	-0.018320	308.75	0.67648	liquid
92.708	10.000	963.88	0.0010375	388.11	389.15	1.2234	3.8047	4.2058	1550.7	-0.018260	305.16	0.67692	liquid
93.750	10.000	963.17	0.0010382	392.49	393.53	1.2354	3.7992	4.2069	1550.0	-0.018200	301.65	0.67734	liquid
94.792	10.000	962.45	0.0010390	396.87	397.91	1.2473	3.7938	4.2079	1549.2	-0.018140	298.20	0.67775	liquid
95.833	10.000	961.72	0.0010398	401.25	402.29	1.2592	3.7884	4.2090	1548.5	-0.018079	294.83	0.67814	liquid
96.875	10.000	960.99	0.0010406	405.64	406.68	1.2711	3.7830	4.2101	1547.7	-0.018019	291.52	0.67853	liquid
97.917	10.000	960.26	0.0010414	410.02	411.07	1.2829	3.7776	4.2113	1546.9	-0.017957	288.28	0.67889	liquid
98.958	10.000	959.52	0.0010422	414.41	415.45	1.2947	3.7722	4.2124	1546.0	-0.017896	285.10	0.67924	liquid
100.00	10.000	958.77	0.0010430	418.80	419.84	1.3065	3.7668	4.2136	1545.1	-0.017834	281.98	0.67958	liquid
101.04	10.000	958.02	0.0010438	423.19	424.23	1.3183	3.7614	4.2148	1544.2	-0.017772	278.93	0.67991	liquid
102.08	10.000	957.26	0.0010446	427.58	428.62	1.3300	3.7560	4.2160	1543.2	-0.017710	275.93	0.68022	liquid
103.13	10.000	956.50	0.0010455	431.97	433.01	1.3417	3.7506	4.2173	1542.2	-0.017647	272.99	0.68052	liquid
104.17	10.000	955.74	0.0010463	436.36	437.41	1.3533	3.7453	4.2186	1541.2	-0.017585	270.11	0.68081	liquid
105.21	10.000	954.97	0.0010472	440.76	441.80	1.3650	3.7399	4.2199	1540.1	-0.017521	267.28	0.68108	liquid
106.25	10.000	954.19	0.0010480	445.15	446.20	1.3766	3.7346	4.2212	1539.0	-0.017458	264.50	0.68134	liquid
107.29	10.000	953.41	0.0010489	449.55	450.60	1.3881	3.7293	4.2226	1537.9	-0.017394	261.78	0.68159	liquid
108.33	10.000	952.63	0.0010497	453.95	455.00	1.3997	3.7239	4.2240	1536.7	-0.017329	259.10	0.68182	liquid
109.38	10.000	951.84	0.0010506	458.35	459.40	1.4112	3.7186	4.2254	1535.6	-0.017265	256.48	0.68205	liquid
110.42	10.000	951.04	0.0010515	462.75	463.80	1.4227	3.7133	4.2268	1534.3	-0.017199	253.90	0.68226	liquid
111.46	10.000	950.24	0.0010524	467.15	468.20	1.4342	3.7081	4.2283	1533.1	-0.017134	251.37	0.68246	liquid
112.50	10.000	949.44	0.0010533	471.56	472.61	1.4456	3.7028	4.2298	1531.8	-0.017068	248.89	0.68265	liquid
113.54	10.000	948.63	0.0010542	475.96	477.02	1.4570	3.6975	4.2313	1530.5	-0.017002	246.45	0.68282	liquid
114.58	10.000	947.82	0.0010551	480.37	481.42	1.4684	3.6923	4.2329	1529.2	-0.016935	244.05	0.68299	liquid
115.63	10.000	947.00	0.0010560	484.78	485.83	1.4798	3.6870	4.2345	1527.8	-0.016868	241.70	0.68314	liquid
116.67	10.000	946.17	0.0010569	489.19	490.25	1.4911	3.6818	4.2361	1526.4	-0.016800	239.39	0.68328	liquid
117.71	10.000	945.35	0.0010578	493.60	494.66	1.5024	3.6766	4.2377	1525.0	-0.016732	237.12	0.68341	liquid
118.75	10.000	944.51	0.0010587	498.02	499.07	1.5137	3.6714	4.2394	1523.6	-0.016663	234.89	0.68353	liquid
119.79	10.000	943.68	0.0010597	502.43	503.49	1.5249	3.6662	4.2411	1522.1	-0.016594	232.70	0.68364	liquid
120.83	10.000	942.83	0.0010606	506.85	507.91	1.5362	3.6610	4.2429	1520.6	-0.016525	230.54	0.68374	liquid
121.88	10.000	941.99	0.0010616	511.27	512.33	1.5474	3.6559	4.2446	1519.0	-0.016455	228.42	0.68383	liquid
122.92	10.000	941.13	0.0010625	515.69	516.75	1.5585	3.6508	4.2464	1517.5	-0.016384	226.34	0.68390	liquid
123.96	10.000	940.28	0.0010635	520.11	521.18	1.5697	3.6456	4.2482	1515.9	-0.016313	224.30	0.68397	liquid
125.00	10.000	939.42	0.0010645	524.54	525.60	1.5808	3.6405	4.2501	1514.2	-0.016242	222.29	0.68403	liquid
126.04	10.000	938.55	0.0010655	528.97	530.03	1.5919	3.6354	4.2520	1512.6	-0.016170	220.31	0.68407	liquid
127.08	10.000	937.68	0.0010665	533.40	534.46	1.6030	3.6303	4.2539	1510.9	-0.016097	218.36	0.68411	liquid
128.13	10.000	936.80	0.0010675	537.83	538.89	1.6141	3.6253	4.2559	1509.2	-0.016024	216.45	0.68413	liquid
129.17	10.000	935.92	0.0010685	542.26	543.33	1.6251	3.6202	4.2579	1507.5	-0.015950	214.57	0.68415	liquid
130.21	10.000	935.04	0.0010695	546.70	547.76	1.6361	3.6152	4.2599	1505.7	-0.015876	212.72	0.68415	liquid
131.25	10.000	934.15	0.0010705	551.13	552.20	1.6471	3.6102	4.2620	1503.9	-0.015801	210.90	0.68415	liquid
132.29	10.000	933.25	0.0010715	555.57	556.64	1.6581	3.6052	4.2641	1502.1	-0.015726	209.11	0.68413	liquid
133.33	10.000	932.35	0.0010726	560.01	561.09	1.6690	3.6002	4.2662	1500.3	-0.015650	207.34	0.68410	liquid
134.38	10.000	931.45	0.0010736	564.46	565.53	1.6800	3.5952	4.2684	1498.4	-0.015573	205.61	0.68407	liquid
135.42	10.000	930.54	0.0010746	568.90	569.98	1.6909	3.5903	4.2706	1496.5	-0.015496	203.90	0.68402	liquid
136.46	10.000	929.62	0.0010757	573.35	574.43	1.7017	3.5853	4.2728	1494.6	-0.015418	202.22	0.68397	liquid
137.50	10.000	928.71	0.0010768	577.80	578.88	1.7126	3.5804	4.2751	1492.6	-0.015339	200.57	0.68391	liquid
138.54	10.000	927.78	0.0010778	582.26	583.34	1.7234	3.5755	4.2774	1490.7	-0.015260	198.94	0.68383	liquid
139.58	10.000	926.85	0.0010789	586.71	587.79	1.7342	3.5706	4.2797	1488.7	-0.015180	197.34	0.68375	liquid
140.63	10.000	925.92	0.0010800	591.17	592.25	1.7450	3.5658	4.2821	1486.7	-0.015099	195.76	0.68366	liquid
141.67	10.000	924.98	0.0010811	595.63	596.71	1.7558	3.5609	4.2845	1484.6	-0.015018	194.21	0.68355	liquid
142.71	10.000	924.04	0.0010822	600.10	601.18	1.7665	3.5561	4.2870	1482.5	-0.014936	192.68	0.68344	liquid
143.75	10.000	923.09	0.0010833	604.56	605.64	1.7773	3.5513	4.2895	1480.4	-0.014854	191.17	0.68332	liquid
144.79	10.000	922.14	0.0010844	609.03	610.11	1.7880	3.5465	4.2921	1478.3	-0.014770	189.69	0.68319	liquid
145.83	10.000	921.18	0.0010856	613.50	614.59	1.7987	3.5417	4.2946	1476.1	-0.014686	188.23	0.68305	liquid
146.88	10.000	920.22	0.0010867	617.97	619.06	1.8093	3.5369	4.2973	1474.0	-0.014601	186.79	0.68290	liquid
147.92	10.000	919.25	0.0010878	622.45	623.54	1.8200	3.5322	4.2999	1471.8	-0.014515	185.37	0.68274	liquid
148.96	10.000	918.28	0.0010890	626.93	628.02	1.8306	3.5275	4.3026	1469.5	-0.014429	183.97	0.68257	liquid
150.00	10.000	917.31	0.0010901	631.41	632.50	1.8412	3.5227	4.3054	1467.3	-0.014342	182.59	0.68240	liquid
151.04	10.000	916.32	0.0010913	635.90	636.99	1.8518	3.5180	4.3082	1465.0	-0.014254	181.24	0.68221	liquid
152.08	10.000	915.34	0.0010925	640.39	641.48	1.8624	3.5134	4.3110	1462.7	-0.014165	179.90	0.68201	liquid
153.13	10.000	914.35	0.0010937	644.88	645.97	1.8729	3.5087	4.3139	1460.4	-0.014075	178.58	0.68181	liquid
154.17	10.000	913.35	0.0010949	649.37	650.47	1.8835	3.5041	4.3168	1458.0	-0.013985	177.28	0.68160	liquid
155.21	10.000	912.35	0.0010961	653.87	654.96	1.8940	3.4995	4.3198	1455.6	-0.013893	176.00	0.68137	liquid
156.25	10.000	911.34	0.0010973	658.37	659.46	1.9045	3.4949	4.3228	1453.2	-0.013801	174.74	0.68114	liquid
157.29	10.000	910.33	0.0010985	662.87	663.97	1.9149	3.4903	4.3258	1450.8	-0.013708	173.49	0.68090	liquid
158.33	10.000	909.31	0.0010997	667.38	668.48	1.9254	3.4857	4.3289	1448.3	-0.013614	172.26	0.68065	liquid
159.38	10.000	908.29	0.0011010	671.89	672.99	1.9358	3.4812	4.3321	1445.8	-0.013519	171.05	0.68039	liquid
160.42	10.000	907.27	0.0011022	676.40	677.50	1.9463	3.4766	4.3353	1443.3	-0.013423	169.86	0.68012	liquid
161.46	10.000	906.24	0.0011035	680.92	682.02	1.9567	3.4721	4.3385	1440.8	-0.013326	168.68	0.67984	liquid
162.50	10.000	905.20	0.0011047	685.44	686.54	1.9671	3.4676	4.3418	1438.3	-0.013228	167.52	0.67955	liquid
163.54	10.000	904.16	0.0011060	689.96	691.07	1.9774	3.4632	4.3451	1435.7	-0.013129	166.37	0.67925	liquid
164.58	10.000	903.11	0.0011073	694.49	695.59	1.9878	3.4587	4.3485	1433.1	-0.013029	165.24	0.67895	liquid
165.63	10.000	902.06	0.0011086	699.02	700.12	1.9981	3.4543	4.3520	1430.4	-0.012928	164.13	0.67863	liquid
166.67	10.000	901.00	0.0011099	703.55	704.66	2.0085	3.4498	4.3555	1427.8	-0.012826	163.03	0.67831	liquid
167.71	10.000	899.94	0.0011112	708.09	709.20	2.0188	3.4454	4.3590	1425.1	-0.012723	161.94	0.67797	liquid
168.75	10.000	898.87	0.0011125	712.63	713.74	2.0291	3.4411	4.3626	1422.4	-0.012619	160.87	0.67763	liquid
169.79	10.000	897.80	0.0011138	717.17	718.29	2.0393	3.4367	4.3662	1419.7	-0.012514	159.81	0.67728	liquid
170.83	10.000	896.72	0.0011152	721.72	722.84	2.0496	3.4324	4.3700	1416.9	-0.012408	158.77	0.67691	liquid
171.88	10.000	895.64	0.0011165	726.27	727.39	2.0598	3.4280	4.3737	1414.2	-0.012300	157.74	0.67654	liquid
172.92	10.000	894.55	0.0011179	730.83	731.95	2.0701	3.4237	4.3775	1411.4	-0.012192	156.72	0.67616	liquid
173.96	10.000	893.45	0.0011193	735.39	736.51	2.0803	3.4194	4.3814	1408.6	-0.012082	155.72	0.67577	liquid
175.00	10.000	892.35	0.0011206	739.96	741.08	2.0905	3.4152	4.3853	1405.7	-0.011971	154.73	0.67537	liquid
176.04	10.000	891.25	0.0011220	744.53	745.65	2.1007	3.4109	4.3893	1402.8	-0.011859	153.75	0.67496	liquid
177.08	10.000	890.14	0.0011234	749.10	750.22	2.1108	3.4067	4.3933	1399.9	-0.011746	152.78	0.67454	liquid
178.13	10.000	889.02	0.0011248	753.68	754.80	2.1210	3.4025	4.3974	1397.0	-0.011631	151.82	0.67411	liquid
179.17	10.000	887.90	0.0011263	758.26	759.38	2.1311	3.3983	4.4016	1394.1	-0.011515	150.88	0.67368	liquid
179.88	10.000	887.13	0.0011272	761.39	762.52	2.1381	3.3954	4.4045	1392.0	-0.011435	150.24	0.67337	liquid
179.88	10.000	5.1450	0.19436	2582.7	2777.1	6.5850	1.9271	2.7114	501.02	2.9473	15.021	0.036427	vapor
180.21	10.000	5.1398	0.19456	2583.4	2778.0	6.5870	1.9217	2.7029	501.33	2.9364	15.036	0.036437	vapor
181.25	10.000	5.1232	0.19519	2585.6	2780.8	6.5932	1.9054	2.6778	502.30	2.9027	15.081	0.036466	vapor
182.29	10.000	5.1069	0.19581	2587.8	2783.6	6.5993	1.8906	2.6548	503.25	2.8702	15.126	0.036498	vapor
183.33	10.000	5.0908	0.19643	2589.9	2786.3	6.6053	1.8770	2.6335	504.18	2.8388	15.172	0.036530	vapor
184.38	10.000	5.0748	0.19705	2592.0	2789.1	6.6113	1.8646	2.6139	505.09	2.8084	15.217	0.036564	vapor
185.42	10.000	5.0591	0.19767	2594.1	2791.8	6.6172	1.8531	2.5957	505.98	2.7789	15.262	0.036599	vapor
186.46	10.000	5.0435	0.19828	2596.2	2794.5	6.6231	1.8425	2.5787	506.86	2.7503	15.307	0.036635	vapor
187.50	10.000	5.0280	0.19889	2598.3	2797.2	6.6289	1.8327	2.5628	507.73	2.7224	15.352	0.036673	vapor
188.54	10.000	5.0127	0.19949	2600.3	2799.8	6.6347	1.8235	2.5480	508.58	2.6954	15.398	0.036712	vapor
189.58	10.000	4.9976	0.20010	2602.4	2802.5	6.6404	1.8149	2.5340	509.42	2.6690	15.443	0.036752	vapor
190.63	10.000	4.9826	0.20070	2604.4	2805.1	6.6461	1.8069	2.5209	510.26	2.6432	15.488	0.036793	vapor
191.67	10.000	4.9678	0.20130	2606.4	2807.7	6.6517	1.7994	2.5084	511.08	2.6181	15.533	0.036835	vapor
192.71	10.000	4.9531	0.20189	2608.4	2810.3	6.6573	1.7923	2.4966	511.89	2.5935	15.578	0.036879	vapor
193.75	10.000	4.9385	0.20249	2610.4	2812.9	6.6629	1.7856	2.4854	512.70	2.5694	15.623	0.036923	vapor
194.79	10.000	4.9241	0.20308	2612.4	2815.5	6.6684	1.7793	2.4748	513.49	2.5458	15.668	0.036969	vapor
195.83	10.000	4.9098	0.20367	2614.4	2818.1	6.6739	1.7733	2.4646	514.28	2.5227	15.713	0.037015	vapor
196.88	10.000	4.8956	0.20426	2616.4	2820.6	6.6794	1.7676	2.4549	515.07	2.5001	15.759	0.037063	vapor
197.92	10.000	4.8816	0.20485	2618.3	2823.2	6.6848	1.7621	2.4456	515.84	2.4778	15.804	0.037111	vapor
198.96	10.000	4.8677	0.20544	2620.3	2825.7	6.6902	1.7570	2.4366	516.61	2.4559	15.849	0.037161	vapor
200.00	10.000	4.8539	0.20602	2622.2	2828.3	6.6955	1.7520	2.4281	517.38	2.4344	15.894	0.037211	vapor
201.04	10.000	4.8402	0.20660	2624.2	2830.8	6.7009	1.7472	2.4198	518.14	2.4133	15.939	0.037263	vapor
202.08	10.000	4.8266	0.20719	2626.1	2833.3	6.7062	1.7427	2.4118	518.89	2.3925	15.984	0.037315	vapor
203.13	10.000	4.8131	0.20777	2628.0	2835.8	6.7114	1.7383	2.4042	519.64	2.3720	16.029	0.037368	vapor
204.17	10.000	4.7997	0.20834	2630.0	2838.3	6.7167	1.7341	2.3967	520.39	2.3519	16.074	0.037423	vapor
205.21	10.000	4.7865	0.20892	2631.9	2840.8	6.7219	1.7300	2.3896	521.13	2.3320	16.119	0.037478	vapor
206.25	10.000	4.7733	0.20950	2633.8	2843.3	6.7271	1.7261	2.3826	521.87	2.3124	16.164	0.037534	vapor
207.29	10.000	4.7603	0.21007	2635.7	2845.8	6.7323	1.7224	2.3759	522.60	2.2932	16.209	0.037590	vapor
208.33	10.000	4.7473	0.21064	2637.6	2848.2	6.7374	1.7187	2.3694	523.33	2.2741	16.254	0.037648	vapor
209.38	10.000	4.7345	0.21122	2639.5	2850.7	6.7425	1.7152	2.3631	524.05	2.2554	16.298	0.037706	vapor
210.42	10.000	4.7217	0.21179	2641.4	2853.2	6.7476	1.7118	2.3570	524.78	2.2369	16.343	0.037766	vapor
211.46	10.000	4.7091	0.21236	2643.3	2855.6	6.7527	1.7085	2.3510	525.49	2.2186	16.388	0.037826	vapor
212.50	10.000	4.6965	0.21292	2645.1	2858.1	6.7577	1.7053	2.3452	526.21	2.2006	16.433	0.037887	vapor
213.54	10.000	4.6841	0.21349	2647.0	2860.5	6.7627	1.7022	2.3396	526.92	2.1828	16.478	0.037948	vapor
214.58	10.000	4.6717	0.21406	2648.9	2862.9	6.7677	1.6992	2.3341	527.63	2.1653	16.523	0.038011	vapor
215.63	10.000	4.6594	0.21462	2650.7	2865.4	6.7727	1.6963	2.3288	528.33	2.1479	16.568	0.038074	vapor
216.67	10.000	4.6472	0.21518	2652.6	2867.8	6.7777	1.6935	2.3236	529.03	2.1308	16.613	0.038138	vapor
217.71	10.000	4.6351	0.21575	2654.5	2870.2	6.7826	1.6908	2.3186	529.73	2.1139	16.658	0.038202	vapor
218.75	10.000	4.6230	0.21631	2656.3	2872.6	6.7875	1.6881	2.3137	530.43	2.0972	16.703	0.038268	vapor
219.79	10.000	4.6111	0.21687	2658.2	2875.0	6.7924	1.6856	2.3089	531.12	2.0807	16.747	0.038334	vapor
220.83	10.000	4.5992	0.21743	2660.0	2877.4	6.7973	1.6830	2.3042	531.81	2.0644	16.792	0.038400	vapor
221.88	10.000	4.5875	0.21799	2661.8	2879.8	6.8021	1.6806	2.2997	532.49	2.0484	16.837	0.038468	vapor
222.92	10.000	4.5758	0.21854	2663.7	2882.2	6.8069	1.6783	2.2953	533.18	2.0325	16.882	0.038536	vapor
223.96	10.000	4.5641	0.21910	2665.5	2884.6	6.8117	1.6760	2.2909	533.86	2.0167	16.927	0.038605	vapor
225.00	10.000	4.5526	0.21965	2667.3	2887.0	6.8165	1.6737	2.2867	534.54	2.0012	16.972	0.038674	vapor
226.04	10.000	4.5411	0.22021	2669.2	2889.4	6.8213	1.6716	2.2826	535.22	1.9859	17.016	0.038744	vapor
227.08	10.000	4.5297	0.22076	2671.0	2891.8	6.8261	1.6695	2.2786	535.89	1.9707	17.061	0.038815	vapor
228.13	10.000	4.5184	0.22132	2672.8	2894.1	6.8308	1.6674	2.2747	536.56	1.9557	17.106	0.038886	vapor
229.17	10.000	4.5072	0.22187	2674.6	2896.5	6.8355	1.6654	2.2708	537.23	1.9409	17.151	0.038958	vapor
230.21	10.000	4.4960	0.22242	2676.4	2898.9	6.8402	1.6635	2.2671	537.90	1.9263	17.196	0.039031	vapor
231.25	10.000	4.4849	0.22297	2678.2	2901.2	6.8449	1.6616	2.2635	538.56	1.9118	17.240	0.039104	vapor
232.29	10.000	4.4739	0.22352	2680.0	2903.6	6.8496	1.6598	2.2599	539.22	1.8975	17.285	0.039178	vapor
233.33	10.000	4.4630	0.22407	2681.9	2905.9	6.8542	1.6580	2.2564	539.88	1.8833	17.330	0.039252	vapor
234.38	10.000	4.4521	0.22461	2683.7	2908.3	6.8588	1.6563	2.2531	540.54	1.8694	17.375	0.039327	vapor
235.42	10.000	4.4413	0.22516	2685.5	2910.6	6.8635	1.6546	2.2497	541.19	1.8555	17.420	0.039403	vapor
236.46	10.000	4.4305	0.22571	2687.2	2913.0	6.8681	1.6529	2.2465	541.85	1.8419	17.464	0.039479	vapor
237.50	10.000	4.4198	0.22625	2689.0	2915.3	6.8726	1.6513	2.2433	542.50	1.8283	17.509	0.039555	vapor
238.54	10.000	4.4092	0.22680	2690.8	2917.6	6.8772	1.6498	2.2403	543.14	1.8150	17.554	0.039632	vapor
239.58	10.000	4.3986	0.22734	2692.6	2920.0	6.8818	1.6483	2.2372	543.79	1.8017	17.598	0.039710	vapor
240.63	10.000	4.3882	0.22789	2694.4	2922.3	6.8863	1.6468	2.2343	544.44	1.7887	17.643	0.039788	vapor
241.67	10.000	4.3777	0.22843	2696.2	2924.6	6.8908	1.6454	2.2314	545.08	1.7757	17.688	0.039867	vapor
242.71	10.000	4.3674	0.22897	2698.0	2926.9	6.8953	1.6440	2.2286	545.72	1.7630	17.733	0.039946	vapor
243.75	10.000	4.3571	0.22951	2699.7	2929.3	6.8998	1.6427	2.2259	546.36	1.7503	17.777	0.040026	vapor
244.79	10.000	4.3468	0.23005	2701.5	2931.6	6.9043	1.6414	2.2232	546.99	1.7378	17.822	0.040107	vapor
245.83	10.000	4.3366	0.23059	2703.3	2933.9	6.9088	1.6401	2.2205	547.63	1.7254	17.867	0.040187	vapor
246.88	10.000	4.3265	0.23113	2705.1	2936.2	6.9132	1.6389	2.2180	548.26	1.7132	17.912	0.040269	vapor
247.92	10.000	4.3165	0.23167	2706.8	2938.5	6.9177	1.6377	2.2155	548.89	1.7011	17.956	0.040351	vapor
248.96	10.000	4.3065	0.23221	2708.6	2940.8	6.9221	1.6365	2.2130	549.52	1.6891	18.001	0.040433	vapor
250.00	10.000	4.2965	0.23275	2710.4	2943.1	6.9265	1.6354	2.2106	550.15	1.6773	18.046	0.040516	vapor
251.04	10.000	4.2866	0.23328	2712.1	2945.4	6.9309	1.6343	2.2083	550.77	1.6655	18.090	0.040599	vapor
252.08	10.000	4.2768	0.23382	2713.9	2947.7	6.9353	1.6333	2.2060	551.40	1.6539	18.135	0.040683	vapor
253.13	10.000	4.2670	0.23436	2715.7	2950.0	6.9396	1.6322	2.2038	552.02	1.6425	18.180	0.040767	vapor
254.17	10.000	4.2573	0.23489	2717.4	2952.3	6.9440	1.6312	2.2016	552.64	1.6311	18.224	0.040851	vapor
255.21	10.000	4.2476	0.23543	2719.2	2954.6	6.9483	1.6303	2.1995	553.26	1.6199	18.269	0.040936	vapor
256.25	10.000	4.2380	0.23596	2720.9	2956.9	6.9527	1.6293	2.1974	553.87	1.6088	18.314	0.041022	vapor
257.29	10.000	4.2284	0.23649	2722.7	2959.2	6.9570	1.6284	2.1954	554.49	1.5978	18.358	0.041108	vapor
258.33	10.000	4.2189	0.23703	2724.4	2961.5	6.9613	1.6275	2.1934	555.10	1.5869	18.403	0.041194	vapor
259.38	10.000	4.2095	0.23756	2726.2	2963.8	6.9656	1.6267	2.1914	555.71	1.5761	18.448	0.041281	vapor
260.42	10.000	4.2001	0.23809	2727.9	2966.0	6.9699	1.6258	2.1895	556.33	1.5655	18.492	0.041368	vapor
261.46	10.000	4.1907	0.23862	2729.7	2968.3	6.9741	1.6250	2.1877	556.93	1.5549	18.537	0.041456	vapor
262.50	10.000	4.1814	0.23915	2731.4	2970.6	6.9784	1.6243	2.1858	557.54	1.5445	18.581	0.041544	vapor
263.54	10.000	4.1722	0.23968	2733.2	2972.9	6.9826	1.6235	2.1841	558.15	1.5341	18.626	0.041633	vapor
264.58	10.000	4.1630	0.24021	2734.9	2975.1	6.9869	1.6228	2.1823	558.75	1.5239	18.671	0.041722	vapor
265.63	10.000	4.1538	0.24074	2736.7	2977.4	6.9911	1.6221	2.1806	559.35	1.5138	18.715	0.041811	vapor
266.67	10.000	4.1447	0.24127	2738.4	2979.7	6.9953	1.6214	2.1790	559.95	1.5038	18.760	0.041901	vapor
267.71	10.000	4.1356	0.24180	2740.2	2982.0	6.9995	1.6208	2.1774	560.55	1.4939	18.805	0.041991	vapor
268.75	10.000	4.1266	0.24233	2741.9	2984.2	7.0037	1.6201	2.1758	561.15	1.4841	18.849	0.042081	vapor
269.79	10.000	4.1177	0.24286	2743.6	2986.5	7.0079	1.6195	2.1743	561.75	1.4743	18.894	0.042172	vapor
270.83	10.000	4.1087	0.24338	2745.4	2988.8	7.0120	1.6189	2.1727	562.34	1.4647	18.938	0.042263	vapor
271.88	10.000	4.0999	0.24391	2747.1	2991.0	7.0162	1.6184	2.1713	562.94	1.4552	18.983	0.042355	vapor
272.92	10.000	4.0910	0.24444	2748.8	2993.3	7.0203	1.6178	2.1698	563.53	1.4458	19.027	0.042447	vapor
273.96	10.000	4.0822	0.24496	2750.6	2995.5	7.0245	1.6173	2.1684	564.12	1.4364	19.072	0.042539	vapor
275.00	10.000	4.0735	0.24549	2752.3	2997.8	7.0286	1.6168	2.1671	564.71	1.4272	19.117	0.042632	vapor
276.04	10.000	4.0648	0.24601	2754.0	3000.1	7.0327	1.6163	2.1657	565.30	1.4180	19.161	0.042725	vapor
277.08	10.000	4.0562	0.24654	2755.8	3002.3	7.0368	1.6158	2.1644	565.89	1.4090	19.206	0.042819	vapor
278.13	10.000	4.0476	0.24706	2757.5	3004.6	7.0409	1.6154	2.1631	566.47	1.4000	19.250	0.042912	vapor
279.17	10.000	4.0390	0.24759	2759.2	3006.8	7.0450	1.6149	2.1619	567.06	1.3911	19.295	0.043006	vapor
280.21	10.000	4.0305	0.24811	2761.0	3009.1	7.0490	1.6145	2.1607	567.64	1.3823	19.339	0.043101	vapor
281.25	10.000	4.0220	0.24863	2762.7	3011.3	7.0531	1.6141	2.1595	568.22	1.3736	19.384	0.043196	vapor
282.29	10.000	4.0136	0.24916	2764.4	3013.6	7.0572	1.6137	2.1583	568.80	1.3650	19.429	0.043291	vapor
283.33	10.000	4.0052	0.24968	2766.1	3015.8	7.0612	1.6134	2.1572	569.38	1.3564	19.473	0.043386	vapor
284.38	10.000	3.9968	0.25020	2767.9	3018.1	7.0652	1.6130	2.1561	569.96	1.3480	19.518	0.043482	vapor
285.42	10.000	3.9885	0.25072	2769.6	3020.3	7.0693	1.6127	2.1550	570.54	1.3396	19.562	0.043578	vapor
286.46	10.000	3.9802	0.25124	2771.3	3022.5	7.0733	1.6124	2.1540	571.11	1.3313	19.607	0.043675	vapor
287.50	10.000	3.9720	0.25176	2773.0	3024.8	7.0773	1.6121	2.1529	571.68	1.3231	19.651	0.043772	vapor
288.54	10.000	3.9638	0.25228	2774.7	3027.0	7.0813	1.6118	2.1519	572.26	1.3149	19.696	0.043869	vapor
289.58	10.000	3.9556	0.25280	2776.5	3029.3	7.0853	1.6115	2.1510	572.83	1.3069	19.740	0.043966	vapor
290.63	10.000	3.9475	0.25332	2778.2	3031.5	7.0892	1.6113	2.1500	573.40	1.2989	19.785	0.044064	vapor
291.67	10.000	3.9394	0.25384	2779.9	3033.8	7.0932	1.6111	2.1491	573.97	1.2909	19.829	0.044162	vapor
292.71	10.000	3.9314	0.25436	2781.6	3036.0	7.0972	1.6108	2.1482	574.54	1.2831	19.874	0.044260	vapor
293.75	10.000	3.9234	0.25488	2783.3	3038.2	7.1011	1.6106	2.1473	575.11	1.2753	19.918	0.044359	vapor
294.79	10.000	3.9154	0.25540	2785.1	3040.5	7.1050	1.6104	2.1465	575.67	1.2676	19.963	0.044458	vapor
295.83	10.000	3.9075	0.25592	2786.8	3042.7	7.1090	1.6102	2.1456	576.24	1.2600	20.007	0.044557	vapor
296.88	10.000	3.8996	0.25644	2788.5	3044.9	7.1129	1.6101	2.1448	576.80	1.2524	20.052	0.044657	vapor
297.92	10.000	3.8918	0.25695	2790.2	3047.2	7.1168	1.6099	2.1440	577.36	1.2450	20.096	0.044757	vapor
298.96	10.000	3.8839	0.25747	2791.9	3049.4	7.1207	1.6098	2.1432	577.92	1.2375	20.140	0.044857	vapor
300.00	10.000	3.8762	0.25799	2793.6	3051.6	7.1246	1.6096	2.1425	578.49	1.2302	20.185	0.044957	vapor
301.04	10.000	3.8684	0.25850	2795.4	3053.9	7.1285	1.6095	2.1418	579.04	1.2229	20.229	0.045058	vapor
302.08	10.000	3.8607	0.25902	2797.1	3056.1	7.1324	1.6094	2.1410	579.60	1.2157	20.274	0.045159	vapor
303.13	10.000	3.8530	0.25954	2798.8	3058.3	7.1363	1.6093	2.1404	580.16	1.2085	20.318	0.045260	vapor
304.17	10.000	3.8454	0.26005	2800.5	3060.6	7.1401	1.6092	2.1397	580.72	1.2014	20.363	0.045362	vapor
305.21	10.000	3.8378	0.26057	2802.2	3062.8	7.1440	1.6091	2.1390	581.27	1.1944	20.407	0.045464	vapor
306.25	10.000	3.8302	0.26108	2803.9	3065.0	7.1478	1.6091	2.1384	581.83	1.1874	20.452	0.045566	vapor
307.29	10.000	3.8227	0.26160	2805.6	3067.2	7.1517	1.6090	2.1378	582.38	1.1805	20.496	0.045668	vapor
308.33	10.000	3.8152	0.26211	2807.4	3069.5	7.1555	1.6090	2.1372	582.93	1.1737	20.540	0.045771	vapor
309.38	10.000	3.8077	0.26263	2809.1	3071.7	7.1593	1.6090	2.1366	583.48	1.1669	20.585	0.045873	vapor
310.42	10.000	3.8002	0.26314	2810.8	3073.9	7.1632	1.6089	2.1360	584.03	1.1602	20.629	0.045977	vapor
311.46	10.000	3.7928	0.26366	2812.5	3076.1	7.1670	1.6089	2.1355	584.58	1.1535	20.674	0.046080	vapor
312.50	10.000	3.7855	0.26417	2814.2	3078.4	7.1708	1.6089	2.1350	585.13	1.1469	20.718	0.046184	vapor
313.54	10.000	3.7781	0.26468	2815.9	3080.6	7.1746	1.6089	2.1344	585.68	1.1404	20.762	0.046287	vapor
314.58	10.000	3.7708	0.26519	2817.6	3082.8	7.1783	1.6090	2.1339	586.22	1.1339	20.807	0.046392	vapor
315.63	10.000	3.7635	0.26571	2819.3	3085.0	7.1821	1.6090	2.1335	586.77	1.1275	20.851	0.046496	vapor
316.67	10.000	3.7563	0.26622	2821.0	3087.3	7.1859	1.6090	2.1330	587.31	1.1211	20.895	0.046601	vapor
317.71	10.000	3.7491	0.26673	2822.7	3089.5	7.1897	1.6091	2.1325	587.86	1.1148	20.940	0.046706	vapor
318.75	10.000	3.7419	0.26724	2824.5	3091.7	7.1934	1.6091	2.1321	588.40	1.1085	20.984	0.046811	vapor
319.79	10.000	3.7347	0.26776	2826.2	3093.9	7.1972	1.6092	2.1317	588.94	1.1023	21.029	0.046916	vapor
320.83	10.000	3.7276	0.26827	2827.9	3096.1	7.2009	1.6093	2.1313	589.48	1.0961	21.073	0.047022	vapor
321.88	10.000	3.7205	0.26878	2829.6	3098.4	7.2046	1.6093	2.1309	590.02	1.0900	21.117	0.047127	vapor
322.92	10.000	3.7135	0.26929	2831.3	3100.6	7.2084	1.6094	2.1305	590.56	1.0839	21.162	0.047234	vapor
323.96	10.000	3.7064	0.26980	2833.0	3102.8	7.2121	1.6095	2.1301	591.10	1.0779	21.206	0.047340	vapor
325.00	10.000	3.6994	0.27031	2834.7	3105.0	7.2158	1.6096	2.1298	591.63	1.0720	21.250	0.047446	vapor
326.04	10.000	3.6925	0.27082	2836.4	3107.2	7.2195	1.6097	2.1294	592.17	1.0661	21.295	0.047553	vapor
327.08	10.000	3.6855	0.27133	2838.1	3109.5	7.2232	1.6099	2.1291	592.70	1.0602	21.339	0.047660	vapor
328.13	10.000	3.6786	0.27184	2839.8	3111.7	7.2269	1.6100	2.1288	593.24	1.0544	21.383	0.047767	vapor
329.17	10.000	3.6717	0.27235	2841.5	3113.9	7.2306	1.6101	2.1285	593.77	1.0486	21.427	0.047875	vapor
330.21	10.000	3.6649	0.27286	2843.2	3116.1	7.2342	1.6103	2.1282	594.30	1.0429	21.472	0.047982	vapor
331.25	10.000	3.6580	0.27337	2845.0	3118.3	7.2379	1.6104	2.1279	594.84	1.0373	21.516	0.048090	vapor
332.29	10.000	3.6512	0.27388	2846.7	3120.5	7.2416	1.6106	2.1276	595.37	1.0317	21.560	0.048198	vapor
333.33	10.000	3.6445	0.27439	2848.4	3122.8	7.2452	1.6108	2.1274	595.90	1.0261	21.605	0.048307	vapor
334.38	10.000	3.6377	0.27490	2850.1	3125.0	7.2489	1.6109	2.1272	596.43	1.0206	21.649	0.048415	vapor
335.42	10.000	3.6310	0.27541	2851.8	3127.2	7.2525	1.6111	2.1269	596.95	1.0151	21.693	0.048524	vapor
336.46	10.000	3.6243	0.27591	2853.5	3129.4	7.2562	1.6113	2.1267	597.48	1.0096	21.737	0.048633	vapor
337.50	10.000	3.6177	0.27642	2855.2	3131.6	7.2598	1.6115	2.1265	598.01	1.0042	21.782	0.048742	vapor
338.54	10.000	3.6110	0.27693	2856.9	3133.8	7.2634	1.6117	2.1263	598.53	0.99888	21.826	0.048851	vapor
339.58	10.000	3.6044	0.27744	2858.6	3136.0	7.2670	1.6119	2.1261	599.06	0.99358	21.870	0.048961	vapor
340.63	10.000	3.5978	0.27795	2860.3	3138.3	7.2707	1.6121	2.1259	599.58	0.98831	21.914	0.049071	vapor
341.67	10.000	3.5913	0.27845	2862.0	3140.5	7.2743	1.6123	2.1258	600.11	0.98309	21.959	0.049181	vapor
342.71	10.000	3.5848	0.27896	2863.7	3142.7	7.2779	1.6125	2.1256	600.63	0.97790	22.003	0.049291	vapor
343.75	10.000	3.5782	0.27947	2865.4	3144.9	7.2815	1.6128	2.1255	601.15	0.97276	22.047	0.049401	vapor
344.79	10.000	3.5718	0.27997	2867.1	3147.1	7.2850	1.6130	2.1253	601.67	0.96766	22.091	0.049512	vapor
345.83	10.000	3.5653	0.28048	2868.9	3149.3	7.2886	1.6132	2.1252	602.19	0.96260	22.135	0.049622	vapor
346.88	10.000	3.5589	0.28099	2870.6	3151.5	7.2922	1.6135	2.1251	602.71	0.95758	22.180	0.049733	vapor
347.92	10.000	3.5525	0.28149	2872.3	3153.8	7.2958	1.6138	2.1250	603.23	0.95260	22.224	0.049844	vapor
348.96	10.000	3.5461	0.28200	2874.0	3156.0	7.2993	1.6140	2.1249	603.75	0.94766	22.268	0.049956	vapor
350.00	10.000	3.5398	0.28250	2875.7	3158.2	7.3029	1.6143	2.1248	604.26	0.94276	22.312	0.050067	vapor
351.04	10.000	3.5335	0.28301	2877.4	3160.4	7.3064	1.6145	2.1247	604.78	0.93789	22.356	0.050179	vapor
352.08	10.000	3.5272	0.28351	2879.1	3162.6	7.3100	1.6148	2.1247	605.30	0.93306	22.400	0.050291	vapor
353.12	10.000	3.5209	0.28402	2880.8	3164.8	7.3135	1.6151	2.1246	605.81	0.92827	22.445	0.050403	vapor
354.17	10.000	3.5146	0.28453	2882.5	3167.0	7.3170	1.6154	2.1245	606.32	0.92352	22.489	0.050515	vapor
355.21	10.000	3.5084	0.28503	2884.2	3169.3	7.3206	1.6157	2.1245	606.84	0.91880	22.533	0.050628	vapor
356.25	10.000	3.5022	0.28554	2885.9	3171.5	7.3241	1.6160	2.1245	607.35	0.91412	22.577	0.050740	vapor
357.29	10.000	3.4960	0.28604	2887.6	3173.7	7.3276	1.6163	2.1244	607.86	0.90947	22.621	0.050853	vapor
358.33	10.000	3.4899	0.28654	2889.3	3175.9	7.3311	1.6166	2.1244	608.37	0.90486	22.665	0.050966	vapor
359.37	10.000	3.4837	0.28705	2891.1	3178.1	7.3346	1.6169	2.1244	608.88	0.90028	22.709	0.051079	vapor
360.42	10.000	3.4776	0.28755	2892.8	3180.3	7.3381	1.6172	2.1244	609.39	0.89574	22.753	0.051192	vapor
361.46	10.000	3.4715	0.28806	2894.5	3182.5	7.3416	1.6175	2.1244	609.90	0.89124	22.798	0.051306	vapor
362.50	10.000	3.4655	0.28856	2896.2	3184.7	7.3451	1.6178	2.1244	610.41	0.88676	22.842	0.051420	vapor
363.54	10.000	3.4594	0.28906	2897.9	3187.0	7.3485	1.6182	2.1245	610.92	0.88232	22.886	0.051533	vapor
364.58	10.000	3.4534	0.28957	2899.6	3189.2	7.3520	1.6185	2.1245	611.42	0.87792	22.930	0.051647	vapor
365.62	10.000	3.4474	0.29007	2901.3	3191.4	7.3555	1.6188	2.1245	611.93	0.87354	22.974	0.051762	vapor
366.67	10.000	3.4415	0.29057	2903.0	3193.6	7.3589	1.6192	2.1246	612.43	0.86920	23.018	0.051876	vapor
367.71	10.000	3.4355	0.29108	2904.7	3195.8	7.3624	1.6195	2.1246	612.94	0.86489	23.062	0.051991	vapor
368.75	10.000	3.4296	0.29158	2906.4	3198.0	7.3659	1.6199	2.1247	613.44	0.86061	23.106	0.052105	vapor
369.79	10.000	3.4237	0.29208	2908.1	3200.2	7.3693	1.6202	2.1247	613.95	0.85637	23.150	0.052220	vapor
370.83	10.000	3.4178	0.29259	2909.9	3202.4	7.3727	1.6206	2.1248	614.45	0.85215	23.194	0.052335	vapor
371.87	10.000	3.4119	0.29309	2911.6	3204.7	7.3762	1.6210	2.1249	614.95	0.84797	23.238	0.052450	vapor
372.92	10.000	3.4061	0.29359	2913.3	3206.9	7.3796	1.6213	2.1250	615.45	0.84381	23.282	0.052566	vapor
373.96	10.000	3.4003	0.29409	2915.0	3209.1	7.3830	1.6217	2.1251	615.95	0.83969	23.326	0.052681	vapor
375.00	10.000	3.3945	0.29459	2916.7	3211.3	7.3864	1.6221	2.1252	616.45	0.83559	23.370	0.052797	vapor
376.04	10.000	3.3887	0.29510	2918.4	3213.5	7.3899	1.6225	2.1253	616.95	0.83153	23.414	0.052913	vapor
377.08	10.000	3.3830	0.29560	2920.1	3215.7	7.3933	1.6228	2.1254	617.45	0.82749	23.458	0.053028	vapor
378.12	10.000	3.3772	0.29610	2921.8	3217.9	7.3967	1.6232	2.1255	617.95	0.82349	23.502	0.053145	vapor
379.17	10.000	3.3715	0.29660	2923.6	3220.2	7.4001	1.6236	2.1256	618.44	0.81951	23.546	0.053261	vapor
380.21	10.000	3.3658	0.29710	2925.3	3222.4	7.4035	1.6240	2.1257	618.94	0.81556	23.590	0.053377	vapor
381.25	10.000	3.3602	0.29760	2927.0	3224.6	7.4068	1.6244	2.1259	619.44	0.81164	23.634	0.053494	vapor
382.29	10.000	3.3545	0.29811	2928.7	3226.8	7.4102	1.6248	2.1260	619.93	0.80775	23.678	0.053611	vapor
383.33	10.000	3.3489	0.29861	2930.4	3229.0	7.4136	1.6252	2.1262	620.43	0.80388	23.722	0.053728	vapor
384.37	10.000	3.3433	0.29911	2932.1	3231.2	7.4170	1.6256	2.1263	620.92	0.80004	23.766	0.053845	vapor
385.42	10.000	3.3377	0.29961	2933.8	3233.4	7.4203	1.6260	2.1265	621.41	0.79623	23.810	0.053962	vapor
386.46	10.000	3.3321	0.30011	2935.6	3235.7	7.4237	1.6264	2.1267	621.91	0.79245	23.854	0.054079	vapor
387.50	10.000	3.3266	0.30061	2937.3	3237.9	7.4271	1.6269	2.1268	622.40	0.78869	23.898	0.054197	vapor
388.54	10.000	3.3211	0.30111	2939.0	3240.1	7.4304	1.6273	2.1270	622.89	0.78496	23.942	0.054314	vapor
389.58	10.000	3.3155	0.30161	2940.7	3242.3	7.4338	1.6277	2.1272	623.38	0.78125	23.985	0.054432	vapor
390.62	10.000	3.3101	0.30211	2942.4	3244.5	7.4371	1.6281	2.1274	623.87	0.77757	24.029	0.054550	vapor
391.67	10.000	3.3046	0.30261	2944.1	3246.7	7.4404	1.6286	2.1276	624.36	0.77391	24.073	0.054668	vapor
392.71	10.000	3.2991	0.30311	2945.8	3249.0	7.4438	1.6290	2.1278	624.85	0.77029	24.117	0.054786	vapor
393.75	10.000	3.2937	0.30361	2947.6	3251.2	7.4471	1.6294	2.1280	625.34	0.76668	24.161	0.054905	vapor
394.79	10.000	3.2883	0.30411	2949.3	3253.4	7.4504	1.6299	2.1282	625.82	0.76310	24.205	0.055023	vapor
395.83	10.000	3.2829	0.30461	2951.0	3255.6	7.4537	1.6303	2.1284	626.31	0.75955	24.249	0.055142	vapor
396.87	10.000	3.2775	0.30511	2952.7	3257.8	7.4570	1.6307	2.1286	626.80	0.75601	24.292	0.055260	vapor
397.92	10.000	3.2722	0.30561	2954.4	3260.0	7.4603	1.6312	2.1288	627.28	0.75251	24.336	0.055379	vapor
398.96	10.000	3.2668	0.30611	2956.1	3262.3	7.4636	1.6316	2.1291	627.77	0.74902	24.380	0.055498	vapor
400.00	10.000	3.2615	0.30661	2957.9	3264.5	7.4669	1.6321	2.1293	628.25	0.74556	24.424	0.055618	vapor
401.04	10.000	3.2562	0.30710	2959.6	3266.7	7.4702	1.6326	2.1295	628.74	0.74213	24.468	0.055737	vapor
402.08	10.000	3.2509	0.30760	2961.3	3268.9	7.4735	1.6330	2.1298	629.22	0.73872	24.512	0.055856	vapor
403.12	10.000	3.2457	0.30810	2963.0	3271.1	7.4768	1.6335	2.1300	629.70	0.73533	24.555	0.055976	vapor
404.17	10.000	3.2404	0.30860	2964.7	3273.3	7.4801	1.6339	2.1303	630.19	0.73196	24.599	0.056096	vapor
405.21	10.000	3.2352	0.30910	2966.5	3275.6	7.4834	1.6344	2.1305	630.67	0.72861	24.643	0.056216	vapor
406.25	10.000	3.2300	0.30960	2968.2	3277.8	7.4866	1.6349	2.1308	631.15	0.72529	24.687	0.056336	vapor
407.29	10.000	3.2248	0.31010	2969.9	3280.0	7.4899	1.6354	2.1310	631.63	0.72199	24.730	0.056456	vapor
408.33	10.000	3.2196	0.31059	2971.6	3282.2	7.4932	1.6358	2.1313	632.11	0.71871	24.774	0.056576	vapor
409.37	10.000	3.2145	0.31109	2973.4	3284.4	7.4964	1.6363	2.1316	632.59	0.71545	24.818	0.056696	vapor
410.42	10.000	3.2093	0.31159	2975.1	3286.7	7.4997	1.6368	2.1319	633.07	0.71222	24.862	0.056817	vapor
411.46	10.000	3.2042	0.31209	2976.8	3288.9	7.5029	1.6373	2.1322	633.55	0.70900	24.905	0.056938	vapor
412.50	10.000	3.1991	0.31259	2978.5	3291.1	7.5061	1.6378	2.1324	634.02	0.70581	24.949	0.057058	vapor
413.54	10.000	3.1940	0.31308	2980.2	3293.3	7.5094	1.6382	2.1327	634.50	0.70264	24.993	0.057179	vapor
414.58	10.000	3.1890	0.31358	2982.0	3295.6	7.5126	1.6387	2.1330	634.98	0.69949	25.036	0.057300	vapor
415.62	10.000	3.1839	0.31408	2983.7	3297.8	7.5158	1.6392	2.1333	635.45	0.69636	25.080	0.057421	vapor
416.67	10.000	3.1789	0.31458	2985.4	3300.0	7.5191	1.6397	2.1336	635.93	0.69325	25.124	0.057543	vapor
417.71	10.000	3.1739	0.31507	2987.1	3302.2	7.5223	1.6402	2.1339	636.40	0.69016	25.167	0.057664	vapor
418.75	10.000	3.1689	0.31557	2988.9	3304.4	7.5255	1.6407	2.1342	636.88	0.68709	25.211	0.057786	vapor
419.79	10.000	3.1639	0.31607	2990.6	3306.7	7.5287	1.6412	2.1346	637.35	0.68404	25.255	0.057907	vapor
420.83	10.000	3.1589	0.31657	2992.3	3308.9	7.5319	1.6417	2.1349	637.83	0.68101	25.298	0.058029	vapor
421.87	10.000	3.1540	0.31706	2994.1	3311.1	7.5351	1.6422	2.1352	638.30	0.67799	25.342	0.058151	vapor
422.92	10.000	3.1490	0.31756	2995.8	3313.3	7.5383	1.6427	2.1355	638.77	0.67500	25.386	0.058273	vapor
423.96	10.000	3.1441	0.31806	2997.5	3315.6	7.5415	1.6432	2.1359	639.24	0.67203	25.429	0.058395	vapor
425.00	10.000	3.1392	0.31855	2999.2	3317.8	7.5447	1.6438	2.1362	639.71	0.66907	25.473	0.058517	vapor
426.04	10.000	3.1343	0.31905	3001.0	3320.0	7.5479	1.6443	2.1365	640.18	0.66614	25.516	0.058640	vapor
427.08	10.000	3.1294	0.31955	3002.7	3322.2	7.5511	1.6448	2.1369	640.65	0.66322	25.560	0.058762	vapor
428.12	10.000	3.1246	0.32004	3004.4	3324.5	7.5542	1.6453	2.1372	641.12	0.66032	25.604	0.058885	vapor
429.17	10.000	3.1198	0.32054	3006.2	3326.7	7.5574	1.6458	2.1376	641.59	0.65744	25.647	0.059008	vapor
430.21	10.000	3.1149	0.32103	3007.9	3328.9	7.5606	1.6463	2.1379	642.06	0.65458	25.691	0.059131	vapor
431.25	10.000	3.1101	0.32153	3009.6	3331.1	7.5638	1.6469	2.1383	642.53	0.65174	25.734	0.059254	vapor
432.29	10.000	3.1053	0.32203	3011.3	3333.4	7.5669	1.6474	2.1386	643.00	0.64891	25.778	0.059377	vapor
433.33	10.000	3.1006	0.32252	3013.1	3335.6	7.5701	1.6479	2.1390	643.46	0.64610	25.821	0.059500	vapor
434.37	10.000	3.0958	0.32302	3014.8	3337.8	7.5732	1.6485	2.1393	643.93	0.64331	25.865	0.059623	vapor
435.42	10.000	3.0911	0.32351	3016.5	3340.1	7.5764	1.6490	2.1397	644.39	0.64054	25.908	0.059747	vapor
436.46	10.000	3.0863	0.32401	3018.3	3342.3	7.5795	1.6495	2.1401	644.86	0.63778	25.952	0.059870	vapor
437.50	10.000	3.0816	0.32451	3020.0	3344.5	7.5827	1.6501	2.1405	645.33	0.63504	25.995	0.059994	vapor
438.54	10.000	3.0769	0.32500	3021.7	3346.7	7.5858	1.6506	2.1408	645.79	0.63232	26.039	0.060118	vapor
439.58	10.000	3.0722	0.32550	3023.5	3349.0	7.5889	1.6511	2.1412	646.25	0.62962	26.082	0.060242	vapor
440.62	10.000	3.0676	0.32599	3025.2	3351.2	7.5920	1.6517	2.1416	646.72	0.62693	26.126	0.060366	vapor
441.67	10.000	3.0629	0.32649	3027.0	3353.4	7.5952	1.6522	2.1420	647.18	0.62426	26.169	0.060490	vapor
442.71	10.000	3.0583	0.32698	3028.7	3355.7	7.5983	1.6528	2.1424	647.64	0.62160	26.213	0.060614	vapor
443.75	10.000	3.0536	0.32748	3030.4	3357.9	7.6014	1.6533	2.1428	648.10	0.61896	26.256	0.060738	vapor
444.79	10.000	3.0490	0.32797	3032.2	3360.1	7.6045	1.6539	2.1432	648.56	0.61634	26.299	0.060863	vapor
445.83	10.000	3.0444	0.32847	3033.9	3362.4	7.6076	1.6544	2.1436	649.03	0.61373	26.343	0.060987	vapor
446.87	10.000	3.0399	0.32896	3035.6	3364.6	7.6107	1.6550	2.1440	649.49	0.61114	26.386	0.061112	vapor
447.92	10.000	3.0353	0.32946	3037.4	3366.8	7.6138	1.6555	2.1444	649.95	0.60856	26.430	0.061237	vapor
448.96	10.000	3.0307	0.32995	3039.1	3369.1	7.6169	1.6561	2.1448	650.40	0.60600	26.473	0.061362	vapor
450.00	10.000	3.0262	0.33045	3040.9	3371.3	7.6200	1.6566	2.1452	650.86	0.60345	26.516	0.061487	vapor
451.04	10.000	3.0217	0.33094	3042.6	3373.5	7.6231	1.6572	2.1456	651.32	0.60092	26.560	0.061612	vapor
452.08	10.000	3.0172	0.33144	3044.3	3375.8	7.6262	1.6578	2.1460	651.78	0.59841	26.603	0.061737	vapor
453.12	10.000	3.0127	0.33193	3046.1	3378.0	7.6293	1.6583	2.1464	652.24	0.59591	26.646	0.061863	vapor
454.17	10.000	3.0082	0.33242	3047.8	3380.2	7.6323	1.6589	2.1468	652.69	0.59342	26.690	0.061988	vapor
455.21	10.000	3.0037	0.33292	3049.6	3382.5	7.6354	1.6595	2.1473	653.15	0.59095	26.733	0.062114	vapor
456.25	10.000	2.9993	0.33341	3051.3	3384.7	7.6385	1.6600	2.1477	653.61	0.58850	26.776	0.062239	vapor
457.29	10.000	2.9948	0.33391	3053.0	3387.0	7.6416	1.6606	2.1481	654.06	0.58606	26.820	0.062365	vapor
458.33	10.000	2.9904	0.33440	3054.8	3389.2	7.6446	1.6612	2.1485	654.52	0.58363	26.863	0.062491	vapor
459.37	10.000	2.9860	0.33490	3056.5	3391.4	7.6477	1.6617	2.1490	654.97	0.58122	26.906	0.062617	vapor
460.42	10.000	2.9816	0.33539	3058.3	3393.7	7.6507	1.6623	2.1494	655.43	0.57882	26.950	0.062743	vapor
461.46	10.000	2.9772	0.33588	3060.0	3395.9	7.6538	1.6629	2.1499	655.88	0.57644	26.993	0.062869	vapor
462.50	10.000	2.9729	0.33638	3061.8	3398.1	7.6568	1.6635	2.1503	656.33	0.57407	27.036	0.062995	vapor
463.54	10.000	2.9685	0.33687	3063.5	3400.4	7.6599	1.6640	2.1507	656.78	0.57171	27.079	0.063122	vapor
464.58	10.000	2.9642	0.33736	3065.3	3402.6	7.6629	1.6646	2.1512	657.24	0.56937	27.123	0.063248	vapor
465.62	10.000	2.9598	0.33786	3067.0	3404.9	7.6659	1.6652	2.1516	657.69	0.56704	27.166	0.063375	vapor
466.67	10.000	2.9555	0.33835	3068.8	3407.1	7.6690	1.6658	2.1521	658.14	0.56472	27.209	0.063502	vapor
467.71	10.000	2.9512	0.33885	3070.5	3409.4	7.6720	1.6664	2.1525	658.59	0.56242	27.252	0.063628	vapor
468.75	10.000	2.9469	0.33934	3072.3	3411.6	7.6750	1.6669	2.1530	659.04	0.56013	27.295	0.063755	vapor
469.79	10.000	2.9426	0.33983	3074.0	3413.8	7.6780	1.6675	2.1535	659.49	0.55786	27.339	0.063882	vapor
470.83	10.000	2.9384	0.34033	3075.8	3416.1	7.6811	1.6681	2.1539	659.94	0.55560	27.382	0.064009	vapor
471.87	10.000	2.9341	0.34082	3077.5	3418.3	7.6841	1.6687	2.1544	660.39	0.55335	27.425	0.064137	vapor
472.92	10.000	2.9299	0.34131	3079.3	3420.6	7.6871	1.6693	2.1548	660.84	0.55111	27.468	0.064264	vapor
473.96	10.000	2.9256	0.34180	3081.0	3422.8	7.6901	1.6699	2.1553	661.29	0.54889	27.511	0.064391	vapor
475.00	10.000	2.9214	0.34230	3082.8	3425.1	7.6931	1.6705	2.1558	661.73	0.54668	27.554	0.064519	vapor
476.04	10.000	2.9172	0.34279	3084.5	3427.3	7.6961	1.6711	2.1563	662.18	0.54448	27.597	0.064646	vapor
477.08	10.000	2.9130	0.34328	3086.3	3429.6	7.6991	1.6717	2.1567	662.63	0.54229	27.640	0.064774	vapor
478.12	10.000	2.9089	0.34378	3088.0	3431.8	7.7021	1.6723	2.1572	663.07	0.54012	27.684	0.064902	vapor
479.17	10.000	2.9047	0.34427	3089.8	3434.0	7.7051	1.6729	2.1577	663.52	0.53796	27.727	0.065030	vapor
480.21	10.000	2.9006	0.34476	3091.5	3436.3	7.7081	1.6735	2.1582	663.96	0.53581	27.770	0.065158	vapor
481.25	10.000	2.8964	0.34525	3093.3	3438.5	7.7110	1.6741	2.1586	664.41	0.53367	27.813	0.065286	vapor
482.29	10.000	2.8923	0.34575	3095.0	3440.8	7.7140	1.6747	2.1591	664.85	0.53155	27.856	0.065414	vapor
483.33	10.000	2.8882	0.34624	3096.8	3443.0	7.7170	1.6753	2.1596	665.30	0.52944	27.899	0.065542	vapor
484.37	10.000	2.8841	0.34673	3098.6	3445.3	7.7200	1.6759	2.1601	665.74	0.52734	27.942	0.065671	vapor
485.42	10.000	2.8800	0.34722	3100.3	3447.5	7.7229	1.6765	2.1606	666.18	0.52525	27.985	0.065799	vapor
486.46	10.000	2.8759	0.34772	3102.1	3449.8	7.7259	1.6771	2.1611	666.63	0.52317	28.028	0.065928	vapor
487.50	10.000	2.8718	0.34821	3103.8	3452.0	7.7289	1.6777	2.1616	667.07	0.52110	28.071	0.066056	vapor
488.54	10.000	2.8678	0.34870	3105.6	3454.3	7.7318	1.6783	2.1621	667.51	0.51905	28.114	0.066185	vapor
489.58	10.000	2.8637	0.34919	3107.4	3456.5	7.7348	1.6789	2.1626	667.95	0.51701	28.157	0.066314	vapor
490.62	10.000	2.8597	0.34969	3109.1	3458.8	7.7377	1.6795	2.1631	668.39	0.51498	28.200	0.066443	vapor
491.67	10.000	2.8557	0.35018	3110.9	3461.1	7.7407	1.6801	2.1636	668.83	0.51296	28.243	0.066572	vapor
492.71	10.000	2.8517	0.35067	3112.6	3463.3	7.7436	1.6807	2.1641	669.28	0.51095	28.286	0.066701	vapor
493.75	10.000	2.8477	0.35116	3114.4	3465.6	7.7466	1.6814	2.1646	669.71	0.50895	28.329	0.066830	vapor
494.79	10.000	2.8437	0.35165	3116.2	3467.8	7.7495	1.6820	2.1651	670.15	0.50696	28.372	0.066959	vapor
495.83	10.000	2.8397	0.35215	3117.9	3470.1	7.7524	1.6826	2.1656	670.59	0.50499	28.415	0.067089	vapor
496.87	10.000	2.8358	0.35264	3119.7	3472.3	7.7554	1.6832	2.1661	671.03	0.50302	28.457	0.067218	vapor
497.92	10.000	2.8318	0.35313	3121.5	3474.6	7.7583	1.6838	2.1666	671.47	0.50107	28.500	0.067348	vapor
498.96	10.000	2.8279	0.35362	3123.2	3476.8	7.7612	1.6844	2.1671	671.91	0.49912	28.543	0.067478	vapor
500.00	10.000	2.8240	0.35411	3125.0	3479.1	7.7641	1.6851	2.1677	672.34	0.49719	28.586	0.067607	vapor
501.04	10.000	2.8200	0.35460	3126.8	3481.4	7.7671	1.6857	2.1682	672.78	0.49527	28.629	0.067737	vapor
502.08	10.000	2.8161	0.35510	3128.5	3483.6	7.7700	1.6863	2.1687	673.22	0.49335	28.672	0.067867	vapor
503.12	10.000	2.8122	0.35559	3130.3	3485.9	7.7729	1.6869	2.1692	673.65	0.49145	28.715	0.067997	vapor
504.17	10.000	2.8084	0.35608	3132.1	3488.1	7.7758	1.6876	2.1697	674.09	0.48956	28.757	0.068127	vapor
505.21	10.000	2.8045	0.35657	3133.8	3490.4	7.7787	1.6882	2.1703	674.52	0.48768	28.800	0.068258	vapor
506.25	10.000	2.8006	0.35706	3135.6	3492.7	7.7816	1.6888	2.1708	674.96	0.48581	28.843	0.068388	vapor
507.29	10.000	2.7968	0.35755	3137.4	3494.9	7.7845	1.6894	2.1713	675.39	0.48394	28.886	0.068518	vapor
508.33	10.000	2.7930	0.35804	3139.1	3497.2	7.7874	1.6901	2.1719	675.83	0.48209	28.929	0.068649	vapor
509.37	10.000	2.7891	0.35854	3140.9	3499.4	7.7903	1.6907	2.1724	676.26	0.48025	28.971	0.068779	vapor
510.42	10.000	2.7853	0.35903	3142.7	3501.7	7.7932	1.6913	2.1729	676.69	0.47842	29.014	0.068910	vapor
511.46	10.000	2.7815	0.35952	3144.5	3504.0	7.7961	1.6920	2.1735	677.13	0.47660	29.057	0.069041	vapor
512.50	10.000	2.7777	0.36001	3146.2	3506.2	7.7990	1.6926	2.1740	677.56	0.47479	29.100	0.069172	vapor
513.54	10.000	2.7739	0.36050	3148.0	3508.5	7.8018	1.6932	2.1745	677.99	0.47298	29.142	0.069302	vapor
514.58	10.000	2.7702	0.36099	3149.8	3510.8	7.8047	1.6939	2.1751	678.42	0.47119	29.185	0.069433	vapor
515.62	10.000	2.7664	0.36148	3151.6	3513.0	7.8076	1.6945	2.1756	678.85	0.46941	29.228	0.069565	vapor
516.67	10.000	2.7626	0.36197	3153.3	3515.3	7.8105	1.6951	2.1762	679.29	0.46763	29.270	0.069696	vapor
517.71	10.000	2.7589	0.36246	3155.1	3517.6	7.8133	1.6958	2.1767	679.72	0.46587	29.313	0.069827	vapor
518.75	10.000	2.7552	0.36295	3156.9	3519.8	7.8162	1.6964	2.1773	680.15	0.46411	29.356	0.069958	vapor
519.79	10.000	2.7515	0.36344	3158.7	3522.1	7.8191	1.6970	2.1778	680.58	0.46236	29.398	0.070090	vapor
520.83	10.000	2.7477	0.36393	3160.4	3524.4	7.8219	1.6977	2.1784	681.01	0.46063	29.441	0.070221	vapor
521.87	10.000	2.7440	0.36443	3162.2	3526.6	7.8248	1.6983	2.1789	681.43	0.45890	29.484	0.070353	vapor
522.92	10.000	2.7404	0.36492	3164.0	3528.9	7.8276	1.6990	2.1795	681.86	0.45718	29.526	0.070485	vapor
523.96	10.000	2.7367	0.36541	3165.8	3531.2	7.8305	1.6996	2.1800	682.29	0.45547	29.569	0.070616	vapor
525.00	10.000	2.7330	0.36590	3167.6	3533.5	7.8333	1.7003	2.1806	682.72	0.45377	29.611	0.070748	vapor
526.04	10.000	2.7294	0.36639	3169.3	3535.7	7.8362	1.7009	2.1811	683.15	0.45208	29.654	0.070880	vapor
527.08	10.000	2.7257	0.36688	3171.1	3538.0	7.8390	1.7015	2.1817	683.57	0.45039	29.697	0.071012	vapor
528.12	10.000	2.7221	0.36737	3172.9	3540.3	7.8419	1.7022	2.1822	684.00	0.44872	29.739	0.071144	vapor
529.17	10.000	2.7184	0.36786	3174.7	3542.5	7.8447	1.7028	2.1828	684.43	0.44705	29.782	0.071276	vapor
530.21	10.000	2.7148	0.36835	3176.5	3544.8	7.8475	1.7035	2.1834	684.85	0.44539	29.824	0.071409	vapor
531.25	10.000	2.7112	0.36884	3178.3	3547.1	7.8504	1.7041	2.1839	685.28	0.44374	29.867	0.071541	vapor
532.29	10.000	2.7076	0.36933	3180.0	3549.4	7.8532	1.7048	2.1845	685.70	0.44210	29.909	0.071673	vapor
533.33	10.000	2.7040	0.36982	3181.8	3551.6	7.8560	1.7054	2.1851	686.13	0.44047	29.952	0.071806	vapor
534.37	10.000	2.7004	0.37031	3183.6	3553.9	7.8588	1.7061	2.1856	686.55	0.43885	29.994	0.071938	vapor
535.42	10.000	2.6969	0.37080	3185.4	3556.2	7.8616	1.7067	2.1862	686.97	0.43723	30.037	0.072071	vapor
536.46	10.000	2.6933	0.37129	3187.2	3558.5	7.8645	1.7074	2.1868	687.40	0.43562	30.079	0.072204	vapor
537.50	10.000	2.6898	0.37178	3189.0	3560.8	7.8673	1.7080	2.1873	687.82	0.43402	30.122	0.072337	vapor
538.54	10.000	2.6862	0.37227	3190.8	3563.0	7.8701	1.7087	2.1879	688.24	0.43243	30.164	0.072470	vapor
539.58	10.000	2.6827	0.37276	3192.5	3565.3	7.8729	1.7094	2.1885	688.67	0.43085	30.207	0.072603	vapor
540.62	10.000	2.6792	0.37325	3194.3	3567.6	7.8757	1.7100	2.1891	689.09	0.42927	30.249	0.072736	vapor
541.67	10.000	2.6757	0.37374	3196.1	3569.9	7.8785	1.7107	2.1896	689.51	0.42771	30.291	0.072869	vapor
542.71	10.000	2.6722	0.37423	3197.9	3572.2	7.8813	1.7113	2.1902	689.93	0.42615	30.334	0.073002	vapor
543.75	10.000	2.6687	0.37472	3199.7	3574.4	7.8841	1.7120	2.1908	690.35	0.42460	30.376	0.073135	vapor
544.79	10.000	2.6652	0.37521	3201.5	3576.7	7.8869	1.7126	2.1914	690.77	0.42305	30.418	0.073269	vapor
545.83	10.000	2.6617	0.37570	3203.3	3579.0	7.8897	1.7133	2.1920	691.19	0.42152	30.461	0.073402	vapor
546.87	10.000	2.6583	0.37619	3205.1	3581.3	7.8925	1.7140	2.1925	691.61	0.41999	30.503	0.073536	vapor
547.92	10.000	2.6548	0.37668	3206.9	3583.6	7.8952	1.7146	2.1931	692.03	0.41847	30.546	0.073669	vapor
548.96	10.000	2.6514	0.37717	3208.7	3585.9	7.8980	1.7153	2.1937	692.45	0.41695	30.588	0.073803	vapor
550.00	10.000	2.6479	0.37766	3210.5	3588.1	7.9008	1.7159	2.1943	692.87	0.41545	30.630	0.073937	vapor
551.04	10.000	2.6445	0.37814	3212.3	3590.4	7.9036	1.7166	2.1949	693.29	0.41395	30.672	0.074071	vapor
552.08	10.000	2.6411	0.37863	3214.1	3592.7	7.9063	1.7173	2.1955	693.71	0.41246	30.715	0.074205	vapor
553.12	10.000	2.6377	0.37912	3215.9	3595.0	7.9091	1.7179	2.1961	694.12	0.41098	30.757	0.074339	vapor
554.17	10.000	2.6343	0.37961	3217.7	3597.3	7.9119	1.7186	2.1967	694.54	0.40950	30.799	0.074473	vapor
555.21	10.000	2.6309	0.38010	3219.5	3599.6	7.9146	1.7193	2.1972	694.96	0.40803	30.842	0.074607	vapor
556.25	10.000	2.6275	0.38059	3221.3	3601.9	7.9174	1.7199	2.1978	695.38	0.40657	30.884	0.074741	vapor
557.29	10.000	2.6241	0.38108	3223.1	3604.2	7.9202	1.7206	2.1984	695.79	0.40512	30.926	0.074875	vapor
558.33	10.000	2.6208	0.38157	3224.9	3606.4	7.9229	1.7213	2.1990	696.21	0.40367	30.968	0.075010	vapor
559.37	10.000	2.6174	0.38206	3226.7	3608.7	7.9257	1.7219	2.1996	696.62	0.40223	31.010	0.075144	vapor
560.42	10.000	2.6141	0.38255	3228.5	3611.0	7.9284	1.7226	2.2002	697.04	0.40080	31.053	0.075279	vapor
561.46	10.000	2.6107	0.38304	3230.3	3613.3	7.9312	1.7233	2.2008	697.45	0.39937	31.095	0.075413	vapor
562.50	10.000	2.6074	0.38353	3232.1	3615.6	7.9339	1.7239	2.2014	697.87	0.39795	31.137	0.075548	vapor
563.54	10.000	2.6041	0.38402	3233.9	3617.9	7.9367	1.7246	2.2020	698.28	0.39654	31.179	0.075683	vapor
564.58	10.000	2.6008	0.38450	3235.7	3620.2	7.9394	1.7253	2.2026	698.70	0.39513	31.221	0.075817	vapor
565.62	10.000	2.5975	0.38499	3237.5	3622.5	7.9421	1.7260	2.2032	699.11	0.39374	31.263	0.075952	vapor
566.67	10.000	2.5942	0.38548	3239.3	3624.8	7.9449	1.7266	2.2038	699.52	0.39234	31.305	0.076087	vapor
567.71	10.000	2.5909	0.38597	3241.1	3627.1	7.9476	1.7273	2.2044	699.94	0.39096	31.348	0.076222	vapor
568.75	10.000	2.5876	0.38646	3242.9	3629.4	7.9503	1.7280	2.2050	700.35	0.38958	31.390	0.076357	vapor
569.79	10.000	2.5843	0.38695	3244.7	3631.7	7.9531	1.7286	2.2057	700.76	0.38821	31.432	0.076493	vapor
570.83	10.000	2.5811	0.38744	3246.5	3634.0	7.9558	1.7293	2.2063	701.17	0.38684	31.474	0.076628	vapor
571.87	10.000	2.5778	0.38793	3248.3	3636.3	7.9585	1.7300	2.2069	701.58	0.38549	31.516	0.076763	vapor
572.92	10.000	2.5746	0.38841	3250.2	3638.6	7.9612	1.7307	2.2075	702.00	0.38413	31.558	0.076899	vapor
573.96	10.000	2.5713	0.38890	3252.0	3640.9	7.9639	1.7313	2.2081	702.41	0.38279	31.600	0.077034	vapor
575.00	10.000	2.5681	0.38939	3253.8	3643.2	7.9667	1.7320	2.2087	702.82	0.38145	31.642	0.077170	vapor
576.04	10.000	2.5649	0.38988	3255.6	3645.5	7.9694	1.7327	2.2093	703.23	0.38012	31.684	0.077305	vapor
577.08	10.000	2.5617	0.39037	3257.4	3647.8	7.9721	1.7334	2.2099	703.64	0.37879	31.726	0.077441	vapor
578.12	10.000	2.5585	0.39086	3259.2	3650.1	7.9748	1.7341	2.2105	704.05	0.37747	31.768	0.077577	vapor
579.17	10.000	2.5553	0.39135	3261.0	3652.4	7.9775	1.7347	2.2112	704.46	0.37616	31.810	0.077712	vapor
580.21	10.000	2.5521	0.39183	3262.8	3654.7	7.9802	1.7354	2.2118	704.86	0.37485	31.852	0.077848	vapor
581.25	10.000	2.5489	0.39232	3264.7	3657.0	7.9829	1.7361	2.2124	705.27	0.37355	31.894	0.077984	vapor
582.29	10.000	2.5458	0.39281	3266.5	3659.3	7.9856	1.7368	2.2130	705.68	0.37226	31.936	0.078120	vapor
583.33	10.000	2.5426	0.39330	3268.3	3661.6	7.9883	1.7375	2.2136	706.09	0.37097	31.978	0.078256	vapor
584.37	10.000	2.5394	0.39379	3270.1	3663.9	7.9910	1.7381	2.2143	706.50	0.36968	32.020	0.078392	vapor
585.42	10.000	2.5363	0.39428	3271.9	3666.2	7.9937	1.7388	2.2149	706.90	0.36841	32.061	0.078529	vapor
586.46	10.000	2.5332	0.39476	3273.8	3668.5	7.9963	1.7395	2.2155	707.31	0.36714	32.103	0.078665	vapor
587.50	10.000	2.5300	0.39525	3275.6	3670.8	7.9990	1.7402	2.2161	707.72	0.36587	32.145	0.078801	vapor
588.54	10.000	2.5269	0.39574	3277.4	3673.1	8.0017	1.7409	2.2167	708.12	0.36461	32.187	0.078938	vapor
589.58	10.000	2.5238	0.39623	3279.2	3675.4	8.0044	1.7416	2.2174	708.53	0.36336	32.229	0.079074	vapor
590.62	10.000	2.5207	0.39672	3281.0	3677.8	8.0071	1.7422	2.2180	708.94	0.36211	32.271	0.079211	vapor
591.67	10.000	2.5176	0.39720	3282.9	3680.1	8.0097	1.7429	2.2186	709.34	0.36087	32.313	0.079347	vapor
592.71	10.000	2.5145	0.39769	3284.7	3682.4	8.0124	1.7436	2.2192	709.75	0.35964	32.354	0.079484	vapor
593.75	10.000	2.5114	0.39818	3286.5	3684.7	8.0151	1.7443	2.2199	710.15	0.35841	32.396	0.079621	vapor
594.79	10.000	2.5083	0.39867	3288.3	3687.0	8.0177	1.7450	2.2205	710.55	0.35718	32.438	0.079758	vapor
595.83	10.000	2.5053	0.39916	3290.2	3689.3	8.0204	1.7457	2.2211	710.96	0.35596	32.480	0.079895	vapor
596.87	10.000	2.5022	0.39964	3292.0	3691.6	8.0231	1.7464	2.2218	711.36	0.35475	32.521	0.080032	vapor
597.92	10.000	2.4992	0.40013	3293.8	3693.9	8.0257	1.7471	2.2224	711.77	0.35354	32.563	0.080169	vapor
598.96	10.000	2.4961	0.40062	3295.6	3696.3	8.0284	1.7477	2.2230	712.17	0.35234	32.605	0.080306	vapor
600.00	10.000	2.4931	0.40111	3297.5	3698.6	8.0310	1.7484	2.2237	712.57	0.35115	32.647	0.080443	vapor
601.04	10.000	2.4901	0.40160	3299.3	3700.9	8.0337	1.7491	2.2243	712.97	0.34995	32.688	0.080580	vapor
602.08	10.000	2.4870	0.40208	3301.1	3703.2	8.0363	1.7498	2.2249	713.38	0.34877	32.730	0.080717	vapor
603.12	10.000	2.4840	0.40257	3303.0	3705.5	8.0390	1.7505	2.2256	713.78	0.34759	32.772	0.080855	vapor
604.17	10.000	2.4810	0.40306	3304.8	3707.8	8.0416	1.7512	2.2262	714.18	0.34642	32.813	0.080992	vapor
605.21	10.000	2.4780	0.40355	3306.6	3710.2	8.0443	1.7519	2.2268	714.58	0.34525	32.855	0.081130	vapor
606.25	10.000	2.4750	0.40403	3308.5	3712.5	8.0469	1.7526	2.2275	714.98	0.34408	32.897	0.081267	vapor
607.29	10.000	2.4721	0.40452	3310.3	3714.8	8.0495	1.7533	2.2281	715.38	0.34292	32.938	0.081405	vapor
608.33	10.000	2.4691	0.40501	3312.1	3717.1	8.0522	1.7540	2.2287	715.78	0.34177	32.980	0.081542	vapor
609.37	10.000	2.4661	0.40550	3314.0	3719.4	8.0548	1.7547	2.2294	716.18	0.34062	33.022	0.081680	vapor
610.42	10.000	2.4631	0.40599	3315.8	3721.8	8.0574	1.7554	2.2300	716.58	0.33948	33.063	0.081818	vapor
611.46	10.000	2.4602	0.40647	3317.6	3724.1	8.0601	1.7560	2.2307	716.98	0.33834	33.105	0.081956	vapor
612.50	10.000	2.4572	0.40696	3319.5	3726.4	8.0627	1.7567	2.2313	717.38	0.33721	33.146	0.082094	vapor
613.54	10.000	2.4543	0.40745	3321.3	3728.7	8.0653	1.7574	2.2320	717.78	0.33608	33.188	0.082232	vapor
614.58	10.000	2.4514	0.40794	3323.1	3731.1	8.0679	1.7581	2.2326	718.18	0.33496	33.229	0.082370	vapor
615.62	10.000	2.4484	0.40842	3325.0	3733.4	8.0706	1.7588	2.2332	718.58	0.33385	33.271	0.082508	vapor
616.67	10.000	2.4455	0.40891	3326.8	3735.7	8.0732	1.7595	2.2339	718.97	0.33273	33.312	0.082646	vapor
617.71	10.000	2.4426	0.40940	3328.7	3738.0	8.0758	1.7602	2.2345	719.37	0.33163	33.354	0.082784	vapor
618.75	10.000	2.4397	0.40988	3330.5	3740.4	8.0784	1.7609	2.2352	719.77	0.33052	33.395	0.082922	vapor
619.79	10.000	2.4368	0.41037	3332.3	3742.7	8.0810	1.7616	2.2358	720.17	0.32943	33.437	0.083061	vapor
620.83	10.000	2.4339	0.41086	3334.2	3745.0	8.0836	1.7623	2.2365	720.56	0.32833	33.478	0.083199	vapor
621.87	10.000	2.4310	0.41135	3336.0	3747.4	8.0862	1.7630	2.2371	720.96	0.32725	33.520	0.083338	vapor
622.92	10.000	2.4282	0.41183	3337.9	3749.7	8.0888	1.7637	2.2378	721.35	0.32616	33.561	0.083476	vapor
623.96	10.000	2.4253	0.41232	3339.7	3752.0	8.0914	1.7644	2.2384	721.75	0.32509	33.603	0.083615	vapor
625.00	10.000	2.4224	0.41281	3341.5	3754.4	8.0940	1.7651	2.2391	722.15	0.32401	33.644	0.083753	vapor
626.04	10.000	2.4196	0.41330	3343.4	3756.7	8.0966	1.7658	2.2397	722.54	0.32295	33.685	0.083892	vapor
627.08	10.000	2.4167	0.41378	3345.2	3759.0	8.0992	1.7665	2.2404	722.94	0.32188	33.727	0.084031	vapor
628.12	10.000	2.4139	0.41427	3347.1	3761.4	8.1018	1.7672	2.2410	723.33	0.32082	33.768	0.084170	vapor
629.17	10.000	2.4111	0.41476	3348.9	3763.7	8.1044	1.7679	2.2417	723.72	0.31977	33.810	0.084309	vapor
630.21	10.000	2.4082	0.41524	3350.8	3766.0	8.1070	1.7686	2.2423	724.12	0.31872	33.851	0.084448	vapor
631.25	10.000	2.4054	0.41573	3352.6	3768.4	8.1096	1.7693	2.2430	724.51	0.31768	33.892	0.084587	vapor
632.29	10.000	2.4026	0.41622	3354.5	3770.7	8.1121	1.7700	2.2436	724.91	0.31663	33.934	0.084726	vapor
633.33	10.000	2.3998	0.41671	3356.3	3773.0	8.1147	1.7707	2.2443	725.30	0.31560	33.975	0.084865	vapor
634.37	10.000	2.3970	0.41719	3358.2	3775.4	8.1173	1.7714	2.2449	725.69	0.31457	34.016	0.085004	vapor
635.42	10.000	2.3942	0.41768	3360.0	3777.7	8.1199	1.7721	2.2456	726.08	0.31354	34.057	0.085143	vapor
636.46	10.000	2.3914	0.41817	3361.9	3780.1	8.1225	1.7728	2.2462	726.48	0.31252	34.099	0.085283	vapor
637.50	10.000	2.3886	0.41865	3363.7	3782.4	8.1250	1.7735	2.2469	726.87	0.31150	34.140	0.085422	vapor
638.54	10.000	2.3858	0.41914	3365.6	3784.7	8.1276	1.7742	2.2476	727.26	0.31049	34.181	0.085561	vapor
639.58	10.000	2.3831	0.41963	3367.5	3787.1	8.1302	1.7749	2.2482	727.65	0.30948	34.222	0.085701	vapor
640.62	10.000	2.3803	0.42011	3369.3	3789.4	8.1327	1.7756	2.2489	728.04	0.30848	34.264	0.085840	vapor
641.67	10.000	2.3776	0.42060	3371.2	3791.8	8.1353	1.7763	2.2495	728.43	0.30747	34.305	0.085980	vapor
642.71	10.000	2.3748	0.42109	3373.0	3794.1	8.1378	1.7770	2.2502	728.82	0.30648	34.346	0.086120	vapor
643.75	10.000	2.3721	0.42157	3374.9	3796.5	8.1404	1.7777	2.2509	729.21	0.30549	34.387	0.086259	vapor
644.79	10.000	2.3693	0.42206	3376.7	3798.8	8.1430	1.7784	2.2515	729.60	0.30450	34.428	0.086399	vapor
645.83	10.000	2.3666	0.42255	3378.6	3801.1	8.1455	1.7792	2.2522	729.99	0.30352	34.470	0.086539	vapor
646.87	10.000	2.3639	0.42303	3380.5	3803.5	8.1481	1.7799	2.2528	730.38	0.30254	34.511	0.086679	vapor
647.92	10.000	2.3612	0.42352	3382.3	3805.8	8.1506	1.7806	2.2535	730.77	0.30156	34.552	0.086819	vapor
648.96	10.000	2.3584	0.42401	3384.2	3808.2	8.1532	1.7813	2.2542	731.16	0.30059	34.593	0.086959	vapor
650.00	10.000	2.3557	0.42449	3386.0	3810.5	8.1557	1.7820	2.2548	731.55	0.29963	34.634	0.087099	vapor
