Temperature (C)	Pressure (bar)	Density (kg/m3)	Volume (m3/kg)	Internal Energy (kJ/kg)	Enthalpy (kJ/kg)	Entropy (J/g*K)	Cv (J/g*K)	Cp (J/g*K)	Sound Spd. (m/s)	Joule-Thomson (K/bar)	Viscosity (uPa*s)	Therm. Cond. (W/m*K)	Phase
25.000	17.500	997.79	0.0010022	104.69	106.45	0.36677	4.1320	4.1766	1499.5	-0.022142	889.70	0.60794	liquid
26.042	17.500	997.52	0.0010025	109.04	110.80	0.38134	4.1280	4.1762	1502.2	-0.022073	869.04	0.60971	liquid
27.083	17.500	997.23	0.0010028	113.39	115.15	0.39585	4.1238	4.1759	1504.9	-0.022005	849.14	0.61146	liquid
28.125	17.500	996.94	0.0010031	117.74	119.50	0.41032	4.1197	4.1757	1507.5	-0.021937	829.98	0.61318	liquid
29.167	17.500	996.63	0.0010034	122.09	123.85	0.42473	4.1154	4.1755	1510.0	-0.021870	811.50	0.61489	liquid
30.208	17.500	996.32	0.0010037	126.44	128.20	0.43909	4.1111	4.1753	1512.4	-0.021803	793.68	0.61658	liquid
31.250	17.500	996.00	0.0010040	130.79	132.54	0.45340	4.1068	4.1752	1514.8	-0.021738	776.48	0.61825	liquid
32.292	17.500	995.66	0.0010044	135.14	136.89	0.46767	4.1024	4.1751	1517.1	-0.021672	759.89	0.61989	liquid
33.333	17.500	995.32	0.0010047	139.48	141.24	0.48188	4.0980	4.1751	1519.3	-0.021608	743.86	0.62152	liquid
34.375	17.500	994.97	0.0010051	143.83	145.59	0.49605	4.0936	4.1750	1521.4	-0.021543	728.37	0.62312	liquid
35.417	17.500	994.62	0.0010054	148.18	149.94	0.51016	4.0890	4.1750	1523.5	-0.021480	713.40	0.62470	liquid
36.458	17.500	994.25	0.0010058	152.53	154.29	0.52423	4.0845	4.1751	1525.5	-0.021417	698.92	0.62626	liquid
37.500	17.500	993.87	0.0010062	156.88	158.64	0.53826	4.0799	4.1751	1527.4	-0.021354	684.92	0.62779	liquid
38.542	17.500	993.49	0.0010066	161.23	162.99	0.55223	4.0753	4.1752	1529.3	-0.021292	671.36	0.62930	liquid
39.583	17.500	993.10	0.0010070	165.57	167.34	0.56617	4.0706	4.1753	1531.1	-0.021230	658.24	0.63079	liquid
40.625	17.500	992.70	0.0010074	169.92	171.69	0.58005	4.0659	4.1755	1532.8	-0.021168	645.53	0.63225	liquid
41.667	17.500	992.29	0.0010078	174.27	176.04	0.59389	4.0611	4.1756	1534.5	-0.021107	633.22	0.63369	liquid
42.708	17.500	991.87	0.0010082	178.62	180.39	0.60768	4.0564	4.1758	1536.1	-0.021046	621.29	0.63511	liquid
43.750	17.500	991.45	0.0010086	182.97	184.74	0.62143	4.0515	4.1760	1537.6	-0.020986	609.71	0.63650	liquid
44.792	17.500	991.02	0.0010091	187.32	189.09	0.63514	4.0467	4.1762	1539.1	-0.020926	598.49	0.63787	liquid
45.833	17.500	990.58	0.0010095	191.67	193.44	0.64880	4.0418	4.1764	1540.5	-0.020866	587.60	0.63922	liquid
46.875	17.500	990.13	0.0010100	196.02	197.79	0.66241	4.0369	4.1767	1541.8	-0.020807	577.04	0.64054	liquid
47.917	17.500	989.68	0.0010104	200.37	202.14	0.67599	4.0320	4.1770	1543.1	-0.020748	566.78	0.64184	liquid
48.958	17.500	989.22	0.0010109	204.72	206.49	0.68952	4.0270	4.1772	1544.4	-0.020689	556.81	0.64311	liquid
50.000	17.500	988.75	0.0010114	209.07	210.84	0.70300	4.0220	4.1776	1545.5	-0.020630	547.13	0.64436	liquid
51.042	17.500	988.28	0.0010119	213.42	215.19	0.71645	4.0169	4.1779	1546.7	-0.020572	537.73	0.64559	liquid
52.083	17.500	987.80	0.0010124	217.77	219.54	0.72985	4.0119	4.1782	1547.7	-0.020513	528.59	0.64679	liquid
53.125	17.500	987.31	0.0010129	222.12	223.90	0.74321	4.0068	4.1786	1548.7	-0.020455	519.70	0.64797	liquid
54.167	17.500	986.81	0.0010134	226.48	228.25	0.75653	4.0017	4.1789	1549.7	-0.020398	511.06	0.64912	liquid
55.208	17.500	986.31	0.0010139	230.83	232.60	0.76981	3.9966	4.1793	1550.6	-0.020340	502.65	0.65026	liquid
56.250	17.500	985.80	0.0010144	235.18	236.96	0.78305	3.9914	4.1797	1551.4	-0.020282	494.47	0.65137	liquid
57.292	17.500	985.29	0.0010149	239.53	241.31	0.79625	3.9862	4.1802	1552.2	-0.020225	486.50	0.65245	liquid
58.333	17.500	984.76	0.0010155	243.89	245.66	0.80940	3.9810	4.1806	1553.0	-0.020168	478.75	0.65352	liquid
59.375	17.500	984.24	0.0010160	248.24	250.02	0.82252	3.9758	4.1810	1553.6	-0.020111	471.20	0.65456	liquid
60.417	17.500	983.70	0.0010166	252.60	254.38	0.83560	3.9706	4.1815	1554.3	-0.020054	463.85	0.65558	liquid
61.458	17.500	983.16	0.0010171	256.95	258.73	0.84864	3.9653	4.1820	1554.9	-0.019997	456.68	0.65657	liquid
62.500	17.500	982.61	0.0010177	261.31	263.09	0.86164	3.9601	4.1825	1555.4	-0.019940	449.70	0.65755	liquid
63.542	17.500	982.06	0.0010183	265.66	267.44	0.87460	3.9548	4.1830	1555.9	-0.019883	442.90	0.65850	liquid
64.583	17.500	981.50	0.0010188	270.02	271.80	0.88752	3.9495	4.1835	1556.3	-0.019826	436.26	0.65943	liquid
65.625	17.500	980.93	0.0010194	274.38	276.16	0.90040	3.9441	4.1840	1556.7	-0.019769	429.79	0.66034	liquid
66.667	17.500	980.36	0.0010200	278.73	280.52	0.91325	3.9388	4.1846	1557.1	-0.019713	423.48	0.66123	liquid
67.708	17.500	979.78	0.0010206	283.09	284.88	0.92606	3.9335	4.1852	1557.4	-0.019656	417.33	0.66210	liquid
68.750	17.500	979.20	0.0010212	287.45	289.24	0.93883	3.9281	4.1858	1557.7	-0.019599	411.32	0.66295	liquid
69.792	17.500	978.61	0.0010219	291.81	293.60	0.95157	3.9227	4.1864	1557.9	-0.019542	405.46	0.66377	liquid
70.833	17.500	978.01	0.0010225	296.17	297.96	0.96426	3.9174	4.1870	1558.0	-0.019486	399.74	0.66458	liquid
71.875	17.500	977.41	0.0010231	300.53	302.32	0.97692	3.9120	4.1876	1558.2	-0.019429	394.15	0.66537	liquid
72.917	17.500	976.81	0.0010237	304.89	306.68	0.98955	3.9066	4.1883	1558.2	-0.019372	388.70	0.66614	liquid
73.958	17.500	976.19	0.0010244	309.25	311.05	1.0021	3.9012	4.1889	1558.3	-0.019315	383.37	0.66688	liquid
75.000	17.500	975.57	0.0010250	313.62	315.41	1.0147	3.8958	4.1896	1558.3	-0.019258	378.16	0.66761	liquid
76.042	17.500	974.95	0.0010257	317.98	319.78	1.0272	3.8904	4.1903	1558.2	-0.019201	373.08	0.66832	liquid
77.083	17.500	974.32	0.0010264	322.34	324.14	1.0397	3.8849	4.1910	1558.2	-0.019144	368.11	0.66901	liquid
78.125	17.500	973.69	0.0010270	326.71	328.51	1.0521	3.8795	4.1918	1558.0	-0.019087	363.25	0.66969	liquid
79.167	17.500	973.04	0.0010277	331.08	332.87	1.0646	3.8741	4.1925	1557.9	-0.019030	358.50	0.67034	liquid
80.208	17.500	972.40	0.0010284	335.44	337.24	1.0769	3.8687	4.1933	1557.7	-0.018972	353.86	0.67098	liquid
81.250	17.500	971.75	0.0010291	339.81	341.61	1.0893	3.8632	4.1941	1557.4	-0.018915	349.32	0.67160	liquid
82.292	17.500	971.09	0.0010298	344.18	345.98	1.1016	3.8578	4.1949	1557.1	-0.018857	344.88	0.67220	liquid
83.333	17.500	970.43	0.0010305	348.55	350.35	1.1139	3.8523	4.1958	1556.8	-0.018799	340.54	0.67279	liquid
84.375	17.500	969.76	0.0010312	352.92	354.72	1.1261	3.8469	4.1966	1556.4	-0.018741	336.29	0.67335	liquid
85.417	17.500	969.09	0.0010319	357.29	359.09	1.1383	3.8415	4.1975	1556.0	-0.018683	332.13	0.67390	liquid
86.458	17.500	968.41	0.0010326	361.66	363.46	1.1505	3.8360	4.1984	1555.6	-0.018625	328.06	0.67444	liquid
87.500	17.500	967.72	0.0010334	366.03	367.84	1.1626	3.8306	4.1993	1555.1	-0.018567	324.07	0.67496	liquid
88.542	17.500	967.04	0.0010341	370.40	372.21	1.1748	3.8252	4.2002	1554.6	-0.018508	320.17	0.67546	liquid
89.583	17.500	966.34	0.0010348	374.78	376.59	1.1868	3.8197	4.2012	1554.1	-0.018449	316.35	0.67595	liquid
90.625	17.500	965.64	0.0010356	379.15	380.97	1.1989	3.8143	4.2021	1553.5	-0.018390	312.61	0.67642	liquid
91.667	17.500	964.94	0.0010363	383.53	385.34	1.2109	3.8089	4.2031	1552.9	-0.018331	308.95	0.67687	liquid
92.708	17.500	964.23	0.0010371	387.91	389.72	1.2229	3.8034	4.2041	1552.2	-0.018271	305.36	0.67731	liquid
93.750	17.500	963.51	0.0010379	392.29	394.10	1.2348	3.7980	4.2052	1551.5	-0.018211	301.85	0.67774	liquid
94.792	17.500	962.79	0.0010386	396.67	398.48	1.2468	3.7926	4.2062	1550.8	-0.018151	298.40	0.67815	liquid
95.833	17.500	962.07	0.0010394	401.05	402.87	1.2587	3.7872	4.2073	1550.1	-0.018091	295.03	0.67855	liquid
96.875	17.500	961.34	0.0010402	405.43	407.25	1.2705	3.7818	4.2084	1549.3	-0.018030	291.72	0.67893	liquid
97.917	17.500	960.61	0.0010410	409.81	411.63	1.2823	3.7764	4.2096	1548.4	-0.017970	288.48	0.67930	liquid
98.958	17.500	959.87	0.0010418	414.20	416.02	1.2942	3.7710	4.2107	1547.6	-0.017908	285.30	0.67965	liquid
100.00	17.500	959.12	0.0010426	418.58	420.40	1.3059	3.7656	4.2119	1546.7	-0.017847	282.18	0.67999	liquid
101.04	17.500	958.37	0.0010434	422.97	424.79	1.3177	3.7602	4.2131	1545.8	-0.017785	279.13	0.68032	liquid
102.08	17.500	957.62	0.0010443	427.35	429.18	1.3294	3.7549	4.2143	1544.8	-0.017723	276.13	0.68064	liquid
103.13	17.500	956.86	0.0010451	431.74	433.57	1.3411	3.7495	4.2156	1543.8	-0.017661	273.19	0.68094	liquid
104.17	17.500	956.09	0.0010459	436.13	437.96	1.3527	3.7442	4.2168	1542.8	-0.017598	270.31	0.68122	liquid
105.21	17.500	955.32	0.0010468	440.53	442.36	1.3643	3.7388	4.2181	1541.8	-0.017535	267.48	0.68150	liquid
106.25	17.500	954.55	0.0010476	444.92	446.75	1.3759	3.7335	4.2195	1540.7	-0.017472	264.70	0.68176	liquid
107.29	17.500	953.77	0.0010485	449.31	451.15	1.3875	3.7282	4.2208	1539.6	-0.017408	261.98	0.68201	liquid
108.33	17.500	952.99	0.0010493	453.71	455.55	1.3991	3.7229	4.2222	1538.4	-0.017344	259.30	0.68225	liquid
109.38	17.500	952.20	0.0010502	458.11	459.94	1.4106	3.7176	4.2236	1537.2	-0.017280	256.68	0.68247	liquid
110.42	17.500	951.41	0.0010511	462.51	464.35	1.4221	3.7123	4.2250	1536.0	-0.017215	254.10	0.68269	liquid
111.46	17.500	950.61	0.0010520	466.91	468.75	1.4335	3.7070	4.2265	1534.8	-0.017150	251.57	0.68289	liquid
112.50	17.500	949.80	0.0010528	471.31	473.15	1.4450	3.7018	4.2280	1533.5	-0.017084	249.09	0.68308	liquid
113.54	17.500	949.00	0.0010537	475.71	477.56	1.4564	3.6965	4.2295	1532.2	-0.017018	246.65	0.68326	liquid
114.58	17.500	948.18	0.0010546	480.12	481.96	1.4677	3.6913	4.2311	1530.9	-0.016951	244.25	0.68342	liquid
115.63	17.500	947.37	0.0010556	484.52	486.37	1.4791	3.6860	4.2326	1529.5	-0.016885	241.90	0.68358	liquid
116.67	17.500	946.54	0.0010565	488.93	490.78	1.4904	3.6808	4.2342	1528.2	-0.016817	239.59	0.68372	liquid
117.71	17.500	945.72	0.0010574	493.34	495.19	1.5017	3.6756	4.2359	1526.7	-0.016749	237.32	0.68385	liquid
118.75	17.500	944.89	0.0010583	497.75	499.60	1.5130	3.6704	4.2375	1525.3	-0.016681	235.09	0.68398	liquid
119.79	17.500	944.05	0.0010593	502.17	504.02	1.5243	3.6653	4.2392	1523.8	-0.016613	232.89	0.68409	liquid
120.83	17.500	943.21	0.0010602	506.58	508.44	1.5355	3.6601	4.2409	1522.3	-0.016543	230.74	0.68419	liquid
121.88	17.500	942.36	0.0010612	511.00	512.85	1.5467	3.6550	4.2427	1520.8	-0.016474	228.62	0.68428	liquid
122.92	17.500	941.51	0.0010621	515.42	517.28	1.5579	3.6498	4.2445	1519.2	-0.016404	226.54	0.68435	liquid
123.96	17.500	940.66	0.0010631	519.84	521.70	1.5690	3.6447	4.2463	1517.7	-0.016333	224.49	0.68442	liquid
125.00	17.500	939.80	0.0010641	524.26	526.12	1.5801	3.6396	4.2481	1516.0	-0.016262	222.48	0.68448	liquid
126.04	17.500	938.93	0.0010650	528.68	530.55	1.5912	3.6345	4.2500	1514.4	-0.016190	220.50	0.68453	liquid
127.08	17.500	938.06	0.0010660	533.11	534.98	1.6023	3.6295	4.2519	1512.7	-0.016118	218.56	0.68456	liquid
128.13	17.500	937.19	0.0010670	537.54	539.41	1.6134	3.6244	4.2539	1511.0	-0.016045	216.64	0.68459	liquid
129.17	17.500	936.31	0.0010680	541.97	543.84	1.6244	3.6194	4.2558	1509.3	-0.015972	214.76	0.68461	liquid
130.21	17.500	935.43	0.0010690	546.40	548.27	1.6354	3.6143	4.2579	1507.6	-0.015898	212.91	0.68461	liquid
131.25	17.500	934.54	0.0010700	550.84	552.71	1.6464	3.6093	4.2599	1505.8	-0.015823	211.09	0.68461	liquid
132.29	17.500	933.64	0.0010711	555.27	557.15	1.6574	3.6043	4.2620	1504.0	-0.015748	209.30	0.68460	liquid
133.33	17.500	932.75	0.0010721	559.71	561.59	1.6683	3.5994	4.2641	1502.1	-0.015673	207.54	0.68457	liquid
134.38	17.500	931.84	0.0010731	564.15	566.03	1.6792	3.5944	4.2662	1500.3	-0.015596	205.80	0.68454	liquid
135.42	17.500	930.94	0.0010742	568.60	570.48	1.6901	3.5895	4.2684	1498.4	-0.015520	204.10	0.68450	liquid
136.46	17.500	930.02	0.0010752	573.04	574.92	1.7010	3.5845	4.2706	1496.5	-0.015442	202.42	0.68445	liquid
137.50	17.500	929.11	0.0010763	577.49	579.37	1.7118	3.5796	4.2729	1494.6	-0.015364	200.76	0.68438	liquid
138.54	17.500	928.18	0.0010774	581.94	583.83	1.7226	3.5747	4.2752	1492.6	-0.015285	199.13	0.68431	liquid
139.58	17.500	927.26	0.0010784	586.39	588.28	1.7335	3.5698	4.2775	1490.6	-0.015206	197.53	0.68423	liquid
140.63	17.500	926.33	0.0010795	590.85	592.74	1.7442	3.5650	4.2799	1488.6	-0.015126	195.95	0.68414	liquid
141.67	17.500	925.39	0.0010806	595.30	597.20	1.7550	3.5601	4.2823	1486.5	-0.015045	194.40	0.68404	liquid
142.71	17.500	924.45	0.0010817	599.77	601.66	1.7657	3.5553	4.2847	1484.5	-0.014963	192.87	0.68393	liquid
143.75	17.500	923.51	0.0010828	604.23	606.12	1.7765	3.5505	4.2872	1482.4	-0.014881	191.36	0.68381	liquid
144.79	17.500	922.55	0.0010839	608.69	610.59	1.7872	3.5457	4.2897	1480.3	-0.014798	189.88	0.68368	liquid
145.83	17.500	921.60	0.0010851	613.16	615.06	1.7979	3.5409	4.2923	1478.1	-0.014715	188.42	0.68355	liquid
146.88	17.500	920.64	0.0010862	617.63	619.53	1.8085	3.5362	4.2949	1476.0	-0.014630	186.98	0.68340	liquid
147.92	17.500	919.67	0.0010873	622.10	624.01	1.8192	3.5315	4.2975	1473.8	-0.014545	185.56	0.68324	liquid
148.96	17.500	918.71	0.0010885	626.58	628.49	1.8298	3.5267	4.3002	1471.5	-0.014459	184.16	0.68308	liquid
150.00	17.500	917.73	0.0010896	631.06	632.97	1.8404	3.5220	4.3030	1469.3	-0.014372	182.78	0.68290	liquid
151.04	17.500	916.75	0.0010908	635.54	637.45	1.8510	3.5173	4.3057	1467.0	-0.014285	181.43	0.68272	liquid
152.08	17.500	915.77	0.0010920	640.03	641.94	1.8615	3.5127	4.3085	1464.7	-0.014197	180.09	0.68253	liquid
153.13	17.500	914.78	0.0010932	644.51	646.43	1.8721	3.5080	4.3114	1462.4	-0.014107	178.77	0.68232	liquid
154.17	17.500	913.78	0.0010944	649.00	650.92	1.8826	3.5034	4.3143	1460.1	-0.014017	177.47	0.68211	liquid
155.21	17.500	912.78	0.0010955	653.50	655.41	1.8931	3.4988	4.3172	1457.7	-0.013927	176.19	0.68189	liquid
156.25	17.500	911.78	0.0010968	657.99	659.91	1.9036	3.4942	4.3202	1455.3	-0.013835	174.93	0.68166	liquid
157.29	17.500	910.77	0.0010980	662.49	664.41	1.9141	3.4896	4.3232	1452.9	-0.013742	173.68	0.68142	liquid
158.33	17.500	909.76	0.0010992	667.00	668.92	1.9245	3.4851	4.3263	1450.5	-0.013649	172.45	0.68117	liquid
159.38	17.500	908.74	0.0011004	671.50	673.43	1.9350	3.4805	4.3294	1448.0	-0.013554	171.24	0.68092	liquid
160.42	17.500	907.71	0.0011017	676.01	677.94	1.9454	3.4760	4.3326	1445.5	-0.013459	170.05	0.68065	liquid
161.46	17.500	906.69	0.0011029	680.52	682.45	1.9558	3.4715	4.3358	1443.0	-0.013363	168.87	0.68037	liquid
162.50	17.500	905.65	0.0011042	685.04	686.97	1.9662	3.4670	4.3391	1440.4	-0.013266	167.71	0.68009	liquid
163.54	17.500	904.61	0.0011054	689.56	691.49	1.9765	3.4625	4.3424	1437.9	-0.013167	166.56	0.67979	liquid
164.58	17.500	903.57	0.0011067	694.08	696.02	1.9869	3.4581	4.3457	1435.3	-0.013068	165.43	0.67949	liquid
165.63	17.500	902.52	0.0011080	698.61	700.55	1.9972	3.4536	4.3491	1432.7	-0.012968	164.32	0.67918	liquid
166.67	17.500	901.46	0.0011093	703.14	705.08	2.0075	3.4492	4.3526	1430.0	-0.012867	163.22	0.67886	liquid
167.71	17.500	900.40	0.0011106	707.67	709.62	2.0178	3.4448	4.3561	1427.4	-0.012765	162.13	0.67852	liquid
168.75	17.500	899.34	0.0011119	712.21	714.15	2.0281	3.4405	4.3597	1424.7	-0.012661	161.06	0.67818	liquid
169.79	17.500	898.27	0.0011133	716.75	718.70	2.0384	3.4361	4.3633	1422.0	-0.012557	160.00	0.67783	liquid
170.83	17.500	897.19	0.0011146	721.29	723.24	2.0486	3.4318	4.3669	1419.2	-0.012451	158.96	0.67747	liquid
171.88	17.500	896.11	0.0011159	725.84	727.80	2.0589	3.4274	4.3707	1416.5	-0.012345	157.93	0.67711	liquid
172.92	17.500	895.03	0.0011173	730.39	732.35	2.0691	3.4231	4.3744	1413.7	-0.012237	156.91	0.67673	liquid
173.96	17.500	893.94	0.0011186	734.95	736.91	2.0793	3.4189	4.3783	1410.9	-0.012128	155.90	0.67634	liquid
175.00	17.500	892.84	0.0011200	739.51	741.47	2.0895	3.4146	4.3821	1408.0	-0.012018	154.91	0.67594	liquid
176.04	17.500	891.74	0.0011214	744.08	746.04	2.0997	3.4103	4.3861	1405.2	-0.011907	153.93	0.67554	liquid
177.08	17.500	890.63	0.0011228	748.64	750.61	2.1098	3.4061	4.3901	1402.3	-0.011794	152.97	0.67512	liquid
178.13	17.500	889.52	0.0011242	753.22	755.18	2.1200	3.4019	4.3942	1399.4	-0.011680	152.01	0.67470	liquid
179.17	17.500	888.40	0.0011256	757.79	759.76	2.1301	3.3977	4.3983	1396.5	-0.011565	151.07	0.67426	liquid
180.21	17.500	887.27	0.0011270	762.38	764.35	2.1402	3.3935	4.4025	1393.5	-0.011449	150.14	0.67382	liquid
181.25	17.500	886.14	0.0011285	766.96	768.94	2.1504	3.3894	4.4067	1390.5	-0.011331	149.22	0.67336	liquid
182.29	17.500	885.01	0.0011299	771.55	773.53	2.1604	3.3853	4.4110	1387.5	-0.011212	148.31	0.67290	liquid
183.33	17.500	883.87	0.0011314	776.15	778.13	2.1705	3.3811	4.4154	1384.5	-0.011092	147.41	0.67243	liquid
184.38	17.500	882.72	0.0011329	780.74	782.73	2.1806	3.3770	4.4198	1381.5	-0.010970	146.52	0.67194	liquid
185.42	17.500	881.57	0.0011343	785.35	787.33	2.1907	3.3730	4.4243	1378.4	-0.010847	145.64	0.67145	liquid
186.46	17.500	880.41	0.0011358	789.96	791.94	2.2007	3.3689	4.4289	1375.3	-0.010723	144.78	0.67095	liquid
187.50	17.500	879.25	0.0011373	794.57	796.56	2.2107	3.3649	4.4335	1372.2	-0.010597	143.92	0.67043	liquid
188.54	17.500	878.08	0.0011389	799.19	801.18	2.2207	3.3608	4.4382	1369.0	-0.010469	143.07	0.66991	liquid
189.58	17.500	876.90	0.0011404	803.81	805.81	2.2308	3.3568	4.4429	1365.8	-0.010340	142.24	0.66938	liquid
190.63	17.500	875.72	0.0011419	808.44	810.44	2.2408	3.3528	4.4478	1362.7	-0.010210	141.41	0.66883	liquid
191.67	17.500	874.53	0.0011435	813.07	815.07	2.2507	3.3489	4.4527	1359.4	-0.010078	140.59	0.66828	liquid
192.71	17.500	873.34	0.0011450	817.71	819.71	2.2607	3.3449	4.4577	1356.2	-0.0099441	139.78	0.66772	liquid
193.75	17.500	872.14	0.0011466	822.35	824.36	2.2707	3.3410	4.4627	1352.9	-0.0098088	138.98	0.66715	liquid
194.79	17.500	870.93	0.0011482	827.00	829.01	2.2806	3.3371	4.4679	1349.6	-0.0096718	138.19	0.66656	liquid
195.83	17.500	869.72	0.0011498	831.66	833.67	2.2906	3.3332	4.4731	1346.3	-0.0095331	137.41	0.66597	liquid
196.88	17.500	868.50	0.0011514	836.31	838.33	2.3005	3.3293	4.4784	1343.0	-0.0093927	136.64	0.66536	liquid
197.92	17.500	867.28	0.0011530	840.98	843.00	2.3104	3.3255	4.4837	1339.6	-0.0092506	135.87	0.66475	liquid
198.96	17.500	866.04	0.0011547	845.65	847.67	2.3203	3.3216	4.4892	1336.2	-0.0091067	135.12	0.66412	liquid
200.00	17.500	864.81	0.0011563	850.33	852.35	2.3302	3.3178	4.4947	1332.8	-0.0089609	134.37	0.66349	liquid
201.04	17.500	863.56	0.0011580	855.01	857.03	2.3401	3.3140	4.5003	1329.3	-0.0088132	133.63	0.66284	liquid
202.08	17.500	862.31	0.0011597	859.70	861.73	2.3500	3.3102	4.5060	1325.9	-0.0086637	132.89	0.66218	liquid
203.13	17.500	861.06	0.0011614	864.39	866.42	2.3599	3.3065	4.5118	1322.4	-0.0085122	132.17	0.66151	liquid
204.17	17.500	859.79	0.0011631	869.09	871.13	2.3697	3.3027	4.5177	1318.8	-0.0083588	131.45	0.66083	liquid
205.21	17.500	858.52	0.0011648	873.80	875.83	2.3796	3.2990	4.5236	1315.3	-0.0082033	130.74	0.66014	liquid
205.73	17.500	857.89	0.0011657	876.13	878.17	2.3845	3.2972	4.5266	1313.5	-0.0081254	130.39	0.65979	liquid
205.73	17.500	8.8156	0.11343	2596.7	2795.2	6.3877	2.1086	3.0796	504.38	2.3348	15.913	0.041231	vapor
206.25	17.500	8.7999	0.11364	2598.0	2796.8	6.3910	2.0968	3.0602	504.95	2.3241	15.937	0.041232	vapor
207.29	17.500	8.7691	0.11404	2600.4	2800.0	6.3976	2.0751	3.0241	506.05	2.3032	15.985	0.041235	vapor
208.33	17.500	8.7387	0.11443	2602.9	2803.1	6.4042	2.0553	2.9910	507.13	2.2828	16.032	0.041241	vapor
209.38	17.500	8.7087	0.11483	2605.3	2806.2	6.4106	2.0371	2.9604	508.18	2.2628	16.079	0.041249	vapor
210.42	17.500	8.6791	0.11522	2607.7	2809.3	6.4169	2.0203	2.9320	509.21	2.2432	16.127	0.041258	vapor
211.46	17.500	8.6499	0.11561	2610.0	2812.3	6.4232	2.0049	2.9056	510.21	2.2240	16.174	0.041270	vapor
212.50	17.500	8.6211	0.11599	2612.4	2815.3	6.4294	1.9905	2.8810	511.20	2.2051	16.222	0.041283	vapor
213.54	17.500	8.5927	0.11638	2614.7	2818.3	6.4356	1.9772	2.8580	512.16	2.1866	16.269	0.041298	vapor
214.58	17.500	8.5646	0.11676	2617.0	2821.3	6.4417	1.9648	2.8364	513.11	2.1685	16.316	0.041315	vapor
215.63	17.500	8.5368	0.11714	2619.2	2824.2	6.4477	1.9531	2.8161	514.05	2.1506	16.363	0.041334	vapor
216.67	17.500	8.5094	0.11752	2621.5	2827.2	6.4537	1.9423	2.7969	514.97	2.1331	16.411	0.041354	vapor
217.71	17.500	8.4823	0.11789	2623.8	2830.1	6.4596	1.9320	2.7787	515.88	2.1159	16.458	0.041376	vapor
218.75	17.500	8.4554	0.11827	2626.0	2833.0	6.4655	1.9224	2.7615	516.78	2.0989	16.505	0.041400	vapor
219.79	17.500	8.4289	0.11864	2628.2	2835.8	6.4713	1.9132	2.7451	517.66	2.0822	16.552	0.041425	vapor
220.83	17.500	8.4026	0.11901	2630.4	2838.7	6.4771	1.9046	2.7295	518.54	2.0658	16.599	0.041451	vapor
221.88	17.500	8.3767	0.11938	2632.6	2841.5	6.4828	1.8964	2.7146	519.40	2.0496	16.646	0.041479	vapor
222.92	17.500	8.3510	0.11975	2634.8	2844.3	6.4885	1.8885	2.7004	520.26	2.0336	16.693	0.041509	vapor
223.96	17.500	8.3255	0.12011	2636.9	2847.1	6.4941	1.8811	2.6867	521.11	2.0179	16.740	0.041540	vapor
225.00	17.500	8.3003	0.12048	2639.1	2849.9	6.4998	1.8739	2.6736	521.95	2.0024	16.787	0.041572	vapor
226.04	17.500	8.2754	0.12084	2641.2	2852.7	6.5053	1.8671	2.6610	522.78	1.9870	16.833	0.041606	vapor
227.08	17.500	8.2507	0.12120	2643.4	2855.5	6.5109	1.8606	2.6489	523.61	1.9719	16.880	0.041641	vapor
228.13	17.500	8.2262	0.12156	2645.5	2858.2	6.5164	1.8543	2.6372	524.43	1.9570	16.927	0.041677	vapor
229.17	17.500	8.2020	0.12192	2647.6	2861.0	6.5218	1.8483	2.6259	525.24	1.9423	16.974	0.041714	vapor
230.21	17.500	8.1779	0.12228	2649.7	2863.7	6.5272	1.8425	2.6150	526.05	1.9277	17.020	0.041753	vapor
231.25	17.500	8.1542	0.12264	2651.8	2866.4	6.5326	1.8369	2.6045	526.85	1.9133	17.067	0.041793	vapor
232.29	17.500	8.1306	0.12299	2653.9	2869.1	6.5380	1.8315	2.5943	527.64	1.8991	17.114	0.041834	vapor
233.33	17.500	8.1072	0.12335	2656.0	2871.8	6.5433	1.8263	2.5844	528.43	1.8851	17.160	0.041877	vapor
234.38	17.500	8.0841	0.12370	2658.0	2874.5	6.5486	1.8212	2.5748	529.22	1.8712	17.207	0.041920	vapor
235.42	17.500	8.0611	0.12405	2660.1	2877.2	6.5539	1.8163	2.5655	530.00	1.8575	17.254	0.041965	vapor
236.46	17.500	8.0384	0.12440	2662.1	2879.8	6.5591	1.8116	2.5565	530.77	1.8440	17.300	0.042011	vapor
237.50	17.500	8.0158	0.12475	2664.2	2882.5	6.5644	1.8070	2.5477	531.54	1.8306	17.347	0.042058	vapor
238.54	17.500	7.9934	0.12510	2666.2	2885.2	6.5695	1.8026	2.5392	532.31	1.8173	17.393	0.042106	vapor
239.58	17.500	7.9712	0.12545	2668.3	2887.8	6.5747	1.7983	2.5309	533.07	1.8042	17.440	0.042155	vapor
240.63	17.500	7.9492	0.12580	2670.3	2890.4	6.5798	1.7941	2.5228	533.83	1.7912	17.486	0.042205	vapor
241.67	17.500	7.9274	0.12614	2672.3	2893.1	6.5849	1.7901	2.5150	534.58	1.7784	17.533	0.042256	vapor
242.71	17.500	7.9058	0.12649	2674.3	2895.7	6.5900	1.7861	2.5073	535.33	1.7657	17.579	0.042308	vapor
243.75	17.500	7.8843	0.12683	2676.3	2898.3	6.5950	1.7823	2.4999	536.07	1.7532	17.625	0.042361	vapor
244.79	17.500	7.8630	0.12718	2678.3	2900.9	6.6001	1.7786	2.4926	536.81	1.7407	17.672	0.042415	vapor
245.83	17.500	7.8419	0.12752	2680.3	2903.5	6.6051	1.7749	2.4856	537.55	1.7284	17.718	0.042470	vapor
246.88	17.500	7.8209	0.12786	2682.3	2906.1	6.6101	1.7714	2.4787	538.28	1.7163	17.764	0.042526	vapor
247.92	17.500	7.8001	0.12820	2684.3	2908.6	6.6150	1.7680	2.4719	539.01	1.7043	17.811	0.042583	vapor
248.96	17.500	7.7795	0.12854	2686.3	2911.2	6.6199	1.7646	2.4654	539.74	1.6924	17.857	0.042640	vapor
250.00	17.500	7.7590	0.12888	2688.2	2913.8	6.6248	1.7614	2.4589	540.46	1.6806	17.903	0.042699	vapor
251.04	17.500	7.7387	0.12922	2690.2	2916.3	6.6297	1.7582	2.4527	541.18	1.6689	17.950	0.042758	vapor
252.08	17.500	7.7185	0.12956	2692.2	2918.9	6.6346	1.7551	2.4466	541.90	1.6574	17.996	0.042819	vapor
253.13	17.500	7.6985	0.12990	2694.1	2921.4	6.6394	1.7521	2.4406	542.61	1.6459	18.042	0.042880	vapor
254.17	17.500	7.6786	0.13023	2696.1	2924.0	6.6443	1.7492	2.4348	543.32	1.6346	18.088	0.042942	vapor
255.21	17.500	7.6589	0.13057	2698.0	2926.5	6.6491	1.7464	2.4291	544.03	1.6234	18.134	0.043005	vapor
256.25	17.500	7.6393	0.13090	2699.9	2929.0	6.6538	1.7436	2.4235	544.73	1.6123	18.180	0.043068	vapor
257.29	17.500	7.6199	0.13124	2701.9	2931.5	6.6586	1.7409	2.4181	545.43	1.6014	18.226	0.043133	vapor
258.33	17.500	7.6005	0.13157	2703.8	2934.1	6.6633	1.7382	2.4128	546.13	1.5905	18.273	0.043198	vapor
259.38	17.500	7.5814	0.13190	2705.7	2936.6	6.6680	1.7357	2.4076	546.83	1.5798	18.319	0.043264	vapor
260.42	17.500	7.5623	0.13223	2707.7	2939.1	6.6727	1.7332	2.4025	547.52	1.5691	18.365	0.043331	vapor
261.46	17.500	7.5434	0.13257	2709.6	2941.6	6.6774	1.7307	2.3975	548.21	1.5586	18.411	0.043398	vapor
262.50	17.500	7.5247	0.13290	2711.5	2944.1	6.6821	1.7283	2.3927	548.89	1.5482	18.457	0.043466	vapor
263.54	17.500	7.5060	0.13323	2713.4	2946.6	6.6867	1.7260	2.3879	549.58	1.5378	18.503	0.043535	vapor
264.58	17.500	7.4875	0.13356	2715.3	2949.0	6.6914	1.7237	2.3833	550.26	1.5276	18.549	0.043605	vapor
265.63	17.500	7.4691	0.13389	2717.2	2951.5	6.6960	1.7215	2.3787	550.94	1.5175	18.595	0.043675	vapor
266.67	17.500	7.4508	0.13421	2719.1	2954.0	6.7006	1.7194	2.3743	551.61	1.5074	18.640	0.043746	vapor
267.71	17.500	7.4327	0.13454	2721.0	2956.5	6.7051	1.7173	2.3699	552.29	1.4975	18.686	0.043818	vapor
268.75	17.500	7.4146	0.13487	2722.9	2958.9	6.7097	1.7152	2.3657	552.96	1.4877	18.732	0.043891	vapor
269.79	17.500	7.3967	0.13520	2724.8	2961.4	6.7142	1.7132	2.3615	553.63	1.4779	18.778	0.043964	vapor
270.83	17.500	7.3789	0.13552	2726.7	2963.9	6.7187	1.7113	2.3574	554.29	1.4683	18.824	0.044037	vapor
271.88	17.500	7.3612	0.13585	2728.6	2966.3	6.7233	1.7094	2.3535	554.96	1.4588	18.870	0.044112	vapor
272.92	17.500	7.3437	0.13617	2730.5	2968.8	6.7277	1.7075	2.3496	555.62	1.4493	18.916	0.044187	vapor
273.96	17.500	7.3262	0.13650	2732.3	2971.2	6.7322	1.7057	2.3457	556.28	1.4399	18.962	0.044262	vapor
275.00	17.500	7.3089	0.13682	2734.2	2973.7	6.7367	1.7040	2.3420	556.93	1.4307	19.007	0.044338	vapor
276.04	17.500	7.2916	0.13714	2736.1	2976.1	6.7411	1.7022	2.3383	557.59	1.4215	19.053	0.044415	vapor
277.08	17.500	7.2745	0.13747	2738.0	2978.5	6.7455	1.7006	2.3348	558.24	1.4124	19.099	0.044493	vapor
278.13	17.500	7.2575	0.13779	2739.8	2981.0	6.7500	1.6989	2.3312	558.89	1.4034	19.145	0.044571	vapor
279.17	17.500	7.2406	0.13811	2741.7	2983.4	6.7544	1.6974	2.3278	559.54	1.3945	19.190	0.044649	vapor
280.21	17.500	7.2238	0.13843	2743.5	2985.8	6.7587	1.6958	2.3244	560.19	1.3856	19.236	0.044729	vapor
281.25	17.500	7.2070	0.13875	2745.4	2988.2	6.7631	1.6943	2.3212	560.83	1.3769	19.282	0.044808	vapor
282.29	17.500	7.1904	0.13907	2747.3	2990.6	6.7675	1.6928	2.3179	561.47	1.3682	19.327	0.044889	vapor
283.33	17.500	7.1739	0.13939	2749.1	2993.1	6.7718	1.6914	2.3148	562.11	1.3596	19.373	0.044970	vapor
284.38	17.500	7.1575	0.13971	2751.0	2995.5	6.7761	1.6900	2.3117	562.75	1.3511	19.419	0.045051	vapor
285.42	17.500	7.1412	0.14003	2752.8	2997.9	6.7804	1.6886	2.3086	563.39	1.3427	19.464	0.045133	vapor
286.46	17.500	7.1250	0.14035	2754.7	3000.3	6.7847	1.6873	2.3057	564.02	1.3343	19.510	0.045215	vapor
287.50	17.500	7.1089	0.14067	2756.5	3002.7	6.7890	1.6860	2.3028	564.65	1.3260	19.556	0.045298	vapor
288.54	17.500	7.0928	0.14099	2758.3	3005.1	6.7933	1.6848	2.2999	565.28	1.3178	19.601	0.045382	vapor
289.58	17.500	7.0769	0.14130	2760.2	3007.5	6.7976	1.6835	2.2971	565.91	1.3097	19.647	0.045466	vapor
290.63	17.500	7.0610	0.14162	2762.0	3009.9	6.8018	1.6823	2.2944	566.54	1.3017	19.692	0.045551	vapor
291.67	17.500	7.0453	0.14194	2763.8	3012.2	6.8060	1.6812	2.2917	567.16	1.2937	19.738	0.045636	vapor
292.71	17.500	7.0296	0.14225	2765.7	3014.6	6.8103	1.6801	2.2891	567.78	1.2858	19.783	0.045721	vapor
293.75	17.500	7.0141	0.14257	2767.5	3017.0	6.8145	1.6790	2.2865	568.40	1.2780	19.829	0.045807	vapor
294.79	17.500	6.9986	0.14289	2769.3	3019.4	6.8187	1.6779	2.2840	569.02	1.2702	19.875	0.045894	vapor
295.83	17.500	6.9832	0.14320	2771.2	3021.8	6.8228	1.6768	2.2816	569.64	1.2626	19.920	0.045981	vapor
296.88	17.500	6.9679	0.14352	2773.0	3024.1	6.8270	1.6758	2.2792	570.26	1.2549	19.965	0.046068	vapor
297.92	17.500	6.9526	0.14383	2774.8	3026.5	6.8312	1.6748	2.2768	570.87	1.2474	20.011	0.046156	vapor
298.96	17.500	6.9375	0.14414	2776.6	3028.9	6.8353	1.6739	2.2745	571.48	1.2399	20.056	0.046244	vapor
300.00	17.500	6.9224	0.14446	2778.5	3031.3	6.8395	1.6730	2.2722	572.09	1.2325	20.102	0.046333	vapor
301.04	17.500	6.9074	0.14477	2780.3	3033.6	6.8436	1.6721	2.2700	572.70	1.2252	20.147	0.046422	vapor
302.08	17.500	6.8926	0.14508	2782.1	3036.0	6.8477	1.6712	2.2678	573.31	1.2179	20.193	0.046512	vapor
303.13	17.500	6.8777	0.14540	2783.9	3038.3	6.8518	1.6703	2.2657	573.91	1.2107	20.238	0.046602	vapor
304.17	17.500	6.8630	0.14571	2785.7	3040.7	6.8559	1.6695	2.2636	574.52	1.2036	20.283	0.046693	vapor
305.21	17.500	6.8483	0.14602	2787.5	3043.1	6.8600	1.6687	2.2615	575.12	1.1965	20.329	0.046784	vapor
306.25	17.500	6.8338	0.14633	2789.3	3045.4	6.8640	1.6679	2.2595	575.72	1.1895	20.374	0.046875	vapor
307.29	17.500	6.8193	0.14664	2791.1	3047.8	6.8681	1.6671	2.2576	576.32	1.1825	20.419	0.046967	vapor
308.33	17.500	6.8048	0.14695	2793.0	3050.1	6.8721	1.6664	2.2556	576.92	1.1756	20.465	0.047059	vapor
309.38	17.500	6.7905	0.14727	2794.8	3052.5	6.8762	1.6657	2.2538	577.51	1.1688	20.510	0.047152	vapor
310.42	17.500	6.7762	0.14758	2796.6	3054.8	6.8802	1.6650	2.2519	578.11	1.1620	20.555	0.047245	vapor
311.46	17.500	6.7620	0.14789	2798.4	3057.2	6.8842	1.6643	2.2501	578.70	1.1553	20.601	0.047339	vapor
312.50	17.500	6.7479	0.14820	2800.2	3059.5	6.8882	1.6637	2.2483	579.29	1.1486	20.646	0.047432	vapor
313.54	17.500	6.7338	0.14850	2802.0	3061.8	6.8922	1.6630	2.2466	579.88	1.1421	20.691	0.047527	vapor
314.58	17.500	6.7198	0.14881	2803.8	3064.2	6.8962	1.6624	2.2449	580.47	1.1355	20.737	0.047621	vapor
315.63	17.500	6.7059	0.14912	2805.6	3066.5	6.9002	1.6618	2.2432	581.06	1.1290	20.782	0.047716	vapor
316.67	17.500	6.6921	0.14943	2807.4	3068.9	6.9041	1.6613	2.2416	581.65	1.1226	20.827	0.047812	vapor
317.71	17.500	6.6783	0.14974	2809.1	3071.2	6.9081	1.6607	2.2400	582.23	1.1162	20.872	0.047907	vapor
318.75	17.500	6.6646	0.15005	2810.9	3073.5	6.9120	1.6602	2.2384	582.81	1.1099	20.917	0.048003	vapor
319.79	17.500	6.6509	0.15035	2812.7	3075.9	6.9160	1.6597	2.2369	583.39	1.1037	20.963	0.048100	vapor
320.83	17.500	6.6374	0.15066	2814.5	3078.2	6.9199	1.6592	2.2354	583.98	1.0974	21.008	0.048197	vapor
321.88	17.500	6.6239	0.15097	2816.3	3080.5	6.9238	1.6587	2.2339	584.55	1.0913	21.053	0.048294	vapor
322.92	17.500	6.6104	0.15128	2818.1	3082.8	6.9277	1.6582	2.2325	585.13	1.0852	21.098	0.048391	vapor
323.96	17.500	6.5971	0.15158	2819.9	3085.2	6.9316	1.6578	2.2311	585.71	1.0791	21.143	0.048489	vapor
325.00	17.500	6.5838	0.15189	2821.7	3087.5	6.9355	1.6574	2.2297	586.28	1.0731	21.188	0.048587	vapor
326.04	17.500	6.5705	0.15219	2823.5	3089.8	6.9394	1.6570	2.2283	586.86	1.0672	21.233	0.048686	vapor
327.08	17.500	6.5573	0.15250	2825.3	3092.1	6.9432	1.6566	2.2270	587.43	1.0613	21.278	0.048785	vapor
328.13	17.500	6.5442	0.15281	2827.0	3094.4	6.9471	1.6562	2.2257	588.00	1.0554	21.324	0.048884	vapor
329.17	17.500	6.5312	0.15311	2828.8	3096.8	6.9509	1.6558	2.2245	588.57	1.0496	21.369	0.048983	vapor
330.21	17.500	6.5182	0.15342	2830.6	3099.1	6.9548	1.6555	2.2232	589.14	1.0439	21.414	0.049083	vapor
331.25	17.500	6.5053	0.15372	2832.4	3101.4	6.9586	1.6551	2.2220	589.71	1.0382	21.459	0.049183	vapor
332.29	17.500	6.4924	0.15403	2834.2	3103.7	6.9624	1.6548	2.2208	590.28	1.0325	21.504	0.049284	vapor
333.33	17.500	6.4796	0.15433	2835.9	3106.0	6.9663	1.6545	2.2196	590.84	1.0269	21.549	0.049385	vapor
334.38	17.500	6.4669	0.15463	2837.7	3108.3	6.9701	1.6542	2.2185	591.41	1.0213	21.594	0.049486	vapor
335.42	17.500	6.4542	0.15494	2839.5	3110.6	6.9739	1.6539	2.2174	591.97	1.0158	21.639	0.049587	vapor
336.46	17.500	6.4416	0.15524	2841.3	3113.0	6.9777	1.6537	2.2163	592.53	1.0103	21.684	0.049689	vapor
337.50	17.500	6.4290	0.15555	2843.1	3115.3	6.9814	1.6534	2.2152	593.09	1.0049	21.729	0.049791	vapor
338.54	17.500	6.4165	0.15585	2844.8	3117.6	6.9852	1.6532	2.2142	593.65	0.99951	21.774	0.049893	vapor
339.58	17.500	6.4040	0.15615	2846.6	3119.9	6.9890	1.6530	2.2132	594.21	0.99416	21.819	0.049996	vapor
340.63	17.500	6.3916	0.15645	2848.4	3122.2	6.9927	1.6527	2.2122	594.77	0.98886	21.864	0.050099	vapor
341.67	17.500	6.3793	0.15676	2850.2	3124.5	6.9965	1.6525	2.2112	595.32	0.98360	21.909	0.050202	vapor
342.71	17.500	6.3670	0.15706	2851.9	3126.8	7.0002	1.6524	2.2102	595.88	0.97838	21.953	0.050305	vapor
343.75	17.500	6.3548	0.15736	2853.7	3129.1	7.0040	1.6522	2.2093	596.43	0.97321	21.998	0.050409	vapor
344.79	17.500	6.3426	0.15766	2855.5	3131.4	7.0077	1.6520	2.2084	596.98	0.96808	22.043	0.050513	vapor
345.83	17.500	6.3305	0.15796	2857.3	3133.7	7.0114	1.6519	2.2075	597.53	0.96298	22.088	0.050618	vapor
346.88	17.500	6.3185	0.15827	2859.0	3136.0	7.0151	1.6517	2.2066	598.08	0.95793	22.133	0.050722	vapor
347.92	17.500	6.3065	0.15857	2860.8	3138.3	7.0188	1.6516	2.2058	598.63	0.95292	22.178	0.050827	vapor
348.96	17.500	6.2945	0.15887	2862.6	3140.6	7.0225	1.6515	2.2049	599.18	0.94794	22.223	0.050932	vapor
350.00	17.500	6.2826	0.15917	2864.3	3142.9	7.0262	1.6514	2.2041	599.73	0.94301	22.268	0.051037	vapor
351.04	17.500	6.2708	0.15947	2866.1	3145.2	7.0299	1.6513	2.2033	600.28	0.93811	22.312	0.051143	vapor
352.08	17.500	6.2590	0.15977	2867.9	3147.5	7.0336	1.6512	2.2025	600.82	0.93325	22.357	0.051249	vapor
353.12	17.500	6.2472	0.16007	2869.6	3149.8	7.0372	1.6511	2.2018	601.37	0.92843	22.402	0.051355	vapor
354.17	17.500	6.2355	0.16037	2871.4	3152.1	7.0409	1.6510	2.2010	601.91	0.92365	22.447	0.051462	vapor
355.21	17.500	6.2239	0.16067	2873.2	3154.4	7.0445	1.6510	2.2003	602.45	0.91890	22.491	0.051568	vapor
356.25	17.500	6.2123	0.16097	2874.9	3156.6	7.0482	1.6509	2.1996	602.99	0.91420	22.536	0.051675	vapor
357.29	17.500	6.2008	0.16127	2876.7	3158.9	7.0518	1.6509	2.1989	603.53	0.90952	22.581	0.051782	vapor
358.33	17.500	6.1893	0.16157	2878.5	3161.2	7.0555	1.6509	2.1983	604.07	0.90488	22.626	0.051890	vapor
359.37	17.500	6.1778	0.16187	2880.2	3163.5	7.0591	1.6509	2.1976	604.61	0.90028	22.670	0.051998	vapor
360.42	17.500	6.1664	0.16217	2882.0	3165.8	7.0627	1.6508	2.1970	605.15	0.89572	22.715	0.052106	vapor
361.46	17.500	6.1551	0.16247	2883.8	3168.1	7.0663	1.6508	2.1963	605.68	0.89118	22.760	0.052214	vapor
362.50	17.500	6.1438	0.16277	2885.5	3170.4	7.0699	1.6509	2.1957	606.22	0.88669	22.805	0.052322	vapor
363.54	17.500	6.1325	0.16306	2887.3	3172.7	7.0735	1.6509	2.1952	606.75	0.88222	22.849	0.052431	vapor
364.58	17.500	6.1213	0.16336	2889.1	3175.0	7.0771	1.6509	2.1946	607.29	0.87779	22.894	0.052540	vapor
365.62	17.500	6.1102	0.16366	2890.8	3177.2	7.0807	1.6509	2.1940	607.82	0.87339	22.939	0.052649	vapor
366.67	17.500	6.0991	0.16396	2892.6	3179.5	7.0842	1.6510	2.1935	608.35	0.86903	22.983	0.052758	vapor
367.71	17.500	6.0880	0.16426	2894.4	3181.8	7.0878	1.6510	2.1929	608.88	0.86470	23.028	0.052868	vapor
368.75	17.500	6.0770	0.16455	2896.1	3184.1	7.0914	1.6511	2.1924	609.41	0.86040	23.072	0.052977	vapor
369.79	17.500	6.0660	0.16485	2897.9	3186.4	7.0949	1.6512	2.1919	609.94	0.85613	23.117	0.053087	vapor
370.83	17.500	6.0551	0.16515	2899.6	3188.7	7.0985	1.6512	2.1914	610.47	0.85189	23.162	0.053198	vapor
371.87	17.500	6.0442	0.16545	2901.4	3190.9	7.1020	1.6513	2.1910	611.00	0.84769	23.206	0.053308	vapor
372.92	17.500	6.0334	0.16574	2903.2	3193.2	7.1056	1.6514	2.1905	611.52	0.84352	23.251	0.053419	vapor
373.96	17.500	6.0226	0.16604	2904.9	3195.5	7.1091	1.6515	2.1901	612.05	0.83937	23.295	0.053530	vapor
375.00	17.500	6.0119	0.16634	2906.7	3197.8	7.1126	1.6516	2.1896	612.57	0.83526	23.340	0.053641	vapor
376.04	17.500	6.0012	0.16663	2908.5	3200.1	7.1161	1.6517	2.1892	613.10	0.83118	23.384	0.053752	vapor
377.08	17.500	5.9905	0.16693	2910.2	3202.3	7.1196	1.6518	2.1888	613.62	0.82712	23.429	0.053863	vapor
378.12	17.500	5.9799	0.16723	2912.0	3204.6	7.1231	1.6520	2.1884	614.14	0.82310	23.473	0.053975	vapor
379.17	17.500	5.9693	0.16752	2913.7	3206.9	7.1266	1.6521	2.1880	614.66	0.81910	23.518	0.054087	vapor
380.21	17.500	5.9588	0.16782	2915.5	3209.2	7.1301	1.6522	2.1876	615.18	0.81514	23.562	0.054199	vapor
381.25	17.500	5.9483	0.16812	2917.3	3211.5	7.1336	1.6524	2.1873	615.70	0.81120	23.607	0.054312	vapor
382.29	17.500	5.9378	0.16841	2919.0	3213.7	7.1371	1.6526	2.1869	616.22	0.80729	23.651	0.054424	vapor
383.33	17.500	5.9274	0.16871	2920.8	3216.0	7.1406	1.6527	2.1866	616.74	0.80341	23.696	0.054537	vapor
384.37	17.500	5.9171	0.16900	2922.5	3218.3	7.1440	1.6529	2.1863	617.25	0.79955	23.740	0.054650	vapor
385.42	17.500	5.9067	0.16930	2924.3	3220.6	7.1475	1.6531	2.1860	617.77	0.79573	23.785	0.054763	vapor
386.46	17.500	5.8965	0.16959	2926.1	3222.8	7.1509	1.6532	2.1857	618.28	0.79193	23.829	0.054876	vapor
387.50	17.500	5.8862	0.16989	2927.8	3225.1	7.1544	1.6534	2.1854	618.80	0.78816	23.873	0.054990	vapor
388.54	17.500	5.8760	0.17018	2929.6	3227.4	7.1578	1.6536	2.1851	619.31	0.78441	23.918	0.055103	vapor
389.58	17.500	5.8659	0.17048	2931.3	3229.7	7.1613	1.6538	2.1848	619.82	0.78069	23.962	0.055217	vapor
390.62	17.500	5.8557	0.17077	2933.1	3232.0	7.1647	1.6540	2.1846	620.34	0.77700	24.007	0.055331	vapor
391.67	17.500	5.8456	0.17107	2934.9	3234.2	7.1681	1.6542	2.1843	620.85	0.77333	24.051	0.055446	vapor
392.71	17.500	5.8356	0.17136	2936.6	3236.5	7.1715	1.6544	2.1841	621.36	0.76969	24.095	0.055560	vapor
393.75	17.500	5.8256	0.17166	2938.4	3238.8	7.1750	1.6547	2.1838	621.87	0.76607	24.140	0.055675	vapor
394.79	17.500	5.8156	0.17195	2940.1	3241.1	7.1784	1.6549	2.1836	622.38	0.76248	24.184	0.055790	vapor
395.83	17.500	5.8057	0.17224	2941.9	3243.3	7.1818	1.6551	2.1834	622.88	0.75891	24.228	0.055905	vapor
396.87	17.500	5.7958	0.17254	2943.7	3245.6	7.1852	1.6554	2.1832	623.39	0.75537	24.273	0.056020	vapor
397.92	17.500	5.7860	0.17283	2945.4	3247.9	7.1886	1.6556	2.1830	623.90	0.75185	24.317	0.056135	vapor
398.96	17.500	5.7761	0.17313	2947.2	3250.2	7.1919	1.6559	2.1829	624.40	0.74836	24.361	0.056251	vapor
400.00	17.500	5.7664	0.17342	2948.9	3252.4	7.1953	1.6561	2.1827	624.91	0.74489	24.405	0.056366	vapor
401.04	17.500	5.7566	0.17371	2950.7	3254.7	7.1987	1.6564	2.1825	625.41	0.74144	24.450	0.056482	vapor
402.08	17.500	5.7469	0.17401	2952.5	3257.0	7.2021	1.6566	2.1824	625.92	0.73802	24.494	0.056598	vapor
403.12	17.500	5.7373	0.17430	2954.2	3259.2	7.2054	1.6569	2.1822	626.42	0.73462	24.538	0.056715	vapor
404.17	17.500	5.7276	0.17459	2956.0	3261.5	7.2088	1.6572	2.1821	626.92	0.73124	24.582	0.056831	vapor
405.21	17.500	5.7180	0.17489	2957.7	3263.8	7.2121	1.6575	2.1820	627.42	0.72789	24.627	0.056948	vapor
406.25	17.500	5.7085	0.17518	2959.5	3266.1	7.2155	1.6577	2.1819	627.92	0.72456	24.671	0.057064	vapor
407.29	17.500	5.6989	0.17547	2961.3	3268.3	7.2188	1.6580	2.1817	628.42	0.72125	24.715	0.057181	vapor
408.33	17.500	5.6895	0.17576	2963.0	3270.6	7.2222	1.6583	2.1816	628.92	0.71796	24.759	0.057298	vapor
409.37	17.500	5.6800	0.17606	2964.8	3272.9	7.2255	1.6586	2.1816	629.42	0.71469	24.803	0.057416	vapor
410.42	17.500	5.6706	0.17635	2966.5	3275.2	7.2288	1.6589	2.1815	629.92	0.71145	24.847	0.057533	vapor
411.46	17.500	5.6612	0.17664	2968.3	3277.4	7.2322	1.6592	2.1814	630.41	0.70823	24.892	0.057651	vapor
412.50	17.500	5.6518	0.17693	2970.1	3279.7	7.2355	1.6595	2.1813	630.91	0.70503	24.936	0.057768	vapor
413.54	17.500	5.6425	0.17723	2971.8	3282.0	7.2388	1.6599	2.1813	631.41	0.70185	24.980	0.057886	vapor
414.58	17.500	5.6332	0.17752	2973.6	3284.2	7.2421	1.6602	2.1812	631.90	0.69869	25.024	0.058004	vapor
415.62	17.500	5.6240	0.17781	2975.3	3286.5	7.2454	1.6605	2.1812	632.40	0.69555	25.068	0.058123	vapor
416.67	17.500	5.6148	0.17810	2977.1	3288.8	7.2487	1.6608	2.1811	632.89	0.69244	25.112	0.058241	vapor
417.71	17.500	5.6056	0.17839	2978.9	3291.1	7.2520	1.6612	2.1811	633.38	0.68934	25.156	0.058360	vapor
418.75	17.500	5.5965	0.17868	2980.6	3293.3	7.2553	1.6615	2.1811	633.87	0.68626	25.200	0.058478	vapor
419.79	17.500	5.5873	0.17898	2982.4	3295.6	7.2585	1.6618	2.1811	634.37	0.68321	25.244	0.058597	vapor
420.83	17.500	5.5783	0.17927	2984.2	3297.9	7.2618	1.6622	2.1811	634.86	0.68017	25.288	0.058716	vapor
421.87	17.500	5.5692	0.17956	2985.9	3300.1	7.2651	1.6625	2.1811	635.35	0.67715	25.332	0.058835	vapor
422.92	17.500	5.5602	0.17985	2987.7	3302.4	7.2684	1.6629	2.1811	635.84	0.67416	25.376	0.058955	vapor
423.96	17.500	5.5512	0.18014	2989.4	3304.7	7.2716	1.6632	2.1811	636.32	0.67118	25.420	0.059074	vapor
425.00	17.500	5.5423	0.18043	2991.2	3307.0	7.2749	1.6636	2.1811	636.81	0.66822	25.464	0.059194	vapor
426.04	17.500	5.5333	0.18072	2993.0	3309.2	7.2781	1.6640	2.1811	637.30	0.66528	25.508	0.059313	vapor
427.08	17.500	5.5244	0.18101	2994.7	3311.5	7.2814	1.6643	2.1812	637.79	0.66236	25.552	0.059433	vapor
428.12	17.500	5.5156	0.18130	2996.5	3313.8	7.2846	1.6647	2.1812	638.27	0.65946	25.596	0.059553	vapor
429.17	17.500	5.5068	0.18160	2998.3	3316.1	7.2879	1.6651	2.1813	638.76	0.65657	25.640	0.059674	vapor
430.21	17.500	5.4980	0.18189	3000.0	3318.3	7.2911	1.6655	2.1813	639.24	0.65371	25.684	0.059794	vapor
431.25	17.500	5.4892	0.18218	3001.8	3320.6	7.2943	1.6658	2.1814	639.73	0.65086	25.728	0.059915	vapor
432.29	17.500	5.4805	0.18247	3003.6	3322.9	7.2975	1.6662	2.1814	640.21	0.64803	25.772	0.060035	vapor
433.33	17.500	5.4718	0.18276	3005.3	3325.1	7.3008	1.6666	2.1815	640.69	0.64522	25.816	0.060156	vapor
434.37	17.500	5.4631	0.18305	3007.1	3327.4	7.3040	1.6670	2.1816	641.18	0.64242	25.859	0.060277	vapor
435.42	17.500	5.4544	0.18334	3008.8	3329.7	7.3072	1.6674	2.1817	641.66	0.63965	25.903	0.060398	vapor
436.46	17.500	5.4458	0.18363	3010.6	3332.0	7.3104	1.6678	2.1818	642.14	0.63689	25.947	0.060519	vapor
437.50	17.500	5.4372	0.18392	3012.4	3334.2	7.3136	1.6682	2.1819	642.62	0.63414	25.991	0.060640	vapor
438.54	17.500	5.4287	0.18421	3014.1	3336.5	7.3168	1.6686	2.1820	643.10	0.63142	26.035	0.060762	vapor
439.58	17.500	5.4202	0.18450	3015.9	3338.8	7.3200	1.6690	2.1821	643.58	0.62871	26.079	0.060884	vapor
440.62	17.500	5.4117	0.18479	3017.7	3341.0	7.3232	1.6694	2.1822	644.06	0.62602	26.122	0.061005	vapor
441.67	17.500	5.4032	0.18508	3019.4	3343.3	7.3263	1.6699	2.1823	644.54	0.62334	26.166	0.061127	vapor
442.71	17.500	5.3948	0.18537	3021.2	3345.6	7.3295	1.6703	2.1824	645.01	0.62069	26.210	0.061249	vapor
443.75	17.500	5.3863	0.18565	3023.0	3347.9	7.3327	1.6707	2.1826	645.49	0.61804	26.254	0.061371	vapor
444.79	17.500	5.3780	0.18594	3024.7	3350.1	7.3359	1.6711	2.1827	645.97	0.61542	26.297	0.061494	vapor
445.83	17.500	5.3696	0.18623	3026.5	3352.4	7.3390	1.6715	2.1829	646.44	0.61281	26.341	0.061616	vapor
446.87	17.500	5.3613	0.18652	3028.3	3354.7	7.3422	1.6720	2.1830	646.92	0.61022	26.385	0.061739	vapor
447.92	17.500	5.3530	0.18681	3030.0	3357.0	7.3453	1.6724	2.1832	647.39	0.60764	26.429	0.061861	vapor
448.96	17.500	5.3447	0.18710	3031.8	3359.2	7.3485	1.6728	2.1833	647.87	0.60507	26.472	0.061984	vapor
450.00	17.500	5.3365	0.18739	3033.6	3361.5	7.3516	1.6733	2.1835	648.34	0.60253	26.516	0.062107	vapor
451.04	17.500	5.3283	0.18768	3035.4	3363.8	7.3548	1.6737	2.1836	648.81	0.60000	26.560	0.062230	vapor
452.08	17.500	5.3201	0.18797	3037.1	3366.1	7.3579	1.6742	2.1838	649.28	0.59748	26.603	0.062354	vapor
453.12	17.500	5.3119	0.18826	3038.9	3368.3	7.3611	1.6746	2.1840	649.75	0.59498	26.647	0.062477	vapor
454.17	17.500	5.3038	0.18854	3040.7	3370.6	7.3642	1.6751	2.1842	650.23	0.59249	26.691	0.062600	vapor
455.21	17.500	5.2957	0.18883	3042.4	3372.9	7.3673	1.6755	2.1844	650.70	0.59002	26.734	0.062724	vapor
456.25	17.500	5.2876	0.18912	3044.2	3375.2	7.3704	1.6760	2.1846	651.17	0.58757	26.778	0.062848	vapor
457.29	17.500	5.2796	0.18941	3046.0	3377.4	7.3736	1.6764	2.1848	651.63	0.58512	26.821	0.062972	vapor
458.33	17.500	5.2715	0.18970	3047.7	3379.7	7.3767	1.6769	2.1850	652.10	0.58270	26.865	0.063096	vapor
459.37	17.500	5.2635	0.18999	3049.5	3382.0	7.3798	1.6774	2.1852	652.57	0.58029	26.909	0.063220	vapor
460.42	17.500	5.2556	0.19027	3051.3	3384.3	7.3829	1.6778	2.1854	653.04	0.57789	26.952	0.063344	vapor
461.46	17.500	5.2476	0.19056	3053.1	3386.5	7.3860	1.6783	2.1856	653.51	0.57550	26.996	0.063468	vapor
462.50	17.500	5.2397	0.19085	3054.8	3388.8	7.3891	1.6788	2.1858	653.97	0.57313	27.039	0.063593	vapor
463.54	17.500	5.2318	0.19114	3056.6	3391.1	7.3922	1.6792	2.1860	654.44	0.57078	27.083	0.063717	vapor
464.58	17.500	5.2239	0.19143	3058.4	3393.4	7.3953	1.6797	2.1863	654.90	0.56843	27.126	0.063842	vapor
465.62	17.500	5.2161	0.19171	3060.2	3395.7	7.3983	1.6802	2.1865	655.37	0.56611	27.170	0.063967	vapor
466.67	17.500	5.2083	0.19200	3061.9	3397.9	7.4014	1.6807	2.1867	655.83	0.56379	27.213	0.064092	vapor
467.71	17.500	5.2005	0.19229	3063.7	3400.2	7.4045	1.6812	2.1870	656.30	0.56149	27.257	0.064217	vapor
468.75	17.500	5.1927	0.19258	3065.5	3402.5	7.4076	1.6816	2.1872	656.76	0.55920	27.300	0.064342	vapor
469.79	17.500	5.1850	0.19286	3067.3	3404.8	7.4106	1.6821	2.1875	657.22	0.55693	27.344	0.064468	vapor
470.83	17.500	5.1773	0.19315	3069.0	3407.0	7.4137	1.6826	2.1877	657.68	0.55466	27.387	0.064593	vapor
471.87	17.500	5.1696	0.19344	3070.8	3409.3	7.4168	1.6831	2.1880	658.15	0.55242	27.430	0.064719	vapor
472.92	17.500	5.1619	0.19373	3072.6	3411.6	7.4198	1.6836	2.1882	658.61	0.55018	27.474	0.064844	vapor
473.96	17.500	5.1543	0.19401	3074.4	3413.9	7.4229	1.6841	2.1885	659.07	0.54796	27.517	0.064970	vapor
475.00	17.500	5.1467	0.19430	3076.1	3416.2	7.4259	1.6846	2.1888	659.53	0.54575	27.561	0.065096	vapor
476.04	17.500	5.1391	0.19459	3077.9	3418.4	7.4290	1.6851	2.1891	659.99	0.54355	27.604	0.065222	vapor
477.08	17.500	5.1315	0.19488	3079.7	3420.7	7.4320	1.6856	2.1893	660.45	0.54136	27.647	0.065348	vapor
478.12	17.500	5.1239	0.19516	3081.5	3423.0	7.4351	1.6861	2.1896	660.90	0.53919	27.691	0.065474	vapor
479.17	17.500	5.1164	0.19545	3083.2	3425.3	7.4381	1.6866	2.1899	661.36	0.53703	27.734	0.065601	vapor
480.21	17.500	5.1089	0.19574	3085.0	3427.6	7.4411	1.6871	2.1902	661.82	0.53488	27.777	0.065727	vapor
481.25	17.500	5.1014	0.19602	3086.8	3429.8	7.4441	1.6876	2.1905	662.28	0.53275	27.821	0.065854	vapor
482.29	17.500	5.0940	0.19631	3088.6	3432.1	7.4472	1.6881	2.1908	662.73	0.53063	27.864	0.065981	vapor
483.33	17.500	5.0866	0.19660	3090.4	3434.4	7.4502	1.6887	2.1911	663.19	0.52851	27.907	0.066107	vapor
484.37	17.500	5.0792	0.19688	3092.1	3436.7	7.4532	1.6892	2.1914	663.64	0.52642	27.951	0.066234	vapor
485.42	17.500	5.0718	0.19717	3093.9	3439.0	7.4562	1.6897	2.1917	664.10	0.52433	27.994	0.066361	vapor
486.46	17.500	5.0644	0.19746	3095.7	3441.3	7.4592	1.6902	2.1920	664.55	0.52225	28.037	0.066488	vapor
487.50	17.500	5.0571	0.19774	3097.5	3443.5	7.4622	1.6907	2.1923	665.01	0.52019	28.080	0.066616	vapor
488.54	17.500	5.0498	0.19803	3099.3	3445.8	7.4652	1.6913	2.1926	665.46	0.51813	28.124	0.066743	vapor
489.58	17.500	5.0425	0.19832	3101.1	3448.1	7.4682	1.6918	2.1930	665.91	0.51609	28.167	0.066871	vapor
490.62	17.500	5.0352	0.19860	3102.8	3450.4	7.4712	1.6923	2.1933	666.36	0.51406	28.210	0.066998	vapor
491.67	17.500	5.0280	0.19889	3104.6	3452.7	7.4742	1.6929	2.1936	666.82	0.51204	28.253	0.067126	vapor
492.71	17.500	5.0207	0.19917	3106.4	3455.0	7.4772	1.6934	2.1940	667.27	0.51004	28.296	0.067254	vapor
493.75	17.500	5.0135	0.19946	3108.2	3457.3	7.4802	1.6939	2.1943	667.72	0.50804	28.340	0.067382	vapor
494.79	17.500	5.0064	0.19975	3110.0	3459.5	7.4832	1.6945	2.1946	668.17	0.50605	28.383	0.067510	vapor
495.83	17.500	4.9992	0.20003	3111.8	3461.8	7.4861	1.6950	2.1950	668.62	0.50408	28.426	0.067638	vapor
496.87	17.500	4.9921	0.20032	3113.6	3464.1	7.4891	1.6955	2.1953	669.07	0.50212	28.469	0.067766	vapor
497.92	17.500	4.9850	0.20060	3115.3	3466.4	7.4921	1.6961	2.1957	669.52	0.50016	28.512	0.067894	vapor
498.96	17.500	4.9779	0.20089	3117.1	3468.7	7.4950	1.6966	2.1960	669.97	0.49822	28.555	0.068023	vapor
500.00	17.500	4.9708	0.20118	3118.9	3471.0	7.4980	1.6972	2.1964	670.41	0.49629	28.598	0.068151	vapor
501.04	17.500	4.9637	0.20146	3120.7	3473.3	7.5010	1.6977	2.1967	670.86	0.49437	28.641	0.068280	vapor
502.08	17.500	4.9567	0.20175	3122.5	3475.5	7.5039	1.6983	2.1971	671.31	0.49246	28.684	0.068409	vapor
503.12	17.500	4.9497	0.20203	3124.3	3477.8	7.5069	1.6988	2.1975	671.75	0.49056	28.727	0.068538	vapor
504.17	17.500	4.9427	0.20232	3126.1	3480.1	7.5098	1.6994	2.1978	672.20	0.48867	28.770	0.068667	vapor
505.21	17.500	4.9358	0.20260	3127.9	3482.4	7.5127	1.6999	2.1982	672.65	0.48679	28.813	0.068796	vapor
506.25	17.500	4.9288	0.20289	3129.7	3484.7	7.5157	1.7005	2.1986	673.09	0.48492	28.856	0.068925	vapor
507.29	17.500	4.9219	0.20317	3131.4	3487.0	7.5186	1.7010	2.1989	673.54	0.48306	28.899	0.069054	vapor
508.33	17.500	4.9150	0.20346	3133.2	3489.3	7.5216	1.7016	2.1993	673.98	0.48121	28.942	0.069183	vapor
509.37	17.500	4.9081	0.20374	3135.0	3491.6	7.5245	1.7022	2.1997	674.42	0.47937	28.985	0.069313	vapor
510.42	17.500	4.9012	0.20403	3136.8	3493.9	7.5274	1.7027	2.2001	674.87	0.47754	29.028	0.069442	vapor
511.46	17.500	4.8944	0.20432	3138.6	3496.2	7.5303	1.7033	2.2005	675.31	0.47572	29.071	0.069572	vapor
512.50	17.500	4.8876	0.20460	3140.4	3498.5	7.5333	1.7038	2.2009	675.75	0.47391	29.114	0.069702	vapor
513.54	17.500	4.8808	0.20489	3142.2	3500.7	7.5362	1.7044	2.2013	676.19	0.47211	29.157	0.069832	vapor
514.58	17.500	4.8740	0.20517	3144.0	3503.0	7.5391	1.7050	2.2016	676.64	0.47032	29.200	0.069962	vapor
515.62	17.500	4.8672	0.20546	3145.8	3505.3	7.5420	1.7055	2.2020	677.08	0.46854	29.243	0.070092	vapor
516.67	17.500	4.8605	0.20574	3147.6	3507.6	7.5449	1.7061	2.2024	677.52	0.46677	29.286	0.070222	vapor
517.71	17.500	4.8538	0.20603	3149.4	3509.9	7.5478	1.7067	2.2029	677.96	0.46500	29.329	0.070352	vapor
518.75	17.500	4.8471	0.20631	3151.2	3512.2	7.5507	1.7073	2.2033	678.40	0.46325	29.372	0.070483	vapor
519.79	17.500	4.8404	0.20659	3153.0	3514.5	7.5536	1.7078	2.2037	678.84	0.46151	29.414	0.070613	vapor
520.83	17.500	4.8337	0.20688	3154.8	3516.8	7.5565	1.7084	2.2041	679.28	0.45977	29.457	0.070744	vapor
521.87	17.500	4.8271	0.20716	3156.6	3519.1	7.5594	1.7090	2.2045	679.71	0.45804	29.500	0.070874	vapor
522.92	17.500	4.8205	0.20745	3158.4	3521.4	7.5623	1.7096	2.2049	680.15	0.45633	29.543	0.071005	vapor
523.96	17.500	4.8139	0.20773	3160.2	3523.7	7.5652	1.7102	2.2053	680.59	0.45462	29.586	0.071136	vapor
525.00	17.500	4.8073	0.20802	3162.0	3526.0	7.5680	1.7107	2.2057	681.03	0.45292	29.628	0.071267	vapor
526.04	17.500	4.8007	0.20830	3163.8	3528.3	7.5709	1.7113	2.2062	681.46	0.45123	29.671	0.071398	vapor
527.08	17.500	4.7942	0.20859	3165.6	3530.6	7.5738	1.7119	2.2066	681.90	0.44955	29.714	0.071529	vapor
528.12	17.500	4.7876	0.20887	3167.4	3532.9	7.5767	1.7125	2.2070	682.33	0.44788	29.757	0.071660	vapor
529.17	17.500	4.7811	0.20916	3169.2	3535.2	7.5795	1.7131	2.2075	682.77	0.44621	29.799	0.071791	vapor
530.21	17.500	4.7746	0.20944	3171.0	3537.5	7.5824	1.7137	2.2079	683.20	0.44456	29.842	0.071923	vapor
531.25	17.500	4.7682	0.20972	3172.8	3539.8	7.5853	1.7143	2.2083	683.64	0.44291	29.885	0.072054	vapor
532.29	17.500	4.7617	0.21001	3174.6	3542.1	7.5881	1.7148	2.2088	684.07	0.44127	29.927	0.072186	vapor
533.33	17.500	4.7553	0.21029	3176.4	3544.4	7.5910	1.7154	2.2092	684.51	0.43964	29.970	0.072317	vapor
534.37	17.500	4.7489	0.21058	3178.2	3546.7	7.5938	1.7160	2.2096	684.94	0.43802	30.013	0.072449	vapor
535.42	17.500	4.7425	0.21086	3180.0	3549.0	7.5967	1.7166	2.2101	685.37	0.43641	30.055	0.072581	vapor
536.46	17.500	4.7361	0.21114	3181.8	3551.3	7.5995	1.7172	2.2105	685.80	0.43480	30.098	0.072713	vapor
537.50	17.500	4.7297	0.21143	3183.6	3553.6	7.6024	1.7178	2.2110	686.24	0.43320	30.141	0.072845	vapor
538.54	17.500	4.7234	0.21171	3185.4	3555.9	7.6052	1.7184	2.2114	686.67	0.43162	30.183	0.072977	vapor
539.58	17.500	4.7171	0.21200	3187.2	3558.2	7.6080	1.7190	2.2119	687.10	0.43004	30.226	0.073109	vapor
540.62	17.500	4.7107	0.21228	3189.0	3560.5	7.6109	1.7196	2.2123	687.53	0.42846	30.268	0.073241	vapor
541.67	17.500	4.7045	0.21256	3190.8	3562.8	7.6137	1.7202	2.2128	687.96	0.42690	30.311	0.073374	vapor
542.71	17.500	4.6982	0.21285	3192.6	3565.1	7.6165	1.7208	2.2133	688.39	0.42534	30.354	0.073506	vapor
543.75	17.500	4.6919	0.21313	3194.4	3567.4	7.6193	1.7214	2.2137	688.82	0.42379	30.396	0.073639	vapor
544.79	17.500	4.6857	0.21342	3196.3	3569.7	7.6222	1.7220	2.2142	689.25	0.42225	30.439	0.073771	vapor
545.83	17.500	4.6795	0.21370	3198.1	3572.0	7.6250	1.7226	2.2147	689.68	0.42072	30.481	0.073904	vapor
546.87	17.500	4.6733	0.21398	3199.9	3574.3	7.6278	1.7232	2.2151	690.10	0.41919	30.524	0.074037	vapor
547.92	17.500	4.6671	0.21427	3201.7	3576.7	7.6306	1.7239	2.2156	690.53	0.41767	30.566	0.074170	vapor
548.96	17.500	4.6609	0.21455	3203.5	3579.0	7.6334	1.7245	2.2161	690.96	0.41616	30.609	0.074303	vapor
550.00	17.500	4.6548	0.21483	3205.3	3581.3	7.6362	1.7251	2.2165	691.39	0.41466	30.651	0.074436	vapor
551.04	17.500	4.6486	0.21512	3207.1	3583.6	7.6390	1.7257	2.2170	691.81	0.41316	30.693	0.074569	vapor
552.08	17.500	4.6425	0.21540	3208.9	3585.9	7.6418	1.7263	2.2175	692.24	0.41168	30.736	0.074702	vapor
553.12	17.500	4.6364	0.21568	3210.8	3588.2	7.6446	1.7269	2.2180	692.66	0.41020	30.778	0.074835	vapor
554.17	17.500	4.6303	0.21597	3212.6	3590.5	7.6474	1.7275	2.2185	693.09	0.40872	30.821	0.074969	vapor
555.21	17.500	4.6243	0.21625	3214.4	3592.8	7.6502	1.7282	2.2189	693.52	0.40726	30.863	0.075102	vapor
556.25	17.500	4.6182	0.21653	3216.2	3595.1	7.6530	1.7288	2.2194	693.94	0.40580	30.905	0.075236	vapor
557.29	17.500	4.6122	0.21682	3218.0	3597.4	7.6558	1.7294	2.2199	694.36	0.40435	30.948	0.075370	vapor
558.33	17.500	4.6062	0.21710	3219.8	3599.8	7.6586	1.7300	2.2204	694.79	0.40290	30.990	0.075503	vapor
559.37	17.500	4.6002	0.21738	3221.6	3602.1	7.6614	1.7306	2.2209	695.21	0.40146	31.033	0.075637	vapor
560.42	17.500	4.5942	0.21767	3223.5	3604.4	7.6641	1.7312	2.2214	695.63	0.40003	31.075	0.075771	vapor
561.46	17.500	4.5882	0.21795	3225.3	3606.7	7.6669	1.7319	2.2219	696.06	0.39861	31.117	0.075905	vapor
562.50	17.500	4.5823	0.21823	3227.1	3609.0	7.6697	1.7325	2.2224	696.48	0.39719	31.159	0.076039	vapor
563.54	17.500	4.5763	0.21852	3228.9	3611.3	7.6724	1.7331	2.2229	696.90	0.39579	31.202	0.076173	vapor
564.58	17.500	4.5704	0.21880	3230.7	3613.6	7.6752	1.7337	2.2234	697.32	0.39438	31.244	0.076307	vapor
565.62	17.500	4.5645	0.21908	3232.6	3616.0	7.6780	1.7344	2.2239	697.74	0.39299	31.286	0.076441	vapor
566.67	17.500	4.5586	0.21936	3234.4	3618.3	7.6807	1.7350	2.2244	698.16	0.39160	31.329	0.076576	vapor
567.71	17.500	4.5527	0.21965	3236.2	3620.6	7.6835	1.7356	2.2249	698.58	0.39022	31.371	0.076710	vapor
568.75	17.500	4.5469	0.21993	3238.0	3622.9	7.6862	1.7363	2.2254	699.00	0.38884	31.413	0.076845	vapor
569.79	17.500	4.5411	0.22021	3239.9	3625.2	7.6890	1.7369	2.2259	699.42	0.38747	31.455	0.076979	vapor
570.83	17.500	4.5352	0.22050	3241.7	3627.5	7.6918	1.7375	2.2264	699.84	0.38611	31.497	0.077114	vapor
571.87	17.500	4.5294	0.22078	3243.5	3629.9	7.6945	1.7381	2.2269	700.26	0.38475	31.540	0.077249	vapor
572.92	17.500	4.5236	0.22106	3245.3	3632.2	7.6972	1.7388	2.2274	700.68	0.38340	31.582	0.077384	vapor
573.96	17.500	4.5179	0.22134	3247.2	3634.5	7.7000	1.7394	2.2279	701.10	0.38206	31.624	0.077518	vapor
575.00	17.500	4.5121	0.22163	3249.0	3636.8	7.7027	1.7401	2.2285	701.52	0.38073	31.666	0.077653	vapor
576.04	17.500	4.5063	0.22191	3250.8	3639.2	7.7055	1.7407	2.2290	701.93	0.37940	31.708	0.077788	vapor
577.08	17.500	4.5006	0.22219	3252.6	3641.5	7.7082	1.7413	2.2295	702.35	0.37807	31.750	0.077924	vapor
578.12	17.500	4.4949	0.22247	3254.5	3643.8	7.7109	1.7420	2.2300	702.77	0.37675	31.792	0.078059	vapor
579.17	17.500	4.4892	0.22276	3256.3	3646.1	7.7136	1.7426	2.2305	703.18	0.37544	31.834	0.078194	vapor
580.21	17.500	4.4835	0.22304	3258.1	3648.4	7.7164	1.7432	2.2311	703.60	0.37414	31.877	0.078329	vapor
581.25	17.500	4.4778	0.22332	3260.0	3650.8	7.7191	1.7439	2.2316	704.01	0.37284	31.919	0.078465	vapor
582.29	17.500	4.4722	0.22360	3261.8	3653.1	7.7218	1.7445	2.2321	704.43	0.37155	31.961	0.078600	vapor
583.33	17.500	4.4665	0.22389	3263.6	3655.4	7.7245	1.7452	2.2327	704.84	0.37026	32.003	0.078736	vapor
584.37	17.500	4.4609	0.22417	3265.4	3657.7	7.7272	1.7458	2.2332	705.26	0.36898	32.045	0.078872	vapor
585.42	17.500	4.4553	0.22445	3267.3	3660.1	7.7300	1.7464	2.2337	705.67	0.36771	32.087	0.079007	vapor
586.46	17.500	4.4497	0.22473	3269.1	3662.4	7.7327	1.7471	2.2343	706.09	0.36644	32.129	0.079143	vapor
587.50	17.500	4.4441	0.22502	3270.9	3664.7	7.7354	1.7477	2.2348	706.50	0.36518	32.171	0.079279	vapor
588.54	17.500	4.4386	0.22530	3272.8	3667.1	7.7381	1.7484	2.2353	706.91	0.36392	32.213	0.079415	vapor
589.58	17.500	4.4330	0.22558	3274.6	3669.4	7.7408	1.7490	2.2359	707.33	0.36267	32.255	0.079551	vapor
590.62	17.500	4.4275	0.22586	3276.5	3671.7	7.7435	1.7497	2.2364	707.74	0.36143	32.296	0.079687	vapor
591.67	17.500	4.4220	0.22614	3278.3	3674.0	7.7462	1.7503	2.2369	708.15	0.36019	32.338	0.079823	vapor
592.71	17.500	4.4164	0.22643	3280.1	3676.4	7.7489	1.7510	2.2375	708.56	0.35895	32.380	0.079959	vapor
593.75	17.500	4.4109	0.22671	3282.0	3678.7	7.7516	1.7516	2.2380	708.97	0.35773	32.422	0.080096	vapor
594.79	17.500	4.4055	0.22699	3283.8	3681.0	7.7542	1.7523	2.2386	709.38	0.35651	32.464	0.080232	vapor
595.83	17.500	4.4000	0.22727	3285.6	3683.4	7.7569	1.7529	2.2391	709.79	0.35529	32.506	0.080368	vapor
596.87	17.500	4.3946	0.22755	3287.5	3685.7	7.7596	1.7536	2.2397	710.20	0.35408	32.548	0.080505	vapor
597.92	17.500	4.3891	0.22784	3289.3	3688.0	7.7623	1.7542	2.2402	710.61	0.35287	32.590	0.080641	vapor
598.96	17.500	4.3837	0.22812	3291.2	3690.4	7.7650	1.7549	2.2408	711.02	0.35168	32.632	0.080778	vapor
600.00	17.500	4.3783	0.22840	3293.0	3692.7	7.7676	1.7555	2.2413	711.43	0.35048	32.673	0.080915	vapor
601.04	17.500	4.3729	0.22868	3294.8	3695.0	7.7703	1.7562	2.2419	711.84	0.34929	32.715	0.081051	vapor
602.08	17.500	4.3675	0.22896	3296.7	3697.4	7.7730	1.7568	2.2424	712.25	0.34811	32.757	0.081188	vapor
603.12	17.500	4.3621	0.22925	3298.5	3699.7	7.7757	1.7575	2.2430	712.66	0.34693	32.799	0.081325	vapor
604.17	17.500	4.3568	0.22953	3300.4	3702.0	7.7783	1.7581	2.2435	713.07	0.34576	32.840	0.081462	vapor
605.21	17.500	4.3514	0.22981	3302.2	3704.4	7.7810	1.7588	2.2441	713.47	0.34460	32.882	0.081599	vapor
606.25	17.500	4.3461	0.23009	3304.1	3706.7	7.7836	1.7595	2.2447	713.88	0.34343	32.924	0.081736	vapor
607.29	17.500	4.3408	0.23037	3305.9	3709.1	7.7863	1.7601	2.2452	714.29	0.34228	32.966	0.081873	vapor
608.33	17.500	4.3355	0.23065	3307.8	3711.4	7.7890	1.7608	2.2458	714.69	0.34113	33.007	0.082011	vapor
609.37	17.500	4.3302	0.23094	3309.6	3713.7	7.7916	1.7614	2.2463	715.10	0.33998	33.049	0.082148	vapor
610.42	17.500	4.3249	0.23122	3311.4	3716.1	7.7943	1.7621	2.2469	715.50	0.33884	33.091	0.082285	vapor
611.46	17.500	4.3197	0.23150	3313.3	3718.4	7.7969	1.7628	2.2475	715.91	0.33771	33.132	0.082423	vapor
612.50	17.500	4.3144	0.23178	3315.1	3720.8	7.7995	1.7634	2.2480	716.31	0.33658	33.174	0.082560	vapor
613.54	17.500	4.3092	0.23206	3317.0	3723.1	7.8022	1.7641	2.2486	716.72	0.33545	33.216	0.082698	vapor
614.58	17.500	4.3040	0.23234	3318.8	3725.4	7.8048	1.7647	2.2492	717.12	0.33433	33.257	0.082835	vapor
615.62	17.500	4.2988	0.23262	3320.7	3727.8	7.8075	1.7654	2.2497	717.53	0.33322	33.299	0.082973	vapor
616.67	17.500	4.2936	0.23291	3322.5	3730.1	7.8101	1.7661	2.2503	717.93	0.33211	33.341	0.083111	vapor
617.71	17.500	4.2884	0.23319	3324.4	3732.5	7.8127	1.7667	2.2509	718.34	0.33100	33.382	0.083249	vapor
618.75	17.500	4.2832	0.23347	3326.3	3734.8	7.8154	1.7674	2.2515	718.74	0.32990	33.424	0.083386	vapor
619.79	17.500	4.2781	0.23375	3328.1	3737.2	7.8180	1.7681	2.2520	719.14	0.32881	33.465	0.083524	vapor
620.83	17.500	4.2729	0.23403	3330.0	3739.5	7.8206	1.7687	2.2526	719.54	0.32772	33.507	0.083662	vapor
621.87	17.500	4.2678	0.23431	3331.8	3741.9	7.8232	1.7694	2.2532	719.95	0.32663	33.548	0.083800	vapor
622.92	17.500	4.2627	0.23459	3333.7	3744.2	7.8259	1.7701	2.2538	720.35	0.32555	33.590	0.083939	vapor
623.96	17.500	4.2576	0.23488	3335.5	3746.6	7.8285	1.7707	2.2543	720.75	0.32448	33.631	0.084077	vapor
625.00	17.500	4.2525	0.23516	3337.4	3748.9	7.8311	1.7714	2.2549	721.15	0.32341	33.673	0.084215	vapor
626.04	17.500	4.2474	0.23544	3339.2	3751.3	7.8337	1.7721	2.2555	721.55	0.32234	33.714	0.084353	vapor
627.08	17.500	4.2423	0.23572	3341.1	3753.6	7.8363	1.7727	2.2561	721.95	0.32128	33.756	0.084492	vapor
628.12	17.500	4.2373	0.23600	3343.0	3756.0	7.8389	1.7734	2.2567	722.35	0.32022	33.797	0.084630	vapor
629.17	17.500	4.2322	0.23628	3344.8	3758.3	7.8415	1.7741	2.2573	722.75	0.31917	33.839	0.084769	vapor
630.21	17.500	4.2272	0.23656	3346.7	3760.7	7.8441	1.7748	2.2578	723.15	0.31813	33.880	0.084907	vapor
631.25	17.500	4.2222	0.23684	3348.5	3763.0	7.8468	1.7754	2.2584	723.55	0.31708	33.921	0.085046	vapor
632.29	17.500	4.2172	0.23712	3350.4	3765.4	7.8494	1.7761	2.2590	723.95	0.31605	33.963	0.085184	vapor
633.33	17.500	4.2122	0.23741	3352.3	3767.7	7.8519	1.7768	2.2596	724.35	0.31501	34.004	0.085323	vapor
634.37	17.500	4.2072	0.23769	3354.1	3770.1	7.8545	1.7774	2.2602	724.75	0.31398	34.046	0.085462	vapor
635.42	17.500	4.2023	0.23797	3356.0	3772.4	7.8571	1.7781	2.2608	725.14	0.31296	34.087	0.085601	vapor
636.46	17.500	4.1973	0.23825	3357.8	3774.8	7.8597	1.7788	2.2614	725.54	0.31194	34.128	0.085740	vapor
637.50	17.500	4.1924	0.23853	3359.7	3777.1	7.8623	1.7795	2.2620	725.94	0.31092	34.170	0.085879	vapor
638.54	17.500	4.1874	0.23881	3361.6	3779.5	7.8649	1.7801	2.2626	726.34	0.30991	34.211	0.086018	vapor
639.58	17.500	4.1825	0.23909	3363.4	3781.8	7.8675	1.7808	2.2632	726.73	0.30891	34.252	0.086157	vapor
640.62	17.500	4.1776	0.23937	3365.3	3784.2	7.8701	1.7815	2.2637	727.13	0.30790	34.293	0.086296	vapor
641.67	17.500	4.1727	0.23965	3367.2	3786.6	7.8726	1.7822	2.2643	727.52	0.30691	34.335	0.086435	vapor
642.71	17.500	4.1678	0.23993	3369.0	3788.9	7.8752	1.7829	2.2649	727.92	0.30591	34.376	0.086574	vapor
643.75	17.500	4.1630	0.24021	3370.9	3791.3	7.8778	1.7835	2.2655	728.32	0.30492	34.417	0.086714	vapor
644.79	17.500	4.1581	0.24049	3372.8	3793.6	7.8804	1.7842	2.2661	728.71	0.30394	34.458	0.086853	vapor
645.83	17.500	4.1532	0.24078	3374.6	3796.0	7.8829	1.7849	2.2667	729.11	0.30296	34.500	0.086992	vapor
646.87	17.500	4.1484	0.24106	3376.5	3798.4	7.8855	1.7856	2.2673	729.50	0.30198	34.541	0.087132	vapor
647.92	17.500	4.1436	0.24134	3378.4	3800.7	7.8881	1.7862	2.2679	729.89	0.30101	34.582	0.087271	vapor
648.96	17.500	4.1388	0.24162	3380.3	3803.1	7.8906	1.7869	2.2685	730.29	0.30004	34.623	0.087411	vapor
650.00	17.500	4.1340	0.24190	3382.1	3805.5	7.8932	1.7876	2.2691	730.68	0.29908	34.664	0.087551	vapor
