Temperature (C)	Pressure (bar)	Density (kg/m3)	Volume (m3/kg)	Internal Energy (kJ/kg)	Enthalpy (kJ/kg)	Entropy (J/g*K)	Cv (J/g*K)	Cp (J/g*K)	Sound Spd. (m/s)	Joule-Thomson (K/bar)	Viscosity (uPa*s)	Therm. Cond. (W/m*K)	Phase
25.000	3.0000	997.14	0.0010029	104.80	105.10	0.36715	4.1369	4.1807	1497.0	-0.022146	890.04	0.60728	liquid
26.042	3.0000	996.86	0.0010031	109.16	109.46	0.38173	4.1328	4.1803	1499.8	-0.022077	869.33	0.60905	liquid
27.083	3.0000	996.58	0.0010034	113.51	113.81	0.39626	4.1286	4.1800	1502.4	-0.022008	849.39	0.61080	liquid
28.125	3.0000	996.29	0.0010037	117.87	118.17	0.41073	4.1243	4.1797	1505.0	-0.021940	830.18	0.61253	liquid
29.167	3.0000	995.99	0.0010040	122.22	122.52	0.42516	4.1201	4.1795	1507.5	-0.021872	811.66	0.61424	liquid
30.208	3.0000	995.67	0.0010043	126.57	126.87	0.43954	4.1157	4.1792	1510.0	-0.021806	793.81	0.61593	liquid
31.250	3.0000	995.35	0.0010047	130.93	131.23	0.45386	4.1113	4.1791	1512.3	-0.021739	776.58	0.61759	liquid
32.292	3.0000	995.02	0.0010050	135.28	135.58	0.46814	4.1069	4.1789	1514.6	-0.021674	759.95	0.61924	liquid
33.333	3.0000	994.68	0.0010053	139.63	139.93	0.48237	4.1024	4.1788	1516.8	-0.021609	743.89	0.62086	liquid
34.375	3.0000	994.33	0.0010057	143.98	144.29	0.49654	4.0979	4.1788	1518.9	-0.021544	728.37	0.62247	liquid
35.417	3.0000	993.98	0.0010061	148.34	148.64	0.51067	4.0934	4.1787	1521.0	-0.021480	713.38	0.62404	liquid
36.458	3.0000	993.61	0.0010064	152.69	152.99	0.52476	4.0888	4.1787	1523.0	-0.021416	698.88	0.62560	liquid
37.500	3.0000	993.24	0.0010068	157.04	157.35	0.53879	4.0841	4.1788	1524.9	-0.021353	684.85	0.62713	liquid
38.542	3.0000	992.85	0.0010072	161.40	161.70	0.55278	4.0795	4.1788	1526.8	-0.021291	671.27	0.62864	liquid
39.583	3.0000	992.46	0.0010076	165.75	166.05	0.56672	4.0747	4.1789	1528.6	-0.021229	658.13	0.63013	liquid
40.625	3.0000	992.06	0.0010080	170.10	170.40	0.58062	4.0700	4.1790	1530.3	-0.021167	645.41	0.63159	liquid
41.667	3.0000	991.66	0.0010084	174.45	174.76	0.59447	4.0652	4.1791	1531.9	-0.021105	633.07	0.63303	liquid
42.708	3.0000	991.24	0.0010088	178.81	179.11	0.60828	4.0604	4.1793	1533.5	-0.021044	621.12	0.63445	liquid
43.750	3.0000	990.82	0.0010093	183.16	183.46	0.62204	4.0555	4.1794	1535.0	-0.020983	609.54	0.63584	liquid
44.792	3.0000	990.39	0.0010097	187.51	187.82	0.63575	4.0506	4.1796	1536.5	-0.020923	598.30	0.63721	liquid
45.833	3.0000	989.95	0.0010102	191.87	192.17	0.64942	4.0457	4.1798	1537.9	-0.020863	587.40	0.63855	liquid
46.875	3.0000	989.50	0.0010106	196.22	196.53	0.66305	4.0407	4.1801	1539.3	-0.020803	576.82	0.63987	liquid
47.917	3.0000	989.05	0.0010111	200.58	200.88	0.67664	4.0357	4.1803	1540.5	-0.020744	566.55	0.64117	liquid
48.958	3.0000	988.59	0.0010115	204.93	205.23	0.69018	4.0307	4.1806	1541.8	-0.020684	556.57	0.64244	liquid
50.000	3.0000	988.12	0.0010120	209.29	209.59	0.70368	4.0257	4.1809	1542.9	-0.020625	546.88	0.64369	liquid
51.042	3.0000	987.65	0.0010125	213.64	213.95	0.71713	4.0206	4.1812	1544.0	-0.020567	537.47	0.64491	liquid
52.083	3.0000	987.17	0.0010130	218.00	218.30	0.73054	4.0155	4.1815	1545.1	-0.020508	528.32	0.64611	liquid
53.125	3.0000	986.68	0.0010135	222.35	222.66	0.74392	4.0104	4.1819	1546.1	-0.020450	519.42	0.64729	liquid
54.167	3.0000	986.18	0.0010140	226.71	227.01	0.75725	4.0052	4.1822	1547.0	-0.020391	510.77	0.64844	liquid
55.208	3.0000	985.68	0.0010145	231.07	231.37	0.77054	4.0001	4.1826	1547.9	-0.020333	502.35	0.64957	liquid
56.250	3.0000	985.17	0.0010151	235.42	235.73	0.78378	3.9949	4.1830	1548.8	-0.020275	494.16	0.65068	liquid
57.292	3.0000	984.65	0.0010156	239.78	240.08	0.79699	3.9897	4.1834	1549.5	-0.020218	486.19	0.65177	liquid
58.333	3.0000	984.13	0.0010161	244.14	244.44	0.81016	3.9844	4.1838	1550.3	-0.020160	478.43	0.65283	liquid
59.375	3.0000	983.60	0.0010167	248.50	248.80	0.82329	3.9792	4.1842	1551.0	-0.020103	470.88	0.65387	liquid
60.417	3.0000	983.07	0.0010172	252.85	253.16	0.83637	3.9739	4.1847	1551.6	-0.020045	463.52	0.65488	liquid
61.458	3.0000	982.53	0.0010178	257.21	257.52	0.84942	3.9686	4.1852	1552.2	-0.019988	456.35	0.65588	liquid
62.500	3.0000	981.98	0.0010184	261.57	261.88	0.86243	3.9633	4.1857	1552.7	-0.019930	449.36	0.65685	liquid
63.542	3.0000	981.42	0.0010189	265.93	266.24	0.87540	3.9580	4.1862	1553.2	-0.019873	442.55	0.65780	liquid
64.583	3.0000	980.86	0.0010195	270.29	270.60	0.88833	3.9526	4.1867	1553.6	-0.019816	435.92	0.65873	liquid
65.625	3.0000	980.30	0.0010201	274.65	274.96	0.90123	3.9473	4.1872	1554.0	-0.019759	429.44	0.65964	liquid
66.667	3.0000	979.72	0.0010207	279.02	279.32	0.91408	3.9419	4.1878	1554.3	-0.019702	423.13	0.66053	liquid
67.708	3.0000	979.15	0.0010213	283.38	283.69	0.92690	3.9366	4.1883	1554.6	-0.019645	416.97	0.66139	liquid
68.750	3.0000	978.56	0.0010219	287.74	288.05	0.93968	3.9312	4.1889	1554.9	-0.019588	410.96	0.66224	liquid
69.792	3.0000	977.97	0.0010225	292.11	292.41	0.95243	3.9258	4.1895	1555.1	-0.019531	405.10	0.66306	liquid
70.833	3.0000	977.37	0.0010231	296.47	296.78	0.96513	3.9204	4.1901	1555.3	-0.019474	399.37	0.66387	liquid
71.875	3.0000	976.77	0.0010238	300.83	301.14	0.97781	3.9149	4.1908	1555.4	-0.019416	393.78	0.66465	liquid
72.917	3.0000	976.16	0.0010244	305.20	305.51	0.99044	3.9095	4.1914	1555.4	-0.019359	388.33	0.66542	liquid
73.958	3.0000	975.55	0.0010251	309.57	309.87	1.0030	3.9041	4.1921	1555.5	-0.019302	383.00	0.66616	liquid
75.000	3.0000	974.93	0.0010257	313.93	314.24	1.0156	3.8986	4.1928	1555.5	-0.019245	377.79	0.66689	liquid
76.042	3.0000	974.31	0.0010264	318.30	318.61	1.0281	3.8932	4.1935	1555.4	-0.019187	372.70	0.66760	liquid
77.083	3.0000	973.68	0.0010270	322.67	322.98	1.0406	3.8877	4.1942	1555.3	-0.019130	367.73	0.66828	liquid
78.125	3.0000	973.04	0.0010277	327.04	327.35	1.0531	3.8823	4.1949	1555.2	-0.019072	362.87	0.66896	liquid
79.167	3.0000	972.40	0.0010284	331.41	331.72	1.0655	3.8768	4.1957	1555.0	-0.019014	358.12	0.66961	liquid
80.208	3.0000	971.75	0.0010291	335.78	336.09	1.0779	3.8714	4.1965	1554.8	-0.018957	353.48	0.67024	liquid
81.250	3.0000	971.10	0.0010298	340.15	340.46	1.0902	3.8659	4.1973	1554.5	-0.018899	348.94	0.67086	liquid
82.292	3.0000	970.44	0.0010305	344.52	344.83	1.1026	3.8604	4.1981	1554.2	-0.018841	344.50	0.67146	liquid
83.333	3.0000	969.77	0.0010312	348.90	349.21	1.1148	3.8550	4.1989	1553.9	-0.018782	340.15	0.67204	liquid
84.375	3.0000	969.11	0.0010319	353.27	353.58	1.1271	3.8495	4.1998	1553.5	-0.018724	335.90	0.67260	liquid
85.417	3.0000	968.43	0.0010326	357.65	357.95	1.1393	3.8440	4.2007	1553.1	-0.018665	331.74	0.67315	liquid
86.458	3.0000	967.75	0.0010333	362.02	362.33	1.1515	3.8386	4.2016	1552.7	-0.018607	327.67	0.67368	liquid
87.500	3.0000	967.07	0.0010341	366.40	366.71	1.1637	3.8331	4.2025	1552.2	-0.018548	323.69	0.67420	liquid
88.542	3.0000	966.38	0.0010348	370.78	371.09	1.1758	3.8277	4.2034	1551.7	-0.018489	319.79	0.67470	liquid
89.583	3.0000	965.68	0.0010355	375.15	375.47	1.1879	3.8222	4.2044	1551.1	-0.018429	315.97	0.67518	liquid
90.625	3.0000	964.98	0.0010363	379.53	379.85	1.1999	3.8167	4.2054	1550.5	-0.018370	312.23	0.67565	liquid
91.667	3.0000	964.27	0.0010371	383.92	384.23	1.2120	3.8113	4.2064	1549.9	-0.018310	308.56	0.67610	liquid
92.708	3.0000	963.56	0.0010378	388.30	388.61	1.2240	3.8058	4.2074	1549.2	-0.018250	304.98	0.67654	liquid
93.750	3.0000	962.85	0.0010386	392.68	392.99	1.2359	3.8004	4.2084	1548.5	-0.018190	301.46	0.67697	liquid
94.792	3.0000	962.12	0.0010394	397.06	397.38	1.2478	3.7950	4.2095	1547.8	-0.018129	298.02	0.67737	liquid
95.833	3.0000	961.40	0.0010402	401.45	401.76	1.2597	3.7895	4.2106	1547.0	-0.018068	294.64	0.67777	liquid
96.875	3.0000	960.67	0.0010409	405.84	406.15	1.2716	3.7841	4.2117	1546.2	-0.018007	291.33	0.67815	liquid
97.917	3.0000	959.93	0.0010417	410.22	410.54	1.2835	3.7787	4.2129	1545.4	-0.017946	288.09	0.67851	liquid
98.958	3.0000	959.19	0.0010425	414.61	414.93	1.2953	3.7733	4.2140	1544.5	-0.017884	284.91	0.67886	liquid
100.00	3.0000	958.44	0.0010434	419.00	419.32	1.3071	3.7679	4.2152	1543.6	-0.017822	281.80	0.67920	liquid
101.04	3.0000	957.69	0.0010442	423.39	423.71	1.3188	3.7625	4.2164	1542.6	-0.017760	278.74	0.67952	liquid
102.08	3.0000	956.93	0.0010450	427.79	428.10	1.3305	3.7571	4.2177	1541.7	-0.017698	275.74	0.67984	liquid
103.13	3.0000	956.17	0.0010458	432.18	432.49	1.3422	3.7517	4.2189	1540.7	-0.017635	272.80	0.68013	liquid
104.17	3.0000	955.41	0.0010467	436.58	436.89	1.3539	3.7463	4.2202	1539.6	-0.017572	269.92	0.68042	liquid
105.21	3.0000	954.64	0.0010475	440.97	441.29	1.3655	3.7410	4.2215	1538.6	-0.017508	267.09	0.68069	liquid
106.25	3.0000	953.86	0.0010484	445.37	445.68	1.3771	3.7356	4.2229	1537.5	-0.017444	264.31	0.68095	liquid
107.29	3.0000	953.08	0.0010492	449.77	450.08	1.3887	3.7303	4.2243	1536.3	-0.017380	261.59	0.68119	liquid
108.33	3.0000	952.29	0.0010501	454.17	454.48	1.4003	3.7249	4.2257	1535.2	-0.017315	258.92	0.68143	liquid
109.38	3.0000	951.50	0.0010510	458.57	458.89	1.4118	3.7196	4.2271	1534.0	-0.017250	256.29	0.68165	liquid
110.42	3.0000	950.70	0.0010519	462.98	463.29	1.4233	3.7143	4.2285	1532.8	-0.017185	253.72	0.68186	liquid
111.46	3.0000	949.90	0.0010527	467.38	467.70	1.4348	3.7090	4.2300	1531.5	-0.017119	251.19	0.68206	liquid
112.50	3.0000	949.10	0.0010536	471.79	472.10	1.4462	3.7037	4.2315	1530.2	-0.017053	248.70	0.68224	liquid
113.54	3.0000	948.29	0.0010545	476.20	476.51	1.4576	3.6985	4.2331	1528.9	-0.016986	246.26	0.68242	liquid
114.58	3.0000	947.47	0.0010554	480.61	480.92	1.4690	3.6932	4.2346	1527.6	-0.016919	243.87	0.68258	liquid
115.63	3.0000	946.65	0.0010564	485.02	485.33	1.4804	3.6880	4.2362	1526.2	-0.016852	241.52	0.68273	liquid
116.67	3.0000	945.83	0.0010573	489.43	489.75	1.4917	3.6827	4.2378	1524.8	-0.016784	239.21	0.68287	liquid
117.71	3.0000	945.00	0.0010582	493.85	494.16	1.5030	3.6775	4.2395	1523.4	-0.016715	236.94	0.68300	liquid
118.75	3.0000	944.16	0.0010591	498.26	498.58	1.5143	3.6723	4.2412	1521.9	-0.016646	234.70	0.68312	liquid
119.79	3.0000	943.33	0.0010601	502.68	503.00	1.5256	3.6671	4.2429	1520.4	-0.016577	232.51	0.68323	liquid
120.83	3.0000	942.48	0.0010610	507.10	507.42	1.5368	3.6619	4.2447	1518.9	-0.016507	230.36	0.68332	liquid
121.88	3.0000	941.63	0.0010620	511.52	511.84	1.5480	3.6568	4.2464	1517.4	-0.016437	228.24	0.68341	liquid
122.92	3.0000	940.78	0.0010629	515.95	516.27	1.5592	3.6516	4.2482	1515.8	-0.016366	226.16	0.68348	liquid
123.96	3.0000	939.92	0.0010639	520.37	520.69	1.5704	3.6465	4.2501	1514.2	-0.016295	224.11	0.68355	liquid
125.00	3.0000	939.06	0.0010649	524.80	525.12	1.5815	3.6414	4.2520	1512.6	-0.016223	222.10	0.68360	liquid
126.04	3.0000	938.19	0.0010659	529.23	529.55	1.5926	3.6363	4.2539	1510.9	-0.016150	220.12	0.68365	liquid
127.08	3.0000	937.32	0.0010669	533.66	533.98	1.6037	3.6312	4.2558	1509.2	-0.016078	218.18	0.68368	liquid
128.13	3.0000	936.44	0.0010679	538.10	538.42	1.6148	3.6261	4.2578	1507.5	-0.016004	216.27	0.68370	liquid
129.17	3.0000	935.56	0.0010689	542.53	542.85	1.6258	3.6210	4.2598	1505.8	-0.015930	214.39	0.68371	liquid
130.21	3.0000	934.67	0.0010699	546.97	547.29	1.6368	3.6160	4.2618	1504.0	-0.015855	212.54	0.68372	liquid
131.25	3.0000	933.78	0.0010709	551.41	551.73	1.6478	3.6110	4.2639	1502.2	-0.015780	210.72	0.68371	liquid
132.29	3.0000	932.88	0.0010719	555.85	556.17	1.6588	3.6060	4.2660	1500.4	-0.015704	208.92	0.68369	liquid
133.33	3.0000	931.98	0.0010730	560.30	560.62	1.6697	3.6010	4.2682	1498.5	-0.015628	207.16	0.68366	liquid
133.52	3.0000	931.82	0.0010732	561.10	561.43	1.6717	3.6001	4.2686	1498.2	-0.015614	206.85	0.68366	liquid
133.52	3.0000	1.6508	0.60576	2543.2	2724.9	6.9916	1.6711	2.2630	487.37	4.5919	13.423	0.029240	vapor
134.38	3.0000	1.6468	0.60725	2544.6	2726.8	6.9963	1.6654	2.2547	488.02	4.5371	13.457	0.029289	vapor
135.42	3.0000	1.6419	0.60906	2546.4	2729.2	7.0021	1.6589	2.2453	488.81	4.4727	13.498	0.029349	vapor
136.46	3.0000	1.6370	0.61086	2548.2	2731.5	7.0078	1.6530	2.2365	489.59	4.4110	13.540	0.029410	vapor
137.50	3.0000	1.6322	0.61267	2550.0	2733.8	7.0135	1.6475	2.2283	490.36	4.3517	13.582	0.029472	vapor
138.54	3.0000	1.6274	0.61446	2551.8	2736.1	7.0191	1.6424	2.2206	491.12	4.2946	13.623	0.029534	vapor
139.58	3.0000	1.6227	0.61626	2553.6	2738.4	7.0247	1.6376	2.2134	491.87	4.2395	13.665	0.029597	vapor
140.63	3.0000	1.6180	0.61805	2555.3	2740.7	7.0303	1.6331	2.2066	492.62	4.1862	13.706	0.029661	vapor
141.67	3.0000	1.6133	0.61983	2557.1	2743.0	7.0358	1.6289	2.2002	493.37	4.1346	13.748	0.029725	vapor
142.71	3.0000	1.6087	0.62162	2558.8	2745.3	7.0413	1.6250	2.1942	494.10	4.0844	13.790	0.029790	vapor
143.75	3.0000	1.6041	0.62340	2560.6	2747.6	7.0468	1.6212	2.1884	494.84	4.0357	13.831	0.029855	vapor
144.79	3.0000	1.5996	0.62517	2562.3	2749.9	7.0523	1.6177	2.1829	495.56	3.9883	13.873	0.029921	vapor
145.83	3.0000	1.5950	0.62695	2564.1	2752.2	7.0577	1.6144	2.1777	496.29	3.9421	13.915	0.029987	vapor
146.88	3.0000	1.5905	0.62872	2565.8	2754.4	7.0631	1.6112	2.1727	497.01	3.8970	13.957	0.030055	vapor
147.92	3.0000	1.5861	0.63049	2567.5	2756.7	7.0685	1.6082	2.1679	497.72	3.8530	13.999	0.030122	vapor
148.96	3.0000	1.5816	0.63225	2569.3	2758.9	7.0738	1.6053	2.1634	498.43	3.8100	14.040	0.030190	vapor
150.00	3.0000	1.5773	0.63401	2571.0	2761.2	7.0791	1.6026	2.1590	499.14	3.7679	14.082	0.030259	vapor
151.04	3.0000	1.5729	0.63577	2572.7	2763.4	7.0844	1.6000	2.1548	499.85	3.7267	14.124	0.030329	vapor
152.08	3.0000	1.5686	0.63753	2574.4	2765.7	7.0897	1.5974	2.1507	500.55	3.6863	14.166	0.030398	vapor
153.13	3.0000	1.5642	0.63929	2576.1	2767.9	7.0950	1.5950	2.1468	501.24	3.6467	14.208	0.030469	vapor
154.17	3.0000	1.5600	0.64104	2577.8	2770.1	7.1002	1.5927	2.1430	501.94	3.6079	14.250	0.030540	vapor
155.21	3.0000	1.5557	0.64279	2579.5	2772.4	7.1054	1.5905	2.1394	502.63	3.5698	14.292	0.030611	vapor
156.25	3.0000	1.5515	0.64454	2581.2	2774.6	7.1106	1.5884	2.1358	503.32	3.5324	14.334	0.030683	vapor
157.29	3.0000	1.5473	0.64628	2582.9	2776.8	7.1158	1.5863	2.1324	504.01	3.4956	14.376	0.030756	vapor
158.33	3.0000	1.5432	0.64802	2584.6	2779.0	7.1209	1.5843	2.1291	504.69	3.4595	14.418	0.030828	vapor
159.38	3.0000	1.5390	0.64977	2586.3	2781.3	7.1261	1.5824	2.1260	505.37	3.4240	14.460	0.030902	vapor
160.42	3.0000	1.5349	0.65150	2588.0	2783.5	7.1312	1.5806	2.1229	506.05	3.3891	14.502	0.030976	vapor
161.46	3.0000	1.5308	0.65324	2589.7	2785.7	7.1363	1.5788	2.1199	506.73	3.3548	14.544	0.031050	vapor
162.50	3.0000	1.5268	0.65498	2591.4	2787.9	7.1413	1.5771	2.1170	507.40	3.3210	14.586	0.031125	vapor
163.54	3.0000	1.5227	0.65671	2593.1	2790.1	7.1464	1.5755	2.1142	508.07	3.2878	14.628	0.031200	vapor
164.58	3.0000	1.5187	0.65844	2594.8	2792.3	7.1514	1.5739	2.1114	508.74	3.2551	14.670	0.031276	vapor
165.63	3.0000	1.5148	0.66017	2596.4	2794.5	7.1564	1.5724	2.1088	509.41	3.2230	14.712	0.031352	vapor
166.67	3.0000	1.5108	0.66190	2598.1	2796.7	7.1614	1.5709	2.1062	510.07	3.1913	14.755	0.031429	vapor
167.71	3.0000	1.5069	0.66362	2599.8	2798.9	7.1664	1.5695	2.1037	510.74	3.1601	14.797	0.031506	vapor
168.75	3.0000	1.5030	0.66535	2601.5	2801.1	7.1714	1.5681	2.1013	511.40	3.1294	14.839	0.031584	vapor
169.79	3.0000	1.4991	0.66707	2603.1	2803.3	7.1763	1.5667	2.0990	512.06	3.0992	14.881	0.031662	vapor
170.83	3.0000	1.4952	0.66879	2604.8	2805.4	7.1813	1.5655	2.0967	512.71	3.0694	14.924	0.031740	vapor
171.88	3.0000	1.4914	0.67051	2606.5	2807.6	7.1862	1.5642	2.0945	513.37	3.0400	14.966	0.031819	vapor
172.92	3.0000	1.4876	0.67223	2608.1	2809.8	7.1911	1.5630	2.0923	514.02	3.0111	15.008	0.031898	vapor
173.96	3.0000	1.4838	0.67395	2609.8	2812.0	7.1959	1.5619	2.0902	514.67	2.9826	15.051	0.031978	vapor
175.00	3.0000	1.4800	0.67566	2611.5	2814.2	7.2008	1.5608	2.0882	515.32	2.9545	15.093	0.032058	vapor
176.04	3.0000	1.4763	0.67737	2613.1	2816.3	7.2057	1.5597	2.0862	515.97	2.9269	15.135	0.032138	vapor
177.08	3.0000	1.4726	0.67909	2614.8	2818.5	7.2105	1.5586	2.0843	516.61	2.8996	15.178	0.032219	vapor
178.13	3.0000	1.4689	0.68080	2616.4	2820.7	7.2153	1.5576	2.0825	517.26	2.8727	15.220	0.032300	vapor
179.17	3.0000	1.4652	0.68250	2618.1	2822.9	7.2201	1.5567	2.0807	517.90	2.8462	15.262	0.032382	vapor
180.21	3.0000	1.4615	0.68421	2619.8	2825.0	7.2249	1.5557	2.0789	518.54	2.8201	15.305	0.032464	vapor
181.25	3.0000	1.4579	0.68592	2621.4	2827.2	7.2296	1.5549	2.0772	519.18	2.7943	15.347	0.032547	vapor
182.29	3.0000	1.4543	0.68762	2623.1	2829.3	7.2344	1.5540	2.0755	519.81	2.7689	15.390	0.032629	vapor
183.33	3.0000	1.4507	0.68933	2624.7	2831.5	7.2391	1.5532	2.0739	520.45	2.7439	15.432	0.032713	vapor
184.38	3.0000	1.4471	0.69103	2626.4	2833.7	7.2439	1.5524	2.0724	521.08	2.7192	15.475	0.032796	vapor
185.42	3.0000	1.4436	0.69273	2628.0	2835.8	7.2486	1.5516	2.0709	521.71	2.6948	15.517	0.032880	vapor
186.46	3.0000	1.4400	0.69443	2629.7	2838.0	7.2533	1.5509	2.0694	522.34	2.6708	15.560	0.032964	vapor
187.50	3.0000	1.4365	0.69613	2631.3	2840.1	7.2580	1.5501	2.0679	522.97	2.6471	15.602	0.033049	vapor
188.54	3.0000	1.4330	0.69783	2632.9	2842.3	7.2626	1.5495	2.0666	523.60	2.6237	15.645	0.033134	vapor
189.58	3.0000	1.4295	0.69952	2634.6	2844.4	7.2673	1.5488	2.0652	524.22	2.6006	15.688	0.033219	vapor
190.63	3.0000	1.4261	0.70122	2636.2	2846.6	7.2719	1.5482	2.0639	524.84	2.5779	15.730	0.033305	vapor
191.67	3.0000	1.4227	0.70291	2637.9	2848.7	7.2766	1.5476	2.0626	525.47	2.5555	15.773	0.033391	vapor
192.71	3.0000	1.4192	0.70460	2639.5	2850.9	7.2812	1.5470	2.0614	526.09	2.5333	15.815	0.033477	vapor
193.75	3.0000	1.4158	0.70629	2641.1	2853.0	7.2858	1.5465	2.0602	526.71	2.5115	15.858	0.033564	vapor
194.79	3.0000	1.4125	0.70799	2642.8	2855.2	7.2904	1.5459	2.0590	527.32	2.4899	15.901	0.033651	vapor
195.83	3.0000	1.4091	0.70968	2644.4	2857.3	7.2949	1.5454	2.0579	527.94	2.4686	15.943	0.033738	vapor
196.88	3.0000	1.4058	0.71136	2646.1	2859.5	7.2995	1.5449	2.0568	528.55	2.4476	15.986	0.033826	vapor
197.92	3.0000	1.4024	0.71305	2647.7	2861.6	7.3041	1.5445	2.0558	529.17	2.4269	16.029	0.033914	vapor
198.96	3.0000	1.3991	0.71474	2649.3	2863.8	7.3086	1.5441	2.0547	529.78	2.4065	16.072	0.034003	vapor
200.00	3.0000	1.3958	0.71642	2651.0	2865.9	7.3131	1.5436	2.0537	530.39	2.3863	16.114	0.034091	vapor
201.04	3.0000	1.3925	0.71811	2652.6	2868.0	7.3176	1.5432	2.0528	531.00	2.3664	16.157	0.034180	vapor
202.08	3.0000	1.3893	0.71979	2654.2	2870.2	7.3221	1.5429	2.0518	531.61	2.3467	16.200	0.034269	vapor
203.13	3.0000	1.3860	0.72147	2655.9	2872.3	7.3266	1.5425	2.0509	532.21	2.3273	16.243	0.034359	vapor
204.17	3.0000	1.3828	0.72316	2657.5	2874.4	7.3311	1.5422	2.0501	532.82	2.3081	16.285	0.034449	vapor
205.21	3.0000	1.3796	0.72484	2659.1	2876.6	7.3356	1.5419	2.0492	533.42	2.2892	16.328	0.034539	vapor
206.25	3.0000	1.3764	0.72652	2660.8	2878.7	7.3400	1.5416	2.0484	534.02	2.2705	16.371	0.034630	vapor
207.29	3.0000	1.3733	0.72820	2662.4	2880.8	7.3445	1.5413	2.0476	534.63	2.2520	16.414	0.034721	vapor
208.33	3.0000	1.3701	0.72988	2664.0	2883.0	7.3489	1.5410	2.0468	535.22	2.2338	16.457	0.034812	vapor
209.38	3.0000	1.3670	0.73155	2665.6	2885.1	7.3533	1.5408	2.0461	535.82	2.2158	16.500	0.034903	vapor
210.42	3.0000	1.3638	0.73323	2667.3	2887.2	7.3578	1.5406	2.0454	536.42	2.1981	16.543	0.034995	vapor
211.46	3.0000	1.3607	0.73491	2668.9	2889.4	7.3622	1.5403	2.0447	537.02	2.1805	16.586	0.035087	vapor
212.50	3.0000	1.3576	0.73658	2670.5	2891.5	7.3665	1.5402	2.0440	537.61	2.1632	16.628	0.035179	vapor
213.54	3.0000	1.3545	0.73826	2672.2	2893.6	7.3709	1.5400	2.0434	538.21	2.1461	16.671	0.035272	vapor
214.58	3.0000	1.3515	0.73993	2673.8	2895.8	7.3753	1.5398	2.0428	538.80	2.1292	16.714	0.035364	vapor
215.63	3.0000	1.3484	0.74160	2675.4	2897.9	7.3796	1.5397	2.0422	539.39	2.1124	16.757	0.035457	vapor
216.67	3.0000	1.3454	0.74327	2677.0	2900.0	7.3840	1.5395	2.0416	539.98	2.0959	16.800	0.035551	vapor
217.71	3.0000	1.3424	0.74494	2678.7	2902.1	7.3883	1.5394	2.0410	540.57	2.0796	16.843	0.035644	vapor
218.75	3.0000	1.3394	0.74662	2680.3	2904.3	7.3927	1.5393	2.0405	541.16	2.0635	16.886	0.035738	vapor
219.79	3.0000	1.3364	0.74829	2681.9	2906.4	7.3970	1.5392	2.0400	541.74	2.0476	16.929	0.035833	vapor
220.83	3.0000	1.3334	0.74995	2683.5	2908.5	7.4013	1.5391	2.0395	542.33	2.0319	16.972	0.035927	vapor
221.88	3.0000	1.3305	0.75162	2685.1	2910.6	7.4056	1.5391	2.0390	542.91	2.0164	17.015	0.036022	vapor
222.92	3.0000	1.3275	0.75329	2686.8	2912.8	7.4099	1.5390	2.0386	543.50	2.0010	17.058	0.036117	vapor
223.96	3.0000	1.3246	0.75496	2688.4	2914.9	7.4141	1.5390	2.0381	544.08	1.9858	17.101	0.036212	vapor
225.00	3.0000	1.3217	0.75662	2690.0	2917.0	7.4184	1.5390	2.0377	544.66	1.9708	17.144	0.036308	vapor
226.04	3.0000	1.3188	0.75829	2691.6	2919.1	7.4227	1.5389	2.0373	545.24	1.9560	17.187	0.036403	vapor
227.08	3.0000	1.3159	0.75996	2693.3	2921.3	7.4269	1.5389	2.0369	545.82	1.9414	17.231	0.036499	vapor
228.13	3.0000	1.3130	0.76162	2694.9	2923.4	7.4311	1.5390	2.0366	546.40	1.9269	17.274	0.036596	vapor
229.17	3.0000	1.3101	0.76328	2696.5	2925.5	7.4354	1.5390	2.0362	546.97	1.9126	17.317	0.036692	vapor
230.21	3.0000	1.3073	0.76495	2698.1	2927.6	7.4396	1.5390	2.0359	547.55	1.8984	17.360	0.036789	vapor
231.25	3.0000	1.3044	0.76661	2699.8	2929.7	7.4438	1.5391	2.0356	548.13	1.8844	17.403	0.036886	vapor
232.29	3.0000	1.3016	0.76827	2701.4	2931.9	7.4480	1.5391	2.0353	548.70	1.8706	17.446	0.036983	vapor
233.33	3.0000	1.2988	0.76993	2703.0	2934.0	7.4522	1.5392	2.0350	549.27	1.8569	17.489	0.037081	vapor
234.38	3.0000	1.2960	0.77159	2704.6	2936.1	7.4564	1.5392	2.0347	549.84	1.8434	17.532	0.037178	vapor
235.42	3.0000	1.2932	0.77325	2706.2	2938.2	7.4605	1.5393	2.0345	550.41	1.8301	17.576	0.037276	vapor
236.46	3.0000	1.2905	0.77491	2707.9	2940.3	7.4647	1.5394	2.0343	550.98	1.8169	17.619	0.037375	vapor
237.50	3.0000	1.2877	0.77657	2709.5	2942.5	7.4689	1.5395	2.0340	551.55	1.8038	17.662	0.037473	vapor
238.54	3.0000	1.2850	0.77823	2711.1	2944.6	7.4730	1.5396	2.0338	552.12	1.7909	17.705	0.037572	vapor
239.58	3.0000	1.2822	0.77989	2712.7	2946.7	7.4771	1.5398	2.0336	552.69	1.7781	17.748	0.037671	vapor
240.63	3.0000	1.2795	0.78155	2714.3	2948.8	7.4813	1.5399	2.0335	553.25	1.7655	17.792	0.037770	vapor
241.67	3.0000	1.2768	0.78321	2716.0	2950.9	7.4854	1.5400	2.0333	553.82	1.7530	17.835	0.037869	vapor
242.71	3.0000	1.2741	0.78486	2717.6	2953.0	7.4895	1.5402	2.0331	554.38	1.7406	17.878	0.037969	vapor
243.75	3.0000	1.2714	0.78652	2719.2	2955.2	7.4936	1.5403	2.0330	554.95	1.7284	17.921	0.038069	vapor
244.79	3.0000	1.2688	0.78817	2720.8	2957.3	7.4977	1.5405	2.0329	555.51	1.7163	17.965	0.038169	vapor
245.83	3.0000	1.2661	0.78983	2722.4	2959.4	7.5018	1.5407	2.0327	556.07	1.7043	18.008	0.038269	vapor
246.88	3.0000	1.2635	0.79148	2724.1	2961.5	7.5058	1.5409	2.0326	556.63	1.6925	18.051	0.038369	vapor
247.92	3.0000	1.2608	0.79314	2725.7	2963.6	7.5099	1.5411	2.0325	557.19	1.6808	18.094	0.038470	vapor
248.96	3.0000	1.2582	0.79479	2727.3	2965.7	7.5140	1.5413	2.0325	557.75	1.6692	18.138	0.038571	vapor
250.00	3.0000	1.2556	0.79644	2728.9	2967.9	7.5180	1.5415	2.0324	558.30	1.6577	18.181	0.038672	vapor
251.04	3.0000	1.2530	0.79810	2730.6	2970.0	7.5221	1.5417	2.0323	558.86	1.6464	18.224	0.038774	vapor
252.08	3.0000	1.2504	0.79975	2732.2	2972.1	7.5261	1.5419	2.0323	559.42	1.6352	18.268	0.038875	vapor
253.13	3.0000	1.2478	0.80140	2733.8	2974.2	7.5301	1.5421	2.0323	559.97	1.6241	18.311	0.038977	vapor
254.17	3.0000	1.2452	0.80305	2735.4	2976.3	7.5341	1.5424	2.0322	560.52	1.6131	18.354	0.039079	vapor
255.21	3.0000	1.2427	0.80470	2737.0	2978.4	7.5382	1.5426	2.0322	561.08	1.6022	18.398	0.039181	vapor
256.25	3.0000	1.2402	0.80635	2738.7	2980.6	7.5422	1.5428	2.0322	561.63	1.5914	18.441	0.039283	vapor
257.29	3.0000	1.2376	0.80800	2740.3	2982.7	7.5462	1.5431	2.0322	562.18	1.5808	18.484	0.039386	vapor
258.33	3.0000	1.2351	0.80965	2741.9	2984.8	7.5501	1.5434	2.0322	562.73	1.5703	18.528	0.039489	vapor
259.38	3.0000	1.2326	0.81130	2743.5	2986.9	7.5541	1.5436	2.0322	563.28	1.5598	18.571	0.039592	vapor
260.42	3.0000	1.2301	0.81295	2745.1	2989.0	7.5581	1.5439	2.0323	563.83	1.5495	18.614	0.039695	vapor
261.46	3.0000	1.2276	0.81460	2746.8	2991.2	7.5621	1.5442	2.0323	564.38	1.5393	18.658	0.039799	vapor
262.50	3.0000	1.2251	0.81625	2748.4	2993.3	7.5660	1.5445	2.0324	564.93	1.5292	18.701	0.039902	vapor
263.54	3.0000	1.2227	0.81789	2750.0	2995.4	7.5700	1.5448	2.0324	565.47	1.5192	18.744	0.040006	vapor
264.58	3.0000	1.2202	0.81954	2751.6	2997.5	7.5739	1.5451	2.0325	566.02	1.5093	18.788	0.040110	vapor
265.63	3.0000	1.2177	0.82119	2753.3	2999.6	7.5778	1.5454	2.0326	566.56	1.4994	18.831	0.040214	vapor
266.67	3.0000	1.2153	0.82284	2754.9	3001.7	7.5818	1.5457	2.0327	567.11	1.4897	18.875	0.040319	vapor
267.71	3.0000	1.2129	0.82448	2756.5	3003.9	7.5857	1.5460	2.0328	567.65	1.4801	18.918	0.040423	vapor
268.75	3.0000	1.2105	0.82613	2758.1	3006.0	7.5896	1.5463	2.0329	568.19	1.4706	18.961	0.040528	vapor
269.79	3.0000	1.2081	0.82777	2759.8	3008.1	7.5935	1.5466	2.0330	568.73	1.4612	19.005	0.040633	vapor
270.83	3.0000	1.2057	0.82942	2761.4	3010.2	7.5974	1.5470	2.0331	569.27	1.4518	19.048	0.040738	vapor
271.88	3.0000	1.2033	0.83106	2763.0	3012.3	7.6013	1.5473	2.0332	569.81	1.4426	19.092	0.040843	vapor
272.92	3.0000	1.2009	0.83271	2764.6	3014.4	7.6052	1.5476	2.0333	570.35	1.4334	19.135	0.040949	vapor
273.96	3.0000	1.1985	0.83435	2766.3	3016.6	7.6090	1.5480	2.0335	570.89	1.4244	19.179	0.041055	vapor
275.00	3.0000	1.1962	0.83599	2767.9	3018.7	7.6129	1.5483	2.0336	571.43	1.4154	19.222	0.041160	vapor
276.04	3.0000	1.1938	0.83764	2769.5	3020.8	7.6168	1.5487	2.0338	571.97	1.4065	19.266	0.041267	vapor
277.08	3.0000	1.1915	0.83928	2771.1	3022.9	7.6206	1.5490	2.0340	572.50	1.3977	19.309	0.041373	vapor
278.13	3.0000	1.1892	0.84092	2772.8	3025.0	7.6245	1.5494	2.0341	573.04	1.3890	19.353	0.041479	vapor
279.17	3.0000	1.1869	0.84256	2774.4	3027.2	7.6283	1.5498	2.0343	573.57	1.3803	19.396	0.041586	vapor
280.21	3.0000	1.1845	0.84421	2776.0	3029.3	7.6321	1.5502	2.0345	574.11	1.3718	19.439	0.041693	vapor
281.25	3.0000	1.1822	0.84585	2777.6	3031.4	7.6360	1.5505	2.0347	574.64	1.3633	19.483	0.041800	vapor
282.29	3.0000	1.1800	0.84749	2779.3	3033.5	7.6398	1.5509	2.0349	575.17	1.3549	19.526	0.041907	vapor
283.33	3.0000	1.1777	0.84913	2780.9	3035.6	7.6436	1.5513	2.0351	575.70	1.3466	19.570	0.042014	vapor
284.38	3.0000	1.1754	0.85077	2782.5	3037.8	7.6474	1.5517	2.0353	576.23	1.3383	19.613	0.042122	vapor
285.42	3.0000	1.1731	0.85241	2784.1	3039.9	7.6512	1.5521	2.0355	576.76	1.3302	19.657	0.042229	vapor
286.46	3.0000	1.1709	0.85405	2785.8	3042.0	7.6550	1.5525	2.0357	577.29	1.3221	19.700	0.042337	vapor
287.50	3.0000	1.1686	0.85569	2787.4	3044.1	7.6588	1.5529	2.0360	577.82	1.3141	19.744	0.042445	vapor
288.54	3.0000	1.1664	0.85733	2789.0	3046.2	7.6626	1.5533	2.0362	578.35	1.3061	19.787	0.042553	vapor
289.58	3.0000	1.1642	0.85897	2790.7	3048.4	7.6663	1.5537	2.0364	578.88	1.2983	19.831	0.042662	vapor
290.63	3.0000	1.1620	0.86061	2792.3	3050.5	7.6701	1.5541	2.0367	579.40	1.2905	19.874	0.042770	vapor
291.67	3.0000	1.1598	0.86225	2793.9	3052.6	7.6739	1.5545	2.0369	579.93	1.2828	19.918	0.042879	vapor
292.71	3.0000	1.1576	0.86388	2795.6	3054.7	7.6776	1.5550	2.0372	580.45	1.2751	19.961	0.042988	vapor
293.75	3.0000	1.1554	0.86552	2797.2	3056.8	7.6814	1.5554	2.0374	580.98	1.2675	20.005	0.043097	vapor
294.79	3.0000	1.1532	0.86716	2798.8	3059.0	7.6851	1.5558	2.0377	581.50	1.2600	20.049	0.043206	vapor
295.83	3.0000	1.1510	0.86880	2800.4	3061.1	7.6888	1.5562	2.0380	582.02	1.2526	20.092	0.043315	vapor
296.88	3.0000	1.1489	0.87043	2802.1	3063.2	7.6926	1.5567	2.0383	582.55	1.2452	20.136	0.043425	vapor
297.92	3.0000	1.1467	0.87207	2803.7	3065.3	7.6963	1.5571	2.0385	583.07	1.2379	20.179	0.043535	vapor
298.96	3.0000	1.1445	0.87371	2805.3	3067.5	7.7000	1.5576	2.0388	583.59	1.2306	20.223	0.043644	vapor
300.00	3.0000	1.1424	0.87534	2807.0	3069.6	7.7037	1.5580	2.0391	584.11	1.2234	20.266	0.043754	vapor
301.04	3.0000	1.1403	0.87698	2808.6	3071.7	7.7074	1.5584	2.0394	584.63	1.2163	20.310	0.043864	vapor
302.08	3.0000	1.1382	0.87862	2810.2	3073.8	7.7111	1.5589	2.0397	585.15	1.2093	20.353	0.043975	vapor
303.13	3.0000	1.1360	0.88025	2811.9	3076.0	7.7148	1.5594	2.0400	585.67	1.2023	20.397	0.044085	vapor
304.17	3.0000	1.1339	0.88189	2813.5	3078.1	7.7185	1.5598	2.0403	586.18	1.1953	20.440	0.044196	vapor
305.21	3.0000	1.1318	0.88352	2815.1	3080.2	7.7222	1.5603	2.0407	586.70	1.1885	20.484	0.044307	vapor
306.25	3.0000	1.1297	0.88516	2816.8	3082.3	7.7258	1.5607	2.0410	587.22	1.1816	20.528	0.044418	vapor
307.29	3.0000	1.1277	0.88679	2818.4	3084.5	7.7295	1.5612	2.0413	587.73	1.1749	20.571	0.044529	vapor
308.33	3.0000	1.1256	0.88843	2820.1	3086.6	7.7332	1.5617	2.0416	588.25	1.1682	20.615	0.044640	vapor
309.38	3.0000	1.1235	0.89006	2821.7	3088.7	7.7368	1.5621	2.0420	588.76	1.1615	20.658	0.044751	vapor
310.42	3.0000	1.1215	0.89169	2823.3	3090.8	7.7405	1.5626	2.0423	589.28	1.1550	20.702	0.044863	vapor
311.46	3.0000	1.1194	0.89333	2825.0	3093.0	7.7441	1.5631	2.0427	589.79	1.1484	20.745	0.044974	vapor
312.50	3.0000	1.1174	0.89496	2826.6	3095.1	7.7477	1.5636	2.0430	590.30	1.1420	20.789	0.045086	vapor
313.54	3.0000	1.1153	0.89659	2828.2	3097.2	7.7514	1.5641	2.0433	590.81	1.1355	20.832	0.045198	vapor
314.58	3.0000	1.1133	0.89823	2829.9	3099.4	7.7550	1.5645	2.0437	591.32	1.1292	20.876	0.045310	vapor
315.63	3.0000	1.1113	0.89986	2831.5	3101.5	7.7586	1.5650	2.0441	591.83	1.1229	20.920	0.045423	vapor
316.67	3.0000	1.1093	0.90149	2833.2	3103.6	7.7622	1.5655	2.0444	592.34	1.1166	20.963	0.045535	vapor
317.71	3.0000	1.1073	0.90313	2834.8	3105.7	7.7658	1.5660	2.0448	592.85	1.1104	21.007	0.045648	vapor
318.75	3.0000	1.1053	0.90476	2836.4	3107.9	7.7694	1.5665	2.0452	593.36	1.1043	21.050	0.045760	vapor
319.79	3.0000	1.1033	0.90639	2838.1	3110.0	7.7730	1.5670	2.0455	593.87	1.0982	21.094	0.045873	vapor
320.83	3.0000	1.1013	0.90802	2839.7	3112.1	7.7766	1.5675	2.0459	594.38	1.0921	21.137	0.045986	vapor
321.88	3.0000	1.0993	0.90965	2841.4	3114.3	7.7802	1.5680	2.0463	594.88	1.0861	21.181	0.046099	vapor
322.92	3.0000	1.0974	0.91128	2843.0	3116.4	7.7838	1.5685	2.0467	595.39	1.0802	21.225	0.046213	vapor
323.96	3.0000	1.0954	0.91291	2844.7	3118.5	7.7874	1.5690	2.0471	595.90	1.0743	21.268	0.046326	vapor
325.00	3.0000	1.0934	0.91455	2846.3	3120.7	7.7909	1.5695	2.0475	596.40	1.0684	21.312	0.046440	vapor
326.04	3.0000	1.0915	0.91618	2847.9	3122.8	7.7945	1.5701	2.0479	596.91	1.0626	21.355	0.046553	vapor
327.08	3.0000	1.0896	0.91781	2849.6	3124.9	7.7981	1.5706	2.0483	597.41	1.0568	21.399	0.046667	vapor
328.13	3.0000	1.0876	0.91944	2851.2	3127.1	7.8016	1.5711	2.0487	597.91	1.0511	21.442	0.046781	vapor
329.17	3.0000	1.0857	0.92107	2852.9	3129.2	7.8052	1.5716	2.0491	598.41	1.0455	21.486	0.046895	vapor
330.21	3.0000	1.0838	0.92270	2854.5	3131.3	7.8087	1.5721	2.0495	598.92	1.0398	21.530	0.047010	vapor
331.25	3.0000	1.0819	0.92433	2856.2	3133.5	7.8122	1.5727	2.0499	599.42	1.0343	21.573	0.047124	vapor
332.29	3.0000	1.0800	0.92596	2857.8	3135.6	7.8158	1.5732	2.0503	599.92	1.0287	21.617	0.047239	vapor
333.33	3.0000	1.0781	0.92759	2859.5	3137.7	7.8193	1.5737	2.0507	600.42	1.0233	21.660	0.047353	vapor
334.38	3.0000	1.0762	0.92921	2861.1	3139.9	7.8228	1.5742	2.0512	600.92	1.0178	21.704	0.047468	vapor
335.42	3.0000	1.0743	0.93084	2862.8	3142.0	7.8263	1.5748	2.0516	601.42	1.0124	21.747	0.047583	vapor
336.46	3.0000	1.0724	0.93247	2864.4	3144.1	7.8298	1.5753	2.0520	601.92	1.0071	21.791	0.047698	vapor
337.50	3.0000	1.0705	0.93410	2866.1	3146.3	7.8333	1.5758	2.0524	602.41	1.0017	21.835	0.047813	vapor
338.54	3.0000	1.0687	0.93573	2867.7	3148.4	7.8368	1.5764	2.0529	602.91	0.99647	21.878	0.047929	vapor
339.58	3.0000	1.0668	0.93736	2869.4	3150.6	7.8403	1.5769	2.0533	603.41	0.99124	21.922	0.048044	vapor
340.63	3.0000	1.0650	0.93899	2871.0	3152.7	7.8438	1.5775	2.0537	603.90	0.98605	21.965	0.048160	vapor
341.67	3.0000	1.0631	0.94061	2872.7	3154.8	7.8473	1.5780	2.0542	604.40	0.98090	22.009	0.048275	vapor
342.71	3.0000	1.0613	0.94224	2874.3	3157.0	7.8508	1.5785	2.0546	604.89	0.97579	22.052	0.048391	vapor
343.75	3.0000	1.0595	0.94387	2876.0	3159.1	7.8542	1.5791	2.0551	605.39	0.97071	22.096	0.048507	vapor
344.79	3.0000	1.0576	0.94550	2877.6	3161.3	7.8577	1.5796	2.0555	605.88	0.96568	22.140	0.048623	vapor
345.83	3.0000	1.0558	0.94712	2879.3	3163.4	7.8612	1.5802	2.0560	606.38	0.96069	22.183	0.048740	vapor
346.88	3.0000	1.0540	0.94875	2880.9	3165.5	7.8646	1.5807	2.0564	606.87	0.95574	22.227	0.048856	vapor
347.92	3.0000	1.0522	0.95038	2882.6	3167.7	7.8681	1.5813	2.0569	607.36	0.95082	22.270	0.048972	vapor
348.96	3.0000	1.0504	0.95200	2884.2	3169.8	7.8715	1.5819	2.0574	607.85	0.94594	22.314	0.049089	vapor
350.00	3.0000	1.0486	0.95363	2885.9	3172.0	7.8750	1.5824	2.0578	608.34	0.94110	22.357	0.049206	vapor
351.04	3.0000	1.0468	0.95526	2887.5	3174.1	7.8784	1.5830	2.0583	608.83	0.93629	22.401	0.049323	vapor
352.08	3.0000	1.0451	0.95688	2889.2	3176.3	7.8818	1.5835	2.0588	609.32	0.93152	22.444	0.049440	vapor
353.12	3.0000	1.0433	0.95851	2890.9	3178.4	7.8853	1.5841	2.0592	609.81	0.92679	22.488	0.049557	vapor
354.17	3.0000	1.0415	0.96013	2892.5	3180.6	7.8887	1.5847	2.0597	610.30	0.92209	22.532	0.049674	vapor
355.21	3.0000	1.0398	0.96176	2894.2	3182.7	7.8921	1.5852	2.0602	610.79	0.91743	22.575	0.049791	vapor
356.25	3.0000	1.0380	0.96339	2895.8	3184.8	7.8955	1.5858	2.0607	611.28	0.91280	22.619	0.049909	vapor
357.29	3.0000	1.0363	0.96501	2897.5	3187.0	7.8989	1.5864	2.0612	611.77	0.90821	22.662	0.050027	vapor
358.33	3.0000	1.0345	0.96664	2899.1	3189.1	7.9023	1.5869	2.0616	612.25	0.90365	22.706	0.050144	vapor
359.37	3.0000	1.0328	0.96826	2900.8	3191.3	7.9057	1.5875	2.0621	612.74	0.89912	22.749	0.050262	vapor
360.42	3.0000	1.0310	0.96989	2902.5	3193.4	7.9091	1.5881	2.0626	613.22	0.89463	22.793	0.050380	vapor
361.46	3.0000	1.0293	0.97151	2904.1	3195.6	7.9125	1.5887	2.0631	613.71	0.89017	22.836	0.050498	vapor
362.50	3.0000	1.0276	0.97314	2905.8	3197.7	7.9159	1.5892	2.0636	614.19	0.88574	22.880	0.050616	vapor
363.54	3.0000	1.0259	0.97476	2907.5	3199.9	7.9193	1.5898	2.0641	614.68	0.88135	22.923	0.050735	vapor
364.58	3.0000	1.0242	0.97639	2909.1	3202.0	7.9227	1.5904	2.0646	615.16	0.87699	22.967	0.050853	vapor
365.62	3.0000	1.0225	0.97801	2910.8	3204.2	7.9260	1.5910	2.0651	615.64	0.87266	23.010	0.050972	vapor
366.67	3.0000	1.0208	0.97963	2912.4	3206.3	7.9294	1.5915	2.0656	616.13	0.86836	23.054	0.051090	vapor
367.71	3.0000	1.0191	0.98126	2914.1	3208.5	7.9328	1.5921	2.0661	616.61	0.86409	23.097	0.051209	vapor
368.75	3.0000	1.0174	0.98288	2915.8	3210.6	7.9361	1.5927	2.0666	617.09	0.85985	23.141	0.051328	vapor
369.79	3.0000	1.0157	0.98451	2917.4	3212.8	7.9395	1.5933	2.0671	617.57	0.85565	23.184	0.051447	vapor
370.83	3.0000	1.0141	0.98613	2919.1	3214.9	7.9428	1.5939	2.0676	618.05	0.85147	23.228	0.051566	vapor
371.87	3.0000	1.0124	0.98775	2920.8	3217.1	7.9461	1.5945	2.0681	618.53	0.84733	23.271	0.051686	vapor
372.92	3.0000	1.0107	0.98938	2922.4	3219.3	7.9495	1.5951	2.0686	619.01	0.84321	23.315	0.051805	vapor
373.96	3.0000	1.0091	0.99100	2924.1	3221.4	7.9528	1.5957	2.0692	619.49	0.83912	23.358	0.051924	vapor
375.00	3.0000	1.0074	0.99262	2925.8	3223.6	7.9561	1.5962	2.0697	619.97	0.83506	23.402	0.052044	vapor
376.04	3.0000	1.0058	0.99425	2927.4	3225.7	7.9595	1.5968	2.0702	620.45	0.83103	23.445	0.052164	vapor
377.08	3.0000	1.0041	0.99587	2929.1	3227.9	7.9628	1.5974	2.0707	620.92	0.82703	23.489	0.052284	vapor
378.12	3.0000	1.0025	0.99749	2930.8	3230.0	7.9661	1.5980	2.0712	621.40	0.82306	23.532	0.052404	vapor
379.17	3.0000	1.0009	0.99911	2932.5	3232.2	7.9694	1.5986	2.0718	621.88	0.81911	23.576	0.052524	vapor
380.21	3.0000	0.99926	1.0007	2934.1	3234.3	7.9727	1.5992	2.0723	622.35	0.81520	23.619	0.052644	vapor
381.25	3.0000	0.99765	1.0024	2935.8	3236.5	7.9760	1.5998	2.0728	622.83	0.81131	23.663	0.052764	vapor
382.29	3.0000	0.99603	1.0040	2937.5	3238.7	7.9793	1.6004	2.0734	623.30	0.80744	23.706	0.052884	vapor
383.33	3.0000	0.99443	1.0056	2939.1	3240.8	7.9826	1.6010	2.0739	623.78	0.80361	23.750	0.053005	vapor
384.37	3.0000	0.99283	1.0072	2940.8	3243.0	7.9859	1.6016	2.0744	624.25	0.79980	23.793	0.053125	vapor
385.42	3.0000	0.99123	1.0088	2942.5	3245.1	7.9892	1.6022	2.0750	624.73	0.79602	23.837	0.053246	vapor
386.46	3.0000	0.98964	1.0105	2944.2	3247.3	7.9925	1.6028	2.0755	625.20	0.79226	23.880	0.053367	vapor
387.50	3.0000	0.98805	1.0121	2945.8	3249.5	7.9957	1.6035	2.0760	625.67	0.78853	23.923	0.053488	vapor
388.54	3.0000	0.98647	1.0137	2947.5	3251.6	7.9990	1.6041	2.0766	626.14	0.78482	23.967	0.053609	vapor
389.58	3.0000	0.98490	1.0153	2949.2	3253.8	8.0023	1.6047	2.0771	626.61	0.78114	24.010	0.053730	vapor
390.62	3.0000	0.98333	1.0170	2950.9	3256.0	8.0055	1.6053	2.0777	627.09	0.77749	24.054	0.053851	vapor
391.67	3.0000	0.98176	1.0186	2952.6	3258.1	8.0088	1.6059	2.0782	627.56	0.77385	24.097	0.053973	vapor
392.71	3.0000	0.98020	1.0202	2954.2	3260.3	8.0121	1.6065	2.0788	628.03	0.77025	24.141	0.054094	vapor
393.75	3.0000	0.97865	1.0218	2955.9	3262.5	8.0153	1.6071	2.0793	628.50	0.76667	24.184	0.054216	vapor
394.79	3.0000	0.97710	1.0234	2957.6	3264.6	8.0186	1.6077	2.0799	628.97	0.76311	24.227	0.054337	vapor
395.83	3.0000	0.97555	1.0251	2959.3	3266.8	8.0218	1.6083	2.0804	629.43	0.75958	24.271	0.054459	vapor
396.87	3.0000	0.97401	1.0267	2961.0	3269.0	8.0250	1.6090	2.0810	629.90	0.75607	24.314	0.054581	vapor
397.92	3.0000	0.97248	1.0283	2962.6	3271.1	8.0283	1.6096	2.0815	630.37	0.75258	24.358	0.054703	vapor
398.96	3.0000	0.97095	1.0299	2964.3	3273.3	8.0315	1.6102	2.0821	630.84	0.74912	24.401	0.054825	vapor
400.00	3.0000	0.96942	1.0315	2966.0	3275.5	8.0347	1.6108	2.0826	631.30	0.74568	24.444	0.054947	vapor
401.04	3.0000	0.96790	1.0332	2967.7	3277.6	8.0379	1.6114	2.0832	631.77	0.74226	24.488	0.055070	vapor
402.08	3.0000	0.96639	1.0348	2969.4	3279.8	8.0412	1.6121	2.0838	632.24	0.73887	24.531	0.055192	vapor
403.12	3.0000	0.96488	1.0364	2971.1	3282.0	8.0444	1.6127	2.0843	632.70	0.73550	24.574	0.055315	vapor
404.17	3.0000	0.96337	1.0380	2972.7	3284.1	8.0476	1.6133	2.0849	633.17	0.73215	24.618	0.055437	vapor
405.21	3.0000	0.96187	1.0396	2974.4	3286.3	8.0508	1.6139	2.0855	633.63	0.72882	24.661	0.055560	vapor
406.25	3.0000	0.96037	1.0413	2976.1	3288.5	8.0540	1.6146	2.0860	634.09	0.72552	24.704	0.055683	vapor
407.29	3.0000	0.95888	1.0429	2977.8	3290.7	8.0572	1.6152	2.0866	634.56	0.72223	24.748	0.055806	vapor
408.33	3.0000	0.95739	1.0445	2979.5	3292.8	8.0604	1.6158	2.0872	635.02	0.71897	24.791	0.055929	vapor
409.37	3.0000	0.95591	1.0461	2981.2	3295.0	8.0636	1.6164	2.0877	635.48	0.71573	24.834	0.056052	vapor
410.42	3.0000	0.95444	1.0477	2982.9	3297.2	8.0667	1.6171	2.0883	635.95	0.71251	24.878	0.056175	vapor
411.46	3.0000	0.95296	1.0494	2984.6	3299.4	8.0699	1.6177	2.0889	636.41	0.70931	24.921	0.056298	vapor
412.50	3.0000	0.95149	1.0510	2986.2	3301.5	8.0731	1.6183	2.0895	636.87	0.70613	24.964	0.056422	vapor
413.54	3.0000	0.95003	1.0526	2987.9	3303.7	8.0763	1.6190	2.0900	637.33	0.70297	25.008	0.056545	vapor
414.58	3.0000	0.94857	1.0542	2989.6	3305.9	8.0794	1.6196	2.0906	637.79	0.69984	25.051	0.056669	vapor
415.62	3.0000	0.94712	1.0558	2991.3	3308.1	8.0826	1.6202	2.0912	638.25	0.69672	25.094	0.056793	vapor
416.67	3.0000	0.94567	1.0575	2993.0	3310.3	8.0858	1.6209	2.0918	638.71	0.69362	25.138	0.056917	vapor
417.71	3.0000	0.94422	1.0591	2994.7	3312.4	8.0889	1.6215	2.0924	639.17	0.69054	25.181	0.057040	vapor
418.75	3.0000	0.94278	1.0607	2996.4	3314.6	8.0921	1.6221	2.0929	639.63	0.68749	25.224	0.057164	vapor
419.79	3.0000	0.94134	1.0623	2998.1	3316.8	8.0952	1.6228	2.0935	640.09	0.68445	25.267	0.057289	vapor
420.83	3.0000	0.93991	1.0639	2999.8	3319.0	8.0984	1.6234	2.0941	640.54	0.68143	25.311	0.057413	vapor
421.87	3.0000	0.93849	1.0655	3001.5	3321.2	8.1015	1.6240	2.0947	641.00	0.67843	25.354	0.057537	vapor
422.92	3.0000	0.93706	1.0672	3003.2	3323.3	8.1046	1.6247	2.0953	641.46	0.67545	25.397	0.057661	vapor
423.96	3.0000	0.93564	1.0688	3004.9	3325.5	8.1078	1.6253	2.0959	641.91	0.67249	25.440	0.057786	vapor
425.00	3.0000	0.93423	1.0704	3006.6	3327.7	8.1109	1.6260	2.0965	642.37	0.66954	25.484	0.057911	vapor
426.04	3.0000	0.93282	1.0720	3008.3	3329.9	8.1140	1.6266	2.0971	642.82	0.66662	25.527	0.058035	vapor
427.08	3.0000	0.93141	1.0736	3010.0	3332.1	8.1172	1.6273	2.0977	643.28	0.66371	25.570	0.058160	vapor
428.12	3.0000	0.93001	1.0753	3011.7	3334.3	8.1203	1.6279	2.0983	643.73	0.66082	25.613	0.058285	vapor
429.17	3.0000	0.92861	1.0769	3013.4	3336.4	8.1234	1.6285	2.0989	644.19	0.65795	25.657	0.058410	vapor
430.21	3.0000	0.92722	1.0785	3015.1	3338.6	8.1265	1.6292	2.0994	644.64	0.65510	25.700	0.058535	vapor
431.25	3.0000	0.92583	1.0801	3016.8	3340.8	8.1296	1.6298	2.1000	645.10	0.65226	25.743	0.058660	vapor
432.29	3.0000	0.92445	1.0817	3018.5	3343.0	8.1327	1.6305	2.1006	645.55	0.64945	25.786	0.058785	vapor
433.33	3.0000	0.92307	1.0833	3020.2	3345.2	8.1358	1.6311	2.1012	646.00	0.64665	25.829	0.058911	vapor
434.37	3.0000	0.92169	1.0850	3021.9	3347.4	8.1389	1.6318	2.1018	646.45	0.64386	25.873	0.059036	vapor
435.42	3.0000	0.92032	1.0866	3023.6	3349.6	8.1420	1.6324	2.1025	646.91	0.64110	25.916	0.059162	vapor
436.46	3.0000	0.91895	1.0882	3025.3	3351.8	8.1451	1.6331	2.1031	647.36	0.63835	25.959	0.059287	vapor
437.50	3.0000	0.91759	1.0898	3027.0	3354.0	8.1482	1.6337	2.1037	647.81	0.63562	26.002	0.059413	vapor
438.54	3.0000	0.91623	1.0914	3028.7	3356.1	8.1513	1.6344	2.1043	648.26	0.63290	26.045	0.059539	vapor
439.58	3.0000	0.91488	1.0930	3030.4	3358.3	8.1543	1.6350	2.1049	648.71	0.63020	26.088	0.059665	vapor
440.62	3.0000	0.91352	1.0947	3032.1	3360.5	8.1574	1.6357	2.1055	649.16	0.62752	26.131	0.059791	vapor
441.67	3.0000	0.91218	1.0963	3033.8	3362.7	8.1605	1.6363	2.1061	649.61	0.62485	26.175	0.059917	vapor
442.71	3.0000	0.91083	1.0979	3035.5	3364.9	8.1636	1.6370	2.1067	650.06	0.62221	26.218	0.060043	vapor
443.75	3.0000	0.90949	1.0995	3037.3	3367.1	8.1666	1.6377	2.1073	650.50	0.61957	26.261	0.060169	vapor
444.79	3.0000	0.90816	1.1011	3039.0	3369.3	8.1697	1.6383	2.1079	650.95	0.61695	26.304	0.060296	vapor
445.83	3.0000	0.90683	1.1027	3040.7	3371.5	8.1727	1.6390	2.1085	651.40	0.61435	26.347	0.060422	vapor
446.87	3.0000	0.90550	1.1044	3042.4	3373.7	8.1758	1.6396	2.1092	651.85	0.61176	26.390	0.060549	vapor
447.92	3.0000	0.90418	1.1060	3044.1	3375.9	8.1788	1.6403	2.1098	652.29	0.60919	26.433	0.060675	vapor
448.96	3.0000	0.90286	1.1076	3045.8	3378.1	8.1819	1.6409	2.1104	652.74	0.60664	26.476	0.060802	vapor
450.00	3.0000	0.90154	1.1092	3047.5	3380.3	8.1849	1.6416	2.1110	653.18	0.60410	26.519	0.060929	vapor
451.04	3.0000	0.90023	1.1108	3049.2	3382.5	8.1880	1.6423	2.1116	653.63	0.60157	26.562	0.061056	vapor
452.08	3.0000	0.89892	1.1124	3051.0	3384.7	8.1910	1.6429	2.1122	654.08	0.59906	26.605	0.061183	vapor
453.12	3.0000	0.89762	1.1141	3052.7	3386.9	8.1940	1.6436	2.1129	654.52	0.59657	26.649	0.061310	vapor
454.17	3.0000	0.89632	1.1157	3054.4	3389.1	8.1971	1.6442	2.1135	654.96	0.59409	26.692	0.061437	vapor
455.21	3.0000	0.89502	1.1173	3056.1	3391.3	8.2001	1.6449	2.1141	655.41	0.59162	26.735	0.061564	vapor
456.25	3.0000	0.89373	1.1189	3057.8	3393.5	8.2031	1.6456	2.1147	655.85	0.58917	26.778	0.061692	vapor
457.29	3.0000	0.89244	1.1205	3059.5	3395.7	8.2061	1.6462	2.1154	656.29	0.58673	26.821	0.061819	vapor
458.33	3.0000	0.89116	1.1221	3061.3	3397.9	8.2091	1.6469	2.1160	656.74	0.58431	26.864	0.061947	vapor
459.37	3.0000	0.88988	1.1238	3063.0	3400.1	8.2122	1.6476	2.1166	657.18	0.58190	26.907	0.062074	vapor
460.42	3.0000	0.88860	1.1254	3064.7	3402.3	8.2152	1.6482	2.1172	657.62	0.57950	26.950	0.062202	vapor
461.46	3.0000	0.88732	1.1270	3066.4	3404.5	8.2182	1.6489	2.1179	658.06	0.57712	26.993	0.062330	vapor
462.50	3.0000	0.88605	1.1286	3068.1	3406.7	8.2212	1.6496	2.1185	658.50	0.57476	27.036	0.062457	vapor
463.54	3.0000	0.88479	1.1302	3069.9	3408.9	8.2242	1.6502	2.1191	658.94	0.57240	27.079	0.062585	vapor
464.58	3.0000	0.88353	1.1318	3071.6	3411.1	8.2272	1.6509	2.1198	659.39	0.57006	27.122	0.062713	vapor
465.62	3.0000	0.88227	1.1334	3073.3	3413.4	8.2301	1.6516	2.1204	659.82	0.56774	27.164	0.062842	vapor
466.67	3.0000	0.88101	1.1351	3075.0	3415.6	8.2331	1.6522	2.1210	660.26	0.56543	27.207	0.062970	vapor
467.71	3.0000	0.87976	1.1367	3076.8	3417.8	8.2361	1.6529	2.1217	660.70	0.56313	27.250	0.063098	vapor
468.75	3.0000	0.87851	1.1383	3078.5	3420.0	8.2391	1.6536	2.1223	661.14	0.56084	27.293	0.063226	vapor
469.79	3.0000	0.87727	1.1399	3080.2	3422.2	8.2421	1.6543	2.1229	661.58	0.55857	27.336	0.063355	vapor
470.83	3.0000	0.87603	1.1415	3081.9	3424.4	8.2451	1.6549	2.1236	662.02	0.55631	27.379	0.063483	vapor
471.87	3.0000	0.87479	1.1431	3083.7	3426.6	8.2480	1.6556	2.1242	662.46	0.55406	27.422	0.063612	vapor
472.92	3.0000	0.87355	1.1447	3085.4	3428.8	8.2510	1.6563	2.1248	662.89	0.55183	27.465	0.063741	vapor
473.96	3.0000	0.87232	1.1464	3087.1	3431.0	8.2540	1.6570	2.1255	663.33	0.54960	27.508	0.063870	vapor
475.00	3.0000	0.87110	1.1480	3088.9	3433.3	8.2569	1.6576	2.1261	663.77	0.54740	27.551	0.063999	vapor
476.04	3.0000	0.86987	1.1496	3090.6	3435.5	8.2599	1.6583	2.1268	664.20	0.54520	27.593	0.064127	vapor
477.08	3.0000	0.86865	1.1512	3092.3	3437.7	8.2628	1.6590	2.1274	664.64	0.54302	27.636	0.064257	vapor
478.12	3.0000	0.86744	1.1528	3094.1	3439.9	8.2658	1.6597	2.1280	665.07	0.54084	27.679	0.064386	vapor
479.17	3.0000	0.86622	1.1544	3095.8	3442.1	8.2687	1.6603	2.1287	665.51	0.53868	27.722	0.064515	vapor
480.21	3.0000	0.86501	1.1561	3097.5	3444.3	8.2717	1.6610	2.1293	665.94	0.53654	27.765	0.064644	vapor
481.25	3.0000	0.86381	1.1577	3099.3	3446.6	8.2746	1.6617	2.1300	666.38	0.53440	27.808	0.064774	vapor
482.29	3.0000	0.86261	1.1593	3101.0	3448.8	8.2776	1.6624	2.1306	666.81	0.53228	27.850	0.064903	vapor
483.33	3.0000	0.86141	1.1609	3102.7	3451.0	8.2805	1.6630	2.1313	667.24	0.53017	27.893	0.065033	vapor
484.37	3.0000	0.86021	1.1625	3104.5	3453.2	8.2834	1.6637	2.1319	667.68	0.52807	27.936	0.065162	vapor
485.42	3.0000	0.85902	1.1641	3106.2	3455.4	8.2864	1.6644	2.1326	668.11	0.52598	27.979	0.065292	vapor
486.46	3.0000	0.85783	1.1657	3107.9	3457.7	8.2893	1.6651	2.1332	668.54	0.52390	28.022	0.065422	vapor
487.50	3.0000	0.85664	1.1673	3109.7	3459.9	8.2922	1.6658	2.1339	668.97	0.52184	28.064	0.065552	vapor
488.54	3.0000	0.85546	1.1690	3111.4	3462.1	8.2951	1.6665	2.1345	669.41	0.51978	28.107	0.065682	vapor
489.58	3.0000	0.85428	1.1706	3113.2	3464.3	8.2981	1.6671	2.1352	669.84	0.51774	28.150	0.065812	vapor
490.62	3.0000	0.85310	1.1722	3114.9	3466.6	8.3010	1.6678	2.1358	670.27	0.51571	28.193	0.065942	vapor
491.67	3.0000	0.85193	1.1738	3116.6	3468.8	8.3039	1.6685	2.1365	670.70	0.51369	28.235	0.066072	vapor
492.71	3.0000	0.85076	1.1754	3118.4	3471.0	8.3068	1.6692	2.1371	671.13	0.51168	28.278	0.066202	vapor
493.75	3.0000	0.84960	1.1770	3120.1	3473.2	8.3097	1.6699	2.1378	671.56	0.50968	28.321	0.066333	vapor
494.79	3.0000	0.84843	1.1786	3121.9	3475.5	8.3126	1.6706	2.1384	671.99	0.50770	28.364	0.066463	vapor
495.83	3.0000	0.84727	1.1803	3123.6	3477.7	8.3155	1.6712	2.1391	672.42	0.50572	28.406	0.066594	vapor
496.87	3.0000	0.84612	1.1819	3125.4	3479.9	8.3184	1.6719	2.1397	672.85	0.50375	28.449	0.066724	vapor
497.92	3.0000	0.84496	1.1835	3127.1	3482.1	8.3213	1.6726	2.1404	673.27	0.50180	28.492	0.066855	vapor
498.96	3.0000	0.84381	1.1851	3128.8	3484.4	8.3242	1.6733	2.1411	673.70	0.49986	28.534	0.066986	vapor
500.00	3.0000	0.84266	1.1867	3130.6	3486.6	8.3271	1.6740	2.1417	674.13	0.49792	28.577	0.067116	vapor
501.04	3.0000	0.84152	1.1883	3132.3	3488.8	8.3299	1.6747	2.1424	674.56	0.49600	28.620	0.067247	vapor
502.08	3.0000	0.84038	1.1899	3134.1	3491.1	8.3328	1.6754	2.1430	674.98	0.49409	28.662	0.067378	vapor
503.12	3.0000	0.83924	1.1916	3135.8	3493.3	8.3357	1.6761	2.1437	675.41	0.49218	28.705	0.067509	vapor
504.17	3.0000	0.83811	1.1932	3137.6	3495.5	8.3386	1.6767	2.1443	675.84	0.49029	28.747	0.067641	vapor
505.21	3.0000	0.83698	1.1948	3139.3	3497.8	8.3415	1.6774	2.1450	676.26	0.48841	28.790	0.067772	vapor
506.25	3.0000	0.83585	1.1964	3141.1	3500.0	8.3443	1.6781	2.1457	676.69	0.48654	28.833	0.067903	vapor
507.29	3.0000	0.83472	1.1980	3142.8	3502.2	8.3472	1.6788	2.1463	677.11	0.48468	28.875	0.068034	vapor
508.33	3.0000	0.83360	1.1996	3144.6	3504.5	8.3501	1.6795	2.1470	677.54	0.48282	28.918	0.068166	vapor
509.37	3.0000	0.83248	1.2012	3146.3	3506.7	8.3529	1.6802	2.1477	677.96	0.48098	28.960	0.068297	vapor
510.42	3.0000	0.83136	1.2028	3148.1	3508.9	8.3558	1.6809	2.1483	678.39	0.47915	29.003	0.068429	vapor
511.46	3.0000	0.83025	1.2045	3149.9	3511.2	8.3586	1.6816	2.1490	678.81	0.47733	29.045	0.068561	vapor
512.50	3.0000	0.82914	1.2061	3151.6	3513.4	8.3615	1.6823	2.1497	679.23	0.47551	29.088	0.068693	vapor
513.54	3.0000	0.82803	1.2077	3153.4	3515.7	8.3643	1.6830	2.1503	679.66	0.47371	29.131	0.068824	vapor
514.58	3.0000	0.82693	1.2093	3155.1	3517.9	8.3672	1.6837	2.1510	680.08	0.47191	29.173	0.068956	vapor
515.62	3.0000	0.82583	1.2109	3156.9	3520.1	8.3700	1.6844	2.1517	680.50	0.47013	29.216	0.069088	vapor
516.67	3.0000	0.82473	1.2125	3158.6	3522.4	8.3729	1.6851	2.1523	680.92	0.46835	29.258	0.069220	vapor
517.71	3.0000	0.82364	1.2141	3160.4	3524.6	8.3757	1.6858	2.1530	681.34	0.46659	29.301	0.069352	vapor
518.75	3.0000	0.82254	1.2157	3162.2	3526.9	8.3785	1.6865	2.1537	681.76	0.46483	29.343	0.069485	vapor
519.79	3.0000	0.82145	1.2174	3163.9	3529.1	8.3814	1.6871	2.1543	682.19	0.46308	29.385	0.069617	vapor
520.83	3.0000	0.82037	1.2190	3165.7	3531.4	8.3842	1.6878	2.1550	682.61	0.46135	29.428	0.069749	vapor
521.87	3.0000	0.81928	1.2206	3167.4	3533.6	8.3870	1.6885	2.1557	683.03	0.45962	29.470	0.069882	vapor
522.92	3.0000	0.81820	1.2222	3169.2	3535.9	8.3898	1.6892	2.1564	683.45	0.45790	29.513	0.070014	vapor
523.96	3.0000	0.81713	1.2238	3171.0	3538.1	8.3927	1.6899	2.1570	683.87	0.45618	29.555	0.070147	vapor
525.00	3.0000	0.81605	1.2254	3172.7	3540.3	8.3955	1.6906	2.1577	684.29	0.45448	29.598	0.070280	vapor
526.04	3.0000	0.81498	1.2270	3174.5	3542.6	8.3983	1.6913	2.1584	684.70	0.45279	29.640	0.070412	vapor
527.08	3.0000	0.81391	1.2286	3176.3	3544.8	8.4011	1.6920	2.1590	685.12	0.45110	29.682	0.070545	vapor
528.12	3.0000	0.81284	1.2303	3178.0	3547.1	8.4039	1.6927	2.1597	685.54	0.44943	29.725	0.070678	vapor
529.17	3.0000	0.81178	1.2319	3179.8	3549.3	8.4067	1.6934	2.1604	685.96	0.44776	29.767	0.070811	vapor
530.21	3.0000	0.81072	1.2335	3181.6	3551.6	8.4095	1.6941	2.1611	686.38	0.44610	29.810	0.070944	vapor
531.25	3.0000	0.80966	1.2351	3183.3	3553.8	8.4123	1.6948	2.1618	686.79	0.44445	29.852	0.071077	vapor
532.29	3.0000	0.80860	1.2367	3185.1	3556.1	8.4151	1.6955	2.1624	687.21	0.44281	29.894	0.071210	vapor
533.33	3.0000	0.80755	1.2383	3186.9	3558.3	8.4179	1.6962	2.1631	687.63	0.44117	29.937	0.071344	vapor
534.37	3.0000	0.80650	1.2399	3188.6	3560.6	8.4207	1.6969	2.1638	688.04	0.43955	29.979	0.071477	vapor
535.42	3.0000	0.80546	1.2415	3190.4	3562.9	8.4235	1.6976	2.1645	688.46	0.43793	30.021	0.071610	vapor
536.46	3.0000	0.80441	1.2431	3192.2	3565.1	8.4263	1.6984	2.1651	688.87	0.43632	30.064	0.071744	vapor
537.50	3.0000	0.80337	1.2448	3193.9	3567.4	8.4291	1.6991	2.1658	689.29	0.43472	30.106	0.071877	vapor
538.54	3.0000	0.80233	1.2464	3195.7	3569.6	8.4318	1.6998	2.1665	689.70	0.43313	30.148	0.072011	vapor
539.58	3.0000	0.80129	1.2480	3197.5	3571.9	8.4346	1.7005	2.1672	690.12	0.43154	30.190	0.072145	vapor
540.62	3.0000	0.80026	1.2496	3199.3	3574.1	8.4374	1.7012	2.1679	690.53	0.42997	30.233	0.072278	vapor
541.67	3.0000	0.79923	1.2512	3201.0	3576.4	8.4402	1.7019	2.1685	690.95	0.42840	30.275	0.072412	vapor
542.71	3.0000	0.79820	1.2528	3202.8	3578.7	8.4429	1.7026	2.1692	691.36	0.42684	30.317	0.072546	vapor
543.75	3.0000	0.79718	1.2544	3204.6	3580.9	8.4457	1.7033	2.1699	691.77	0.42528	30.359	0.072680	vapor
544.79	3.0000	0.79615	1.2560	3206.4	3583.2	8.4485	1.7040	2.1706	692.19	0.42374	30.402	0.072814	vapor
545.83	3.0000	0.79513	1.2576	3208.1	3585.4	8.4512	1.7047	2.1713	692.60	0.42220	30.444	0.072948	vapor
546.87	3.0000	0.79412	1.2593	3209.9	3587.7	8.4540	1.7054	2.1720	693.01	0.42067	30.486	0.073083	vapor
547.92	3.0000	0.79310	1.2609	3211.7	3590.0	8.4568	1.7061	2.1726	693.42	0.41915	30.528	0.073217	vapor
548.96	3.0000	0.79209	1.2625	3213.5	3592.2	8.4595	1.7068	2.1733	693.84	0.41763	30.570	0.073351	vapor
550.00	3.0000	0.79108	1.2641	3215.3	3594.5	8.4623	1.7075	2.1740	694.25	0.41613	30.613	0.073485	vapor
551.04	3.0000	0.79007	1.2657	3217.0	3596.8	8.4650	1.7082	2.1747	694.66	0.41463	30.655	0.073620	vapor
552.08	3.0000	0.78907	1.2673	3218.8	3599.0	8.4678	1.7089	2.1754	695.07	0.41313	30.697	0.073754	vapor
553.12	3.0000	0.78807	1.2689	3220.6	3601.3	8.4705	1.7097	2.1761	695.48	0.41165	30.739	0.073889	vapor
554.17	3.0000	0.78707	1.2705	3222.4	3603.6	8.4733	1.7104	2.1768	695.89	0.41017	30.781	0.074024	vapor
555.21	3.0000	0.78607	1.2721	3224.2	3605.8	8.4760	1.7111	2.1775	696.30	0.40870	30.823	0.074159	vapor
556.25	3.0000	0.78508	1.2738	3226.0	3608.1	8.4787	1.7118	2.1781	696.71	0.40724	30.865	0.074293	vapor
557.29	3.0000	0.78409	1.2754	3227.8	3610.4	8.4815	1.7125	2.1788	697.12	0.40578	30.907	0.074428	vapor
558.33	3.0000	0.78310	1.2770	3229.5	3612.6	8.4842	1.7132	2.1795	697.53	0.40433	30.950	0.074563	vapor
559.37	3.0000	0.78211	1.2786	3231.3	3614.9	8.4869	1.7139	2.1802	697.93	0.40289	30.992	0.074698	vapor
560.42	3.0000	0.78113	1.2802	3233.1	3617.2	8.4896	1.7146	2.1809	698.34	0.40146	31.034	0.074833	vapor
561.46	3.0000	0.78014	1.2818	3234.9	3619.4	8.4924	1.7153	2.1816	698.75	0.40003	31.076	0.074968	vapor
562.50	3.0000	0.77917	1.2834	3236.7	3621.7	8.4951	1.7160	2.1823	699.16	0.39861	31.118	0.075104	vapor
563.54	3.0000	0.77819	1.2850	3238.5	3624.0	8.4978	1.7168	2.1830	699.57	0.39719	31.160	0.075239	vapor
564.58	3.0000	0.77722	1.2866	3240.3	3626.3	8.5005	1.7175	2.1837	699.97	0.39579	31.202	0.075374	vapor
565.62	3.0000	0.77624	1.2883	3242.1	3628.5	8.5032	1.7182	2.1844	700.38	0.39439	31.244	0.075510	vapor
566.67	3.0000	0.77527	1.2899	3243.9	3630.8	8.5060	1.7189	2.1851	700.79	0.39299	31.286	0.075645	vapor
567.71	3.0000	0.77431	1.2915	3245.7	3633.1	8.5087	1.7196	2.1858	701.19	0.39161	31.328	0.075781	vapor
568.75	3.0000	0.77334	1.2931	3247.4	3635.4	8.5114	1.7203	2.1865	701.60	0.39023	31.370	0.075916	vapor
569.79	3.0000	0.77238	1.2947	3249.2	3637.6	8.5141	1.7210	2.1871	702.00	0.38885	31.412	0.076052	vapor
570.83	3.0000	0.77142	1.2963	3251.0	3639.9	8.5168	1.7218	2.1878	702.41	0.38749	31.454	0.076188	vapor
571.87	3.0000	0.77046	1.2979	3252.8	3642.2	8.5195	1.7225	2.1885	702.81	0.38612	31.496	0.076324	vapor
572.92	3.0000	0.76951	1.2995	3254.6	3644.5	8.5222	1.7232	2.1892	703.22	0.38477	31.537	0.076460	vapor
573.96	3.0000	0.76856	1.3011	3256.4	3646.8	8.5249	1.7239	2.1899	703.62	0.38342	31.579	0.076596	vapor
575.00	3.0000	0.76761	1.3027	3258.2	3649.1	8.5276	1.7246	2.1906	704.03	0.38208	31.621	0.076732	vapor
576.04	3.0000	0.76666	1.3044	3260.0	3651.3	8.5302	1.7253	2.1913	704.43	0.38075	31.663	0.076868	vapor
577.08	3.0000	0.76571	1.3060	3261.8	3653.6	8.5329	1.7260	2.1920	704.83	0.37942	31.705	0.077004	vapor
578.12	3.0000	0.76477	1.3076	3263.6	3655.9	8.5356	1.7268	2.1927	705.24	0.37810	31.747	0.077140	vapor
579.17	3.0000	0.76383	1.3092	3265.4	3658.2	8.5383	1.7275	2.1934	705.64	0.37678	31.789	0.077276	vapor
580.21	3.0000	0.76289	1.3108	3267.2	3660.5	8.5410	1.7282	2.1941	706.04	0.37547	31.831	0.077413	vapor
581.25	3.0000	0.76196	1.3124	3269.0	3662.8	8.5437	1.7289	2.1948	706.44	0.37417	31.872	0.077549	vapor
582.29	3.0000	0.76102	1.3140	3270.8	3665.0	8.5463	1.7296	2.1955	706.84	0.37287	31.914	0.077686	vapor
583.33	3.0000	0.76009	1.3156	3272.6	3667.3	8.5490	1.7304	2.1962	707.25	0.37158	31.956	0.077822	vapor
584.37	3.0000	0.75916	1.3172	3274.4	3669.6	8.5517	1.7311	2.1969	707.65	0.37030	31.998	0.077959	vapor
585.42	3.0000	0.75824	1.3189	3276.3	3671.9	8.5543	1.7318	2.1976	708.05	0.36902	32.040	0.078095	vapor
586.46	3.0000	0.75731	1.3205	3278.1	3674.2	8.5570	1.7325	2.1983	708.45	0.36775	32.081	0.078232	vapor
587.50	3.0000	0.75639	1.3221	3279.9	3676.5	8.5597	1.7332	2.1990	708.85	0.36648	32.123	0.078369	vapor
588.54	3.0000	0.75547	1.3237	3281.7	3678.8	8.5623	1.7339	2.1997	709.25	0.36522	32.165	0.078506	vapor
589.58	3.0000	0.75455	1.3253	3283.5	3681.1	8.5650	1.7347	2.2004	709.65	0.36396	32.207	0.078643	vapor
590.62	3.0000	0.75364	1.3269	3285.3	3683.4	8.5676	1.7354	2.2011	710.05	0.36271	32.248	0.078780	vapor
591.67	3.0000	0.75272	1.3285	3287.1	3685.7	8.5703	1.7361	2.2018	710.45	0.36147	32.290	0.078917	vapor
592.71	3.0000	0.75181	1.3301	3288.9	3687.9	8.5729	1.7368	2.2025	710.85	0.36023	32.332	0.079054	vapor
593.75	3.0000	0.75090	1.3317	3290.7	3690.2	8.5756	1.7375	2.2032	711.25	0.35900	32.373	0.079191	vapor
594.79	3.0000	0.75000	1.3333	3292.5	3692.5	8.5782	1.7383	2.2039	711.64	0.35778	32.415	0.079328	vapor
595.83	3.0000	0.74909	1.3349	3294.3	3694.8	8.5809	1.7390	2.2046	712.04	0.35656	32.457	0.079466	vapor
596.87	3.0000	0.74819	1.3366	3296.2	3697.1	8.5835	1.7397	2.2053	712.44	0.35534	32.498	0.079603	vapor
597.92	3.0000	0.74729	1.3382	3298.0	3699.4	8.5862	1.7404	2.2060	712.84	0.35413	32.540	0.079741	vapor
598.96	3.0000	0.74639	1.3398	3299.8	3701.7	8.5888	1.7412	2.2068	713.23	0.35293	32.582	0.079878	vapor
600.00	3.0000	0.74550	1.3414	3301.6	3704.0	8.5914	1.7419	2.2075	713.63	0.35173	32.623	0.080016	vapor
601.04	3.0000	0.74460	1.3430	3303.4	3706.3	8.5941	1.7426	2.2082	714.03	0.35054	32.665	0.080153	vapor
602.08	3.0000	0.74371	1.3446	3305.2	3708.6	8.5967	1.7433	2.2089	714.42	0.34935	32.707	0.080291	vapor
603.12	3.0000	0.74282	1.3462	3307.1	3710.9	8.5993	1.7440	2.2096	714.82	0.34817	32.748	0.080429	vapor
604.17	3.0000	0.74194	1.3478	3308.9	3713.2	8.6020	1.7448	2.2103	715.22	0.34699	32.790	0.080567	vapor
605.21	3.0000	0.74105	1.3494	3310.7	3715.5	8.6046	1.7455	2.2110	715.61	0.34582	32.831	0.080704	vapor
606.25	3.0000	0.74017	1.3510	3312.5	3717.8	8.6072	1.7462	2.2117	716.01	0.34466	32.873	0.080842	vapor
607.29	3.0000	0.73929	1.3527	3314.3	3720.1	8.6098	1.7469	2.2124	716.40	0.34350	32.914	0.080980	vapor
608.33	3.0000	0.73841	1.3543	3316.2	3722.4	8.6124	1.7477	2.2131	716.80	0.34234	32.956	0.081118	vapor
609.37	3.0000	0.73753	1.3559	3318.0	3724.8	8.6150	1.7484	2.2138	717.19	0.34119	32.997	0.081257	vapor
610.42	3.0000	0.73666	1.3575	3319.8	3727.1	8.6177	1.7491	2.2145	717.58	0.34005	33.039	0.081395	vapor
611.46	3.0000	0.73579	1.3591	3321.6	3729.4	8.6203	1.7498	2.2152	717.98	0.33891	33.080	0.081533	vapor
612.50	3.0000	0.73492	1.3607	3323.5	3731.7	8.6229	1.7506	2.2159	718.37	0.33777	33.122	0.081671	vapor
613.54	3.0000	0.73405	1.3623	3325.3	3734.0	8.6255	1.7513	2.2167	718.77	0.33664	33.163	0.081810	vapor
614.58	3.0000	0.73318	1.3639	3327.1	3736.3	8.6281	1.7520	2.2174	719.16	0.33552	33.205	0.081948	vapor
615.62	3.0000	0.73232	1.3655	3328.9	3738.6	8.6307	1.7527	2.2181	719.55	0.33440	33.246	0.082087	vapor
616.67	3.0000	0.73146	1.3671	3330.8	3740.9	8.6333	1.7535	2.2188	719.94	0.33329	33.288	0.082225	vapor
617.71	3.0000	0.73060	1.3687	3332.6	3743.2	8.6359	1.7542	2.2195	720.34	0.33218	33.329	0.082364	vapor
618.75	3.0000	0.72974	1.3704	3334.4	3745.5	8.6385	1.7549	2.2202	720.73	0.33107	33.371	0.082502	vapor
619.79	3.0000	0.72888	1.3720	3336.3	3747.8	8.6411	1.7556	2.2209	721.12	0.32997	33.412	0.082641	vapor
620.83	3.0000	0.72803	1.3736	3338.1	3750.2	8.6437	1.7564	2.2216	721.51	0.32888	33.453	0.082780	vapor
621.87	3.0000	0.72718	1.3752	3339.9	3752.5	8.6462	1.7571	2.2223	721.90	0.32779	33.495	0.082919	vapor
622.92	3.0000	0.72633	1.3768	3341.8	3754.8	8.6488	1.7578	2.2231	722.29	0.32671	33.536	0.083058	vapor
623.96	3.0000	0.72548	1.3784	3343.6	3757.1	8.6514	1.7585	2.2238	722.68	0.32563	33.577	0.083197	vapor
625.00	3.0000	0.72463	1.3800	3345.4	3759.4	8.6540	1.7593	2.2245	723.07	0.32455	33.619	0.083336	vapor
626.04	3.0000	0.72379	1.3816	3347.3	3761.7	8.6566	1.7600	2.2252	723.46	0.32348	33.660	0.083475	vapor
627.08	3.0000	0.72295	1.3832	3349.1	3764.1	8.6591	1.7607	2.2259	723.85	0.32242	33.701	0.083614	vapor
628.12	3.0000	0.72211	1.3848	3350.9	3766.4	8.6617	1.7614	2.2266	724.24	0.32135	33.743	0.083753	vapor
629.17	3.0000	0.72127	1.3864	3352.8	3768.7	8.6643	1.7622	2.2273	724.63	0.32030	33.784	0.083892	vapor
630.21	3.0000	0.72043	1.3881	3354.6	3771.0	8.6669	1.7629	2.2280	725.02	0.31925	33.825	0.084032	vapor
631.25	3.0000	0.71960	1.3897	3356.4	3773.3	8.6694	1.7636	2.2288	725.41	0.31820	33.867	0.084171	vapor
632.29	3.0000	0.71877	1.3913	3358.3	3775.7	8.6720	1.7644	2.2295	725.80	0.31716	33.908	0.084310	vapor
633.33	3.0000	0.71794	1.3929	3360.1	3778.0	8.6746	1.7651	2.2302	726.19	0.31612	33.949	0.084450	vapor
634.37	3.0000	0.71711	1.3945	3362.0	3780.3	8.6771	1.7658	2.2309	726.57	0.31509	33.990	0.084589	vapor
635.42	3.0000	0.71628	1.3961	3363.8	3782.6	8.6797	1.7665	2.2316	726.96	0.31406	34.031	0.084729	vapor
636.46	3.0000	0.71546	1.3977	3365.6	3785.0	8.6822	1.7673	2.2323	727.35	0.31304	34.073	0.084869	vapor
637.50	3.0000	0.71464	1.3993	3367.5	3787.3	8.6848	1.7680	2.2330	727.74	0.31202	34.114	0.085008	vapor
638.54	3.0000	0.71382	1.4009	3369.3	3789.6	8.6874	1.7687	2.2338	728.12	0.31100	34.155	0.085148	vapor
639.58	3.0000	0.71300	1.4025	3371.2	3791.9	8.6899	1.7695	2.2345	728.51	0.30999	34.196	0.085288	vapor
640.62	3.0000	0.71218	1.4041	3373.0	3794.3	8.6925	1.7702	2.2352	728.89	0.30898	34.237	0.085428	vapor
641.67	3.0000	0.71137	1.4057	3374.9	3796.6	8.6950	1.7709	2.2359	729.28	0.30798	34.278	0.085568	vapor
642.71	3.0000	0.71055	1.4074	3376.7	3798.9	8.6975	1.7716	2.2366	729.67	0.30698	34.320	0.085708	vapor
643.75	3.0000	0.70974	1.4090	3378.6	3801.3	8.7001	1.7724	2.2373	730.05	0.30599	34.361	0.085848	vapor
644.79	3.0000	0.70893	1.4106	3380.4	3803.6	8.7026	1.7731	2.2381	730.44	0.30500	34.402	0.085988	vapor
645.83	3.0000	0.70812	1.4122	3382.3	3805.9	8.7052	1.7738	2.2388	730.82	0.30402	34.443	0.086128	vapor
646.87	3.0000	0.70732	1.4138	3384.1	3808.2	8.7077	1.7746	2.2395	731.21	0.30304	34.484	0.086268	vapor
647.92	3.0000	0.70652	1.4154	3386.0	3810.6	8.7102	1.7753	2.2402	731.59	0.30206	34.525	0.086409	vapor
648.96	3.0000	0.70571	1.4170	3387.8	3812.9	8.7128	1.7760	2.2409	731.98	0.30109	34.566	0.086549	vapor
650.00	3.0000	0.70491	1.4186	3389.7	3815.3	8.7153	1.7768	2.2416	732.36	0.30012	34.607	0.086689	vapor
