Temperature (C)	Pressure (bar)	Density (kg/m3)	Volume (m3/kg)	Internal Energy (kJ/kg)	Enthalpy (kJ/kg)	Entropy (J/g*K)	Cv (J/g*K)	Cp (J/g*K)	Sound Spd. (m/s)	Joule-Thomson (K/bar)	Viscosity (uPa*s)	Therm. Cond. (W/m*K)	Phase
25.000	30.000	998.35	0.0010017	104.60	107.60	0.36645	4.1279	4.1730	1501.6	-0.022139	889.42	0.60851	liquid
26.042	30.000	998.08	0.0010019	108.94	111.95	0.38100	4.1239	4.1727	1504.3	-0.022070	868.80	0.61027	liquid
27.083	30.000	997.79	0.0010022	113.29	116.29	0.39550	4.1198	4.1725	1507.0	-0.022002	848.94	0.61202	liquid
28.125	30.000	997.49	0.0010025	117.63	120.64	0.40995	4.1156	4.1723	1509.6	-0.021934	829.81	0.61375	liquid
29.167	30.000	997.19	0.0010028	121.98	124.99	0.42435	4.1115	4.1721	1512.1	-0.021868	811.36	0.61546	liquid
30.208	30.000	996.87	0.0010031	126.32	129.33	0.43871	4.1072	4.1720	1514.6	-0.021802	793.58	0.61715	liquid
31.250	30.000	996.55	0.0010035	130.67	133.68	0.45301	4.1029	4.1719	1516.9	-0.021736	776.41	0.61881	liquid
32.292	30.000	996.22	0.0010038	135.01	138.02	0.46726	4.0986	4.1719	1519.2	-0.021671	759.84	0.62046	liquid
33.333	30.000	995.88	0.0010041	139.36	142.37	0.48146	4.0942	4.1718	1521.4	-0.021607	743.83	0.62208	liquid
34.375	30.000	995.52	0.0010045	143.70	146.72	0.49562	4.0898	4.1718	1523.6	-0.021543	728.37	0.62369	liquid
35.417	30.000	995.17	0.0010049	148.05	151.06	0.50972	4.0853	4.1719	1525.7	-0.021479	713.42	0.62527	liquid
36.458	30.000	994.80	0.0010052	152.39	155.41	0.52378	4.0808	4.1719	1527.7	-0.021417	698.97	0.62682	liquid
37.500	30.000	994.42	0.0010056	156.74	159.75	0.53780	4.0763	4.1720	1529.6	-0.021354	684.98	0.62836	liquid
38.542	30.000	994.04	0.0010060	161.08	164.10	0.55176	4.0717	4.1721	1531.5	-0.021292	671.45	0.62987	liquid
39.583	30.000	993.64	0.0010064	165.43	168.44	0.56568	4.0671	4.1723	1533.3	-0.021231	658.34	0.63136	liquid
40.625	30.000	993.24	0.0010068	169.77	172.79	0.57956	4.0624	4.1724	1535.0	-0.021170	645.65	0.63282	liquid
41.667	30.000	992.83	0.0010072	174.12	177.14	0.59339	4.0577	4.1726	1536.7	-0.021109	633.35	0.63426	liquid
42.708	30.000	992.42	0.0010076	178.46	181.48	0.60717	4.0529	4.1728	1538.3	-0.021048	621.43	0.63568	liquid
43.750	30.000	991.99	0.0010081	182.81	185.83	0.62091	4.0482	4.1730	1539.8	-0.020988	609.87	0.63707	liquid
44.792	30.000	991.56	0.0010085	187.15	190.18	0.63460	4.0433	4.1733	1541.3	-0.020929	598.66	0.63844	liquid
45.833	30.000	991.12	0.0010090	191.50	194.52	0.64826	4.0385	4.1735	1542.7	-0.020869	587.78	0.63979	liquid
46.875	30.000	990.68	0.0010094	195.84	198.87	0.66186	4.0336	4.1738	1544.1	-0.020810	577.23	0.64111	liquid
47.917	30.000	990.22	0.0010099	200.19	203.22	0.67543	4.0287	4.1741	1545.4	-0.020751	566.98	0.64241	liquid
48.958	30.000	989.76	0.0010103	204.54	207.57	0.68895	4.0238	4.1744	1546.6	-0.020693	557.02	0.64369	liquid
50.000	30.000	989.30	0.0010108	208.88	211.92	0.70243	4.0188	4.1747	1547.8	-0.020634	547.35	0.64494	liquid
51.042	30.000	988.82	0.0010113	213.23	216.27	0.71586	4.0138	4.1750	1548.9	-0.020576	537.96	0.64617	liquid
52.083	30.000	988.34	0.0010118	217.58	220.61	0.72926	4.0088	4.1754	1550.0	-0.020518	528.82	0.64737	liquid
53.125	30.000	987.85	0.0010123	221.93	224.96	0.74261	4.0037	4.1758	1551.0	-0.020460	519.94	0.64855	liquid
54.167	30.000	987.36	0.0010128	226.28	229.31	0.75592	3.9987	4.1762	1551.9	-0.020403	511.31	0.64971	liquid
55.208	30.000	986.85	0.0010133	230.62	233.66	0.76919	3.9936	4.1765	1552.9	-0.020345	502.90	0.65084	liquid
56.250	30.000	986.34	0.0010138	234.97	238.02	0.78242	3.9884	4.1770	1553.7	-0.020288	494.73	0.65196	liquid
57.292	30.000	985.83	0.0010144	239.32	242.37	0.79561	3.9833	4.1774	1554.5	-0.020231	486.77	0.65304	liquid
58.333	30.000	985.31	0.0010149	243.67	246.72	0.80876	3.9781	4.1778	1555.2	-0.020174	479.02	0.65411	liquid
59.375	30.000	984.78	0.0010155	248.02	251.07	0.82186	3.9729	4.1783	1555.9	-0.020117	471.48	0.65515	liquid
60.417	30.000	984.25	0.0010160	252.38	255.42	0.83493	3.9677	4.1788	1556.6	-0.020061	464.13	0.65617	liquid
61.458	30.000	983.70	0.0010166	256.73	259.78	0.84796	3.9625	4.1792	1557.2	-0.020004	456.97	0.65717	liquid
62.500	30.000	983.16	0.0010171	261.08	264.13	0.86095	3.9573	4.1797	1557.7	-0.019947	449.99	0.65815	liquid
63.542	30.000	982.60	0.0010177	265.43	268.48	0.87391	3.9520	4.1803	1558.2	-0.019891	443.19	0.65910	liquid
64.583	30.000	982.04	0.0010183	269.78	272.84	0.88682	3.9467	4.1808	1558.7	-0.019834	436.56	0.66004	liquid
65.625	30.000	981.48	0.0010189	274.14	277.19	0.89970	3.9414	4.1813	1559.1	-0.019778	430.09	0.66095	liquid
66.667	30.000	980.91	0.0010195	278.49	281.55	0.91253	3.9361	4.1819	1559.5	-0.019722	423.79	0.66184	liquid
67.708	30.000	980.33	0.0010201	282.85	285.91	0.92533	3.9308	4.1825	1559.8	-0.019665	417.64	0.66271	liquid
68.750	30.000	979.75	0.0010207	287.20	290.26	0.93810	3.9255	4.1831	1560.0	-0.019609	411.63	0.66356	liquid
69.792	30.000	979.16	0.0010213	291.56	294.62	0.95082	3.9202	4.1837	1560.3	-0.019553	405.77	0.66439	liquid
70.833	30.000	978.56	0.0010219	295.91	298.98	0.96351	3.9148	4.1843	1560.4	-0.019496	400.05	0.66520	liquid
71.875	30.000	977.96	0.0010225	300.27	303.34	0.97617	3.9095	4.1849	1560.6	-0.019440	394.47	0.66599	liquid
72.917	30.000	977.36	0.0010232	304.63	307.70	0.98878	3.9041	4.1856	1560.7	-0.019383	389.02	0.66676	liquid
73.958	30.000	976.74	0.0010238	308.99	312.06	1.0014	3.8987	4.1862	1560.7	-0.019327	383.69	0.66751	liquid
75.000	30.000	976.13	0.0010245	313.35	316.42	1.0139	3.8933	4.1869	1560.7	-0.019270	378.49	0.66824	liquid
76.042	30.000	975.50	0.0010251	317.71	320.78	1.0264	3.8879	4.1876	1560.7	-0.019213	373.40	0.66895	liquid
77.083	30.000	974.88	0.0010258	322.07	325.14	1.0389	3.8825	4.1883	1560.6	-0.019157	368.43	0.66964	liquid
78.125	30.000	974.24	0.0010264	326.43	329.51	1.0513	3.8771	4.1891	1560.5	-0.019100	363.58	0.67032	liquid
79.167	30.000	973.60	0.0010271	330.79	333.87	1.0637	3.8717	4.1898	1560.3	-0.019043	358.83	0.67098	liquid
80.208	30.000	972.96	0.0010278	335.15	338.24	1.0761	3.8663	4.1906	1560.1	-0.018986	354.19	0.67162	liquid
81.250	30.000	972.31	0.0010285	339.52	342.60	1.0884	3.8609	4.1914	1559.9	-0.018929	349.65	0.67224	liquid
82.292	30.000	971.65	0.0010292	343.88	346.97	1.1007	3.8555	4.1922	1559.6	-0.018871	345.21	0.67284	liquid
83.333	30.000	970.99	0.0010299	348.25	351.34	1.1130	3.8501	4.1930	1559.3	-0.018814	340.87	0.67343	liquid
84.375	30.000	970.32	0.0010306	352.61	355.70	1.1253	3.8447	4.1939	1559.0	-0.018756	336.62	0.67400	liquid
85.417	30.000	969.65	0.0010313	356.98	360.07	1.1375	3.8393	4.1947	1558.6	-0.018699	332.46	0.67455	liquid
86.458	30.000	968.97	0.0010320	361.35	364.44	1.1496	3.8338	4.1956	1558.1	-0.018641	328.39	0.67509	liquid
87.500	30.000	968.29	0.0010327	365.72	368.81	1.1618	3.8284	4.1965	1557.7	-0.018583	324.41	0.67561	liquid
88.542	30.000	967.60	0.0010335	370.08	373.19	1.1739	3.8230	4.1975	1557.2	-0.018524	320.51	0.67611	liquid
89.583	30.000	966.91	0.0010342	374.46	377.56	1.1859	3.8176	4.1984	1556.6	-0.018466	316.69	0.67660	liquid
90.625	30.000	966.21	0.0010350	378.83	381.93	1.1980	3.8122	4.1994	1556.1	-0.018407	312.95	0.67708	liquid
91.667	30.000	965.51	0.0010357	383.20	386.31	1.2100	3.8068	4.2004	1555.5	-0.018348	309.29	0.67754	liquid
92.708	30.000	964.80	0.0010365	387.57	390.68	1.2220	3.8014	4.2014	1554.8	-0.018289	305.70	0.67798	liquid
93.750	30.000	964.09	0.0010372	391.95	395.06	1.2339	3.7960	4.2024	1554.1	-0.018230	302.18	0.67841	liquid
94.792	30.000	963.37	0.0010380	396.32	399.44	1.2458	3.7906	4.2034	1553.4	-0.018170	298.74	0.67882	liquid
95.833	30.000	962.65	0.0010388	400.70	403.82	1.2577	3.7852	4.2045	1552.7	-0.018110	295.36	0.67922	liquid
96.875	30.000	961.92	0.0010396	405.08	408.20	1.2696	3.7798	4.2056	1551.9	-0.018050	292.06	0.67961	liquid
97.917	30.000	961.19	0.0010404	409.46	412.58	1.2814	3.7744	4.2067	1551.1	-0.017990	288.81	0.67998	liquid
98.958	30.000	960.45	0.0010412	413.84	416.96	1.2932	3.7691	4.2079	1550.2	-0.017929	285.64	0.68033	liquid
100.00	30.000	959.71	0.0010420	418.22	421.34	1.3050	3.7637	4.2090	1549.4	-0.017868	282.52	0.68068	liquid
101.04	30.000	958.96	0.0010428	422.60	425.73	1.3167	3.7584	4.2102	1548.5	-0.017807	279.46	0.68101	liquid
102.08	30.000	958.20	0.0010436	426.99	430.12	1.3284	3.7530	4.2114	1547.5	-0.017745	276.46	0.68132	liquid
103.13	30.000	957.45	0.0010444	431.37	434.50	1.3401	3.7477	4.2127	1546.5	-0.017683	273.52	0.68163	liquid
104.17	30.000	956.68	0.0010453	435.76	438.89	1.3517	3.7423	4.2139	1545.5	-0.017621	270.64	0.68192	liquid
105.21	30.000	955.92	0.0010461	440.14	443.28	1.3633	3.7370	4.2152	1544.5	-0.017558	267.81	0.68220	liquid
106.25	30.000	955.14	0.0010470	444.53	447.67	1.3749	3.7317	4.2165	1543.4	-0.017495	265.03	0.68246	liquid
107.29	30.000	954.37	0.0010478	448.92	452.07	1.3865	3.7264	4.2179	1542.3	-0.017432	262.31	0.68271	liquid
108.33	30.000	953.59	0.0010487	453.32	456.46	1.3980	3.7211	4.2192	1541.2	-0.017369	259.63	0.68296	liquid
109.38	30.000	952.80	0.0010495	457.71	460.86	1.4095	3.7158	4.2206	1540.0	-0.017305	257.01	0.68318	liquid
110.42	30.000	952.01	0.0010504	462.10	465.25	1.4210	3.7106	4.2221	1538.8	-0.017240	254.43	0.68340	liquid
111.46	30.000	951.21	0.0010513	466.50	469.65	1.4325	3.7053	4.2235	1537.6	-0.017176	251.90	0.68360	liquid
112.50	30.000	950.41	0.0010522	470.90	474.05	1.4439	3.7001	4.2250	1536.3	-0.017110	249.42	0.68380	liquid
113.54	30.000	949.60	0.0010531	475.30	478.46	1.4553	3.6948	4.2265	1535.1	-0.017045	246.98	0.68398	liquid
114.58	30.000	948.79	0.0010540	479.70	482.86	1.4667	3.6896	4.2280	1533.7	-0.016979	244.58	0.68415	liquid
115.63	30.000	947.98	0.0010549	484.10	487.26	1.4780	3.6844	4.2296	1532.4	-0.016913	242.23	0.68431	liquid
116.67	30.000	947.16	0.0010558	488.50	491.67	1.4893	3.6792	4.2311	1531.0	-0.016846	239.92	0.68445	liquid
117.71	30.000	946.33	0.0010567	492.91	496.08	1.5006	3.6740	4.2327	1529.6	-0.016779	237.65	0.68459	liquid
118.75	30.000	945.51	0.0010576	497.32	500.49	1.5119	3.6688	4.2344	1528.2	-0.016711	235.42	0.68471	liquid
119.79	30.000	944.67	0.0010586	501.72	504.90	1.5231	3.6637	4.2361	1526.7	-0.016643	233.22	0.68483	liquid
120.83	30.000	943.83	0.0010595	506.14	509.31	1.5343	3.6585	4.2378	1525.2	-0.016574	231.07	0.68493	liquid
121.88	30.000	942.99	0.0010605	510.55	513.73	1.5455	3.6534	4.2395	1523.7	-0.016505	228.95	0.68502	liquid
122.92	30.000	942.14	0.0010614	514.96	518.15	1.5567	3.6483	4.2413	1522.2	-0.016435	226.87	0.68510	liquid
123.96	30.000	941.29	0.0010624	519.38	522.56	1.5678	3.6432	4.2430	1520.6	-0.016365	224.82	0.68518	liquid
125.00	30.000	940.43	0.0010633	523.80	526.99	1.5790	3.6381	4.2449	1519.0	-0.016295	222.81	0.68524	liquid
126.04	30.000	939.57	0.0010643	528.22	531.41	1.5901	3.6330	4.2467	1517.4	-0.016224	220.83	0.68529	liquid
127.08	30.000	938.70	0.0010653	532.64	535.83	1.6011	3.6280	4.2486	1515.7	-0.016152	218.88	0.68533	liquid
128.13	30.000	937.83	0.0010663	537.06	540.26	1.6122	3.6229	4.2505	1514.1	-0.016080	216.97	0.68536	liquid
129.17	30.000	936.95	0.0010673	541.49	544.69	1.6232	3.6179	4.2525	1512.3	-0.016007	215.09	0.68538	liquid
130.21	30.000	936.07	0.0010683	545.91	549.12	1.6342	3.6129	4.2545	1510.6	-0.015934	213.24	0.68539	liquid
131.25	30.000	935.19	0.0010693	550.34	553.55	1.6452	3.6079	4.2565	1508.9	-0.015860	211.41	0.68539	liquid
132.29	30.000	934.30	0.0010703	554.78	557.99	1.6561	3.6029	4.2585	1507.1	-0.015786	209.62	0.68538	liquid
133.33	30.000	933.40	0.0010714	559.21	562.42	1.6671	3.5980	4.2606	1505.2	-0.015711	207.86	0.68536	liquid
134.38	30.000	932.50	0.0010724	563.65	566.86	1.6780	3.5930	4.2627	1503.4	-0.015635	206.12	0.68533	liquid
135.42	30.000	931.60	0.0010734	568.08	571.30	1.6888	3.5881	4.2649	1501.5	-0.015559	204.42	0.68529	liquid
136.46	30.000	930.69	0.0010745	572.52	575.75	1.6997	3.5832	4.2671	1499.6	-0.015482	202.74	0.68524	liquid
137.50	30.000	929.77	0.0010755	576.97	580.19	1.7105	3.5783	4.2693	1497.7	-0.015405	201.08	0.68518	liquid
138.54	30.000	928.85	0.0010766	581.41	584.64	1.7214	3.5734	4.2716	1495.8	-0.015327	199.45	0.68511	liquid
139.58	30.000	927.93	0.0010777	585.86	589.09	1.7322	3.5685	4.2739	1493.8	-0.015248	197.85	0.68504	liquid
140.63	30.000	927.00	0.0010787	590.31	593.55	1.7429	3.5637	4.2762	1491.8	-0.015169	196.27	0.68495	liquid
141.67	30.000	926.07	0.0010798	594.76	598.00	1.7537	3.5589	4.2786	1489.8	-0.015089	194.72	0.68485	liquid
142.71	30.000	925.13	0.0010809	599.22	602.46	1.7644	3.5541	4.2810	1487.7	-0.015008	193.19	0.68475	liquid
143.75	30.000	924.19	0.0010820	603.67	606.92	1.7751	3.5493	4.2834	1485.7	-0.014927	191.68	0.68463	liquid
144.79	30.000	923.24	0.0010831	608.13	611.38	1.7858	3.5445	4.2859	1483.6	-0.014844	190.20	0.68451	liquid
145.83	30.000	922.29	0.0010843	612.60	615.85	1.7965	3.5397	4.2885	1481.4	-0.014762	188.73	0.68438	liquid
146.88	30.000	921.33	0.0010854	617.06	620.32	1.8072	3.5350	4.2910	1479.3	-0.014678	187.29	0.68423	liquid
147.92	30.000	920.37	0.0010865	621.53	624.79	1.8178	3.5302	4.2936	1477.1	-0.014594	185.88	0.68408	liquid
148.96	30.000	919.41	0.0010877	626.00	629.26	1.8284	3.5255	4.2963	1474.9	-0.014509	184.48	0.68392	liquid
150.00	30.000	918.44	0.0010888	630.47	633.74	1.8390	3.5208	4.2990	1472.7	-0.014423	183.10	0.68375	liquid
151.04	30.000	917.46	0.0010900	634.95	638.22	1.8496	3.5162	4.3017	1470.4	-0.014336	181.74	0.68357	liquid
152.08	30.000	916.48	0.0010911	639.43	642.70	1.8601	3.5115	4.3044	1468.2	-0.014249	180.40	0.68338	liquid
153.13	30.000	915.49	0.0010923	643.91	647.19	1.8707	3.5069	4.3073	1465.9	-0.014161	179.08	0.68318	liquid
154.17	30.000	914.50	0.0010935	648.40	651.68	1.8812	3.5023	4.3101	1463.5	-0.014071	177.78	0.68297	liquid
155.21	30.000	913.51	0.0010947	652.88	656.17	1.8917	3.4977	4.3130	1461.2	-0.013982	176.50	0.68276	liquid
156.25	30.000	912.51	0.0010959	657.37	660.66	1.9021	3.4931	4.3159	1458.8	-0.013891	175.24	0.68253	liquid
157.29	30.000	911.50	0.0010971	661.87	665.16	1.9126	3.4885	4.3189	1456.4	-0.013799	173.99	0.68229	liquid
158.33	30.000	910.49	0.0010983	666.36	669.66	1.9230	3.4840	4.3219	1454.0	-0.013707	172.77	0.68205	liquid
159.38	30.000	909.48	0.0010995	670.86	674.16	1.9335	3.4794	4.3250	1451.5	-0.013613	171.56	0.68180	liquid
160.42	30.000	908.46	0.0011008	675.37	678.67	1.9439	3.4749	4.3281	1449.1	-0.013519	170.36	0.68153	liquid
161.46	30.000	907.43	0.0011020	679.87	683.18	1.9543	3.4704	4.3313	1446.6	-0.013424	169.18	0.68126	liquid
162.50	30.000	906.40	0.0011033	684.38	687.69	1.9646	3.4659	4.3345	1444.0	-0.013328	168.02	0.68098	liquid
163.54	30.000	905.37	0.0011045	688.90	692.21	1.9750	3.4615	4.3378	1441.5	-0.013231	166.87	0.68069	liquid
164.58	30.000	904.33	0.0011058	693.41	696.73	1.9853	3.4570	4.3411	1438.9	-0.013133	165.74	0.68039	liquid
165.63	30.000	903.28	0.0011071	697.93	701.25	1.9957	3.4526	4.3444	1436.3	-0.013034	164.63	0.68009	liquid
166.67	30.000	902.23	0.0011084	702.46	705.78	2.0060	3.4482	4.3478	1433.7	-0.012933	163.53	0.67977	liquid
167.71	30.000	901.18	0.0011097	706.98	710.31	2.0163	3.4438	4.3513	1431.1	-0.012832	162.44	0.67944	liquid
168.75	30.000	900.12	0.0011110	711.51	714.85	2.0265	3.4395	4.3548	1428.4	-0.012730	161.37	0.67911	liquid
169.79	30.000	899.05	0.0011123	716.05	719.38	2.0368	3.4351	4.3584	1425.7	-0.012627	160.31	0.67876	liquid
170.83	30.000	897.98	0.0011136	720.59	723.93	2.0470	3.4308	4.3620	1423.0	-0.012523	159.27	0.67841	liquid
171.88	30.000	896.91	0.0011149	725.13	728.47	2.0573	3.4265	4.3656	1420.3	-0.012417	158.24	0.67804	liquid
172.92	30.000	895.82	0.0011163	729.67	733.02	2.0675	3.4222	4.3693	1417.5	-0.012311	157.22	0.67767	liquid
173.96	30.000	894.74	0.0011176	734.22	737.57	2.0777	3.4179	4.3731	1414.7	-0.012203	156.21	0.67729	liquid
175.00	30.000	893.65	0.0011190	738.77	742.13	2.0878	3.4136	4.3769	1411.9	-0.012095	155.22	0.67689	liquid
176.04	30.000	892.55	0.0011204	743.33	746.69	2.0980	3.4094	4.3808	1409.1	-0.011985	154.24	0.67649	liquid
177.08	30.000	891.45	0.0011218	747.89	751.26	2.1082	3.4052	4.3847	1406.2	-0.011874	153.28	0.67608	liquid
178.13	30.000	890.34	0.0011232	752.46	755.83	2.1183	3.4010	4.3887	1403.4	-0.011761	152.32	0.67566	liquid
179.17	30.000	889.22	0.0011246	757.03	760.40	2.1284	3.3968	4.3928	1400.5	-0.011648	151.38	0.67523	liquid
180.21	30.000	888.11	0.0011260	761.60	764.98	2.1385	3.3926	4.3969	1397.5	-0.011533	150.45	0.67479	liquid
181.25	30.000	886.98	0.0011274	766.18	769.56	2.1486	3.3885	4.4011	1394.6	-0.011417	149.53	0.67435	liquid
182.29	30.000	885.85	0.0011289	770.76	774.15	2.1587	3.3844	4.4053	1391.6	-0.011299	148.62	0.67389	liquid
183.33	30.000	884.72	0.0011303	775.35	778.74	2.1688	3.3802	4.4096	1388.6	-0.011181	147.72	0.67342	liquid
184.38	30.000	883.57	0.0011318	779.94	783.34	2.1788	3.3762	4.4139	1385.6	-0.011061	146.83	0.67294	liquid
185.42	30.000	882.43	0.0011332	784.54	787.94	2.1889	3.3721	4.4184	1382.5	-0.010939	145.95	0.67245	liquid
186.46	30.000	881.28	0.0011347	789.14	792.54	2.1989	3.3680	4.4228	1379.5	-0.010816	145.09	0.67196	liquid
187.50	30.000	880.12	0.0011362	793.74	797.15	2.2089	3.3640	4.4274	1376.4	-0.010692	144.23	0.67145	liquid
188.54	30.000	878.95	0.0011377	798.35	801.76	2.2189	3.3600	4.4320	1373.2	-0.010566	143.38	0.67093	liquid
189.58	30.000	877.78	0.0011392	802.97	806.38	2.2289	3.3560	4.4367	1370.1	-0.010439	142.55	0.67041	liquid
190.63	30.000	876.61	0.0011408	807.58	811.01	2.2389	3.3520	4.4414	1366.9	-0.010311	141.72	0.66987	liquid
191.67	30.000	875.43	0.0011423	812.21	815.64	2.2489	3.3480	4.4462	1363.7	-0.010180	140.90	0.66932	liquid
192.71	30.000	874.24	0.0011439	816.84	820.27	2.2588	3.3441	4.4511	1360.5	-0.010049	140.09	0.66876	liquid
193.75	30.000	873.05	0.0011454	821.47	824.91	2.2688	3.3402	4.4561	1357.3	-0.0099152	139.30	0.66820	liquid
194.79	30.000	871.85	0.0011470	826.11	829.55	2.2787	3.3363	4.4611	1354.0	-0.0097802	138.50	0.66762	liquid
195.83	30.000	870.64	0.0011486	830.76	834.20	2.2886	3.3324	4.4662	1350.7	-0.0096436	137.72	0.66703	liquid
196.88	30.000	869.43	0.0011502	835.41	838.86	2.2986	3.3285	4.4714	1347.4	-0.0095053	136.95	0.66643	liquid
197.92	30.000	868.21	0.0011518	840.06	843.52	2.3085	3.3246	4.4767	1344.1	-0.0093653	136.18	0.66583	liquid
198.96	30.000	866.99	0.0011534	844.72	848.18	2.3184	3.3208	4.4820	1340.7	-0.0092235	135.43	0.66521	liquid
200.00	30.000	865.76	0.0011551	849.39	852.86	2.3282	3.3170	4.4875	1337.3	-0.0090800	134.68	0.66458	liquid
201.04	30.000	864.52	0.0011567	854.06	857.53	2.3381	3.3132	4.4930	1333.9	-0.0089346	133.94	0.66394	liquid
202.08	30.000	863.28	0.0011584	858.74	862.22	2.3480	3.3094	4.4985	1330.5	-0.0087874	133.21	0.66329	liquid
203.13	30.000	862.03	0.0011601	863.43	866.91	2.3578	3.3057	4.5042	1327.0	-0.0086384	132.48	0.66263	liquid
204.17	30.000	860.77	0.0011618	868.12	871.60	2.3677	3.3019	4.5100	1323.5	-0.0084874	131.76	0.66195	liquid
205.21	30.000	859.51	0.0011635	872.81	876.30	2.3775	3.2982	4.5158	1320.0	-0.0083344	131.05	0.66127	liquid
206.25	30.000	858.24	0.0011652	877.51	881.01	2.3873	3.2945	4.5217	1316.5	-0.0081794	130.35	0.66058	liquid
207.29	30.000	856.96	0.0011669	882.22	885.72	2.3972	3.2908	4.5278	1312.9	-0.0080224	129.66	0.65987	liquid
208.33	30.000	855.68	0.0011687	886.94	890.44	2.4070	3.2872	4.5339	1309.3	-0.0078634	128.97	0.65915	liquid
209.38	30.000	854.39	0.0011704	891.66	895.17	2.4168	3.2835	4.5401	1305.7	-0.0077022	128.28	0.65843	liquid
210.42	30.000	853.09	0.0011722	896.38	899.90	2.4266	3.2799	4.5464	1302.1	-0.0075388	127.61	0.65769	liquid
211.46	30.000	851.79	0.0011740	901.12	904.64	2.4364	3.2763	4.5528	1298.4	-0.0073732	126.94	0.65693	liquid
212.50	30.000	850.48	0.0011758	905.86	909.38	2.4462	3.2727	4.5593	1294.7	-0.0072054	126.28	0.65617	liquid
213.54	30.000	849.16	0.0011776	910.60	914.14	2.4559	3.2691	4.5659	1291.0	-0.0070352	125.62	0.65540	liquid
214.58	30.000	847.83	0.0011795	915.36	918.90	2.4657	3.2656	4.5726	1287.3	-0.0068627	124.97	0.65461	liquid
215.63	30.000	846.50	0.0011813	920.12	923.66	2.4755	3.2621	4.5794	1283.5	-0.0066878	124.33	0.65381	liquid
216.67	30.000	845.16	0.0011832	924.89	928.44	2.4852	3.2586	4.5863	1279.7	-0.0065104	123.69	0.65300	liquid
217.71	30.000	843.81	0.0011851	929.66	933.22	2.4950	3.2551	4.5934	1275.9	-0.0063306	123.06	0.65218	liquid
218.75	30.000	842.46	0.0011870	934.45	938.01	2.5047	3.2516	4.6005	1272.0	-0.0061481	122.44	0.65135	liquid
219.79	30.000	841.10	0.0011889	939.24	942.80	2.5145	3.2481	4.6078	1268.2	-0.0059631	121.82	0.65050	liquid
220.83	30.000	839.72	0.0011909	944.03	947.61	2.5242	3.2447	4.6152	1264.2	-0.0057753	121.20	0.64964	liquid
221.88	30.000	838.35	0.0011928	948.84	952.42	2.5339	3.2413	4.6227	1260.3	-0.0055848	120.59	0.64877	liquid
222.92	30.000	836.96	0.0011948	953.65	957.24	2.5436	3.2379	4.6303	1256.4	-0.0053916	119.99	0.64789	liquid
223.96	30.000	835.57	0.0011968	958.47	962.06	2.5534	3.2345	4.6380	1252.4	-0.0051954	119.39	0.64699	liquid
225.00	30.000	834.16	0.0011988	963.30	966.90	2.5631	3.2312	4.6459	1248.4	-0.0049963	118.80	0.64608	liquid
226.04	30.000	832.75	0.0012008	968.14	971.74	2.5728	3.2279	4.6539	1244.3	-0.0047942	118.21	0.64516	liquid
227.08	30.000	831.33	0.0012029	972.99	976.60	2.5825	3.2245	4.6621	1240.2	-0.0045891	117.62	0.64422	liquid
228.13	30.000	829.91	0.0012050	977.84	981.46	2.5922	3.2213	4.6704	1236.1	-0.0043808	117.04	0.64327	liquid
229.17	30.000	828.47	0.0012070	982.70	986.33	2.6019	3.2180	4.6788	1232.0	-0.0041693	116.47	0.64231	liquid
230.21	30.000	827.03	0.0012092	987.58	991.20	2.6116	3.2147	4.6874	1227.9	-0.0039545	115.90	0.64133	liquid
231.25	30.000	825.57	0.0012113	992.46	996.09	2.6213	3.2115	4.6961	1223.7	-0.0037363	115.34	0.64034	liquid
232.29	30.000	824.11	0.0012134	997.35	1001.0	2.6310	3.2083	4.7050	1219.5	-0.0035147	114.78	0.63933	liquid
233.33	30.000	822.64	0.0012156	1002.2	1005.9	2.6407	3.2051	4.7140	1215.2	-0.0032895	114.22	0.63831	liquid
233.85	30.000	821.90	0.0012167	1004.7	1008.3	2.6455	3.2035	4.7186	1213.1	-0.0031758	113.94	0.63780	liquid
233.85	30.000	15.001	0.066664	2603.2	2803.2	6.1856	2.3282	3.6119	504.03	1.8338	16.903	0.047263	vapor
234.38	30.000	14.970	0.066801	2604.6	2805.0	6.1893	2.3137	3.5846	504.69	1.8278	16.928	0.047243	vapor
235.42	30.000	14.910	0.067071	2607.5	2808.7	6.1966	2.2864	3.5334	505.98	1.8157	16.978	0.047206	vapor
236.46	30.000	14.850	0.067338	2610.4	2812.4	6.2038	2.2614	3.4861	507.23	1.8037	17.028	0.047173	vapor
237.50	30.000	14.792	0.067603	2613.2	2816.0	6.2108	2.2383	3.4422	508.45	1.7918	17.078	0.047143	vapor
238.54	30.000	14.735	0.067866	2616.0	2819.6	6.2178	2.2170	3.4014	509.64	1.7799	17.128	0.047116	vapor
239.58	30.000	14.679	0.068126	2618.7	2823.1	6.2247	2.1972	3.3633	510.81	1.7681	17.178	0.047092	vapor
240.63	30.000	14.623	0.068384	2621.4	2826.6	6.2315	2.1788	3.3276	511.95	1.7563	17.227	0.047071	vapor
241.67	30.000	14.569	0.068641	2624.1	2830.0	6.2382	2.1616	3.2941	513.06	1.7446	17.277	0.047053	vapor
242.71	30.000	14.515	0.068895	2626.8	2833.4	6.2448	2.1455	3.2626	514.16	1.7331	17.327	0.047037	vapor
243.75	30.000	14.462	0.069147	2629.4	2836.8	6.2514	2.1304	3.2328	515.23	1.7215	17.376	0.047024	vapor
244.79	30.000	14.410	0.069398	2632.0	2840.2	6.2578	2.1161	3.2047	516.29	1.7101	17.425	0.047014	vapor
245.83	30.000	14.358	0.069647	2634.6	2843.5	6.2642	2.1027	3.1779	517.33	1.6988	17.475	0.047006	vapor
246.88	30.000	14.307	0.069894	2637.1	2846.8	6.2706	2.0900	3.1525	518.36	1.6876	17.524	0.047001	vapor
247.92	30.000	14.257	0.070140	2639.6	2850.1	6.2769	2.0780	3.1283	519.37	1.6765	17.573	0.046998	vapor
248.96	30.000	14.208	0.070384	2642.2	2853.3	6.2831	2.0665	3.1052	520.36	1.6654	17.622	0.046997	vapor
250.00	30.000	14.159	0.070627	2644.7	2856.5	6.2893	2.0556	3.0831	521.35	1.6545	17.672	0.046998	vapor
251.04	30.000	14.111	0.070869	2647.1	2859.7	6.2954	2.0452	3.0619	522.32	1.6436	17.721	0.047002	vapor
252.08	30.000	14.063	0.071109	2649.6	2862.9	6.3014	2.0352	3.0415	523.28	1.6329	17.770	0.047007	vapor
253.13	30.000	14.016	0.071348	2652.0	2866.1	6.3074	2.0257	3.0220	524.23	1.6222	17.819	0.047015	vapor
254.17	30.000	13.969	0.071585	2654.5	2869.2	6.3134	2.0165	3.0032	525.17	1.6116	17.867	0.047024	vapor
255.21	30.000	13.923	0.071822	2656.9	2872.3	6.3193	2.0078	2.9851	526.10	1.6012	17.916	0.047036	vapor
256.25	30.000	13.878	0.072057	2659.3	2875.4	6.3252	1.9993	2.9676	527.02	1.5908	17.965	0.047049	vapor
257.29	30.000	13.833	0.072291	2661.6	2878.5	6.3310	1.9912	2.9507	527.93	1.5805	18.014	0.047064	vapor
258.33	30.000	13.789	0.072524	2664.0	2881.6	6.3368	1.9833	2.9344	528.84	1.5703	18.062	0.047081	vapor
259.38	30.000	13.745	0.072756	2666.4	2884.6	6.3425	1.9757	2.9186	529.73	1.5602	18.111	0.047100	vapor
260.42	30.000	13.701	0.072987	2668.7	2887.7	6.3482	1.9684	2.9034	530.62	1.5501	18.160	0.047120	vapor
261.46	30.000	13.658	0.073217	2671.0	2890.7	6.3538	1.9613	2.8886	531.50	1.5402	18.208	0.047142	vapor
262.50	30.000	13.616	0.073446	2673.3	2893.7	6.3594	1.9544	2.8742	532.38	1.5303	18.256	0.047166	vapor
263.54	30.000	13.573	0.073673	2675.6	2896.7	6.3650	1.9478	2.8603	533.24	1.5206	18.305	0.047191	vapor
264.58	30.000	13.532	0.073900	2677.9	2899.6	6.3705	1.9413	2.8467	534.10	1.5109	18.353	0.047218	vapor
265.63	30.000	13.490	0.074126	2680.2	2902.6	6.3760	1.9350	2.8336	534.96	1.5013	18.402	0.047247	vapor
266.67	30.000	13.450	0.074352	2682.5	2905.5	6.3815	1.9290	2.8208	535.81	1.4917	18.450	0.047277	vapor
267.71	30.000	13.409	0.074576	2684.7	2908.5	6.3869	1.9231	2.8084	536.65	1.4823	18.498	0.047308	vapor
268.75	30.000	13.369	0.074799	2687.0	2911.4	6.3923	1.9173	2.7963	537.49	1.4729	18.546	0.047341	vapor
269.79	30.000	13.329	0.075022	2689.2	2914.3	6.3977	1.9117	2.7845	538.32	1.4637	18.594	0.047375	vapor
270.83	30.000	13.290	0.075243	2691.5	2917.2	6.4030	1.9063	2.7730	539.14	1.4545	18.642	0.047410	vapor
271.88	30.000	13.251	0.075464	2693.7	2920.1	6.4083	1.9010	2.7618	539.96	1.4454	18.690	0.047447	vapor
272.92	30.000	13.213	0.075684	2695.9	2922.9	6.4136	1.8959	2.7509	540.78	1.4363	18.738	0.047486	vapor
273.96	30.000	13.175	0.075904	2698.1	2925.8	6.4188	1.8909	2.7403	541.59	1.4274	18.786	0.047525	vapor
275.00	30.000	13.137	0.076122	2700.3	2928.7	6.4240	1.8860	2.7299	542.39	1.4185	18.834	0.047566	vapor
276.04	30.000	13.099	0.076340	2702.5	2931.5	6.4292	1.8812	2.7198	543.19	1.4097	18.882	0.047608	vapor
277.08	30.000	13.062	0.076557	2704.6	2934.3	6.4343	1.8766	2.7100	543.99	1.4009	18.930	0.047651	vapor
278.13	30.000	13.025	0.076774	2706.8	2937.1	6.4394	1.8721	2.7003	544.78	1.3923	18.978	0.047696	vapor
279.17	30.000	12.989	0.076990	2709.0	2939.9	6.4445	1.8677	2.6909	545.56	1.3837	19.026	0.047742	vapor
280.21	30.000	12.953	0.077205	2711.1	2942.7	6.4496	1.8634	2.6818	546.35	1.3752	19.073	0.047788	vapor
281.25	30.000	12.917	0.077419	2713.3	2945.5	6.4546	1.8592	2.6728	547.12	1.3667	19.121	0.047836	vapor
282.29	30.000	12.881	0.077633	2715.4	2948.3	6.4596	1.8551	2.6640	547.90	1.3583	19.169	0.047885	vapor
283.33	30.000	12.846	0.077846	2717.5	2951.1	6.4646	1.8511	2.6555	548.67	1.3500	19.216	0.047936	vapor
284.38	30.000	12.811	0.078059	2719.7	2953.8	6.4696	1.8472	2.6471	549.43	1.3418	19.264	0.047987	vapor
285.42	30.000	12.776	0.078271	2721.8	2956.6	6.4745	1.8434	2.6389	550.19	1.3337	19.311	0.048039	vapor
286.46	30.000	12.742	0.078482	2723.9	2959.3	6.4794	1.8397	2.6309	550.95	1.3256	19.359	0.048092	vapor
287.50	30.000	12.708	0.078693	2726.0	2962.1	6.4843	1.8360	2.6231	551.70	1.3175	19.406	0.048147	vapor
288.54	30.000	12.674	0.078903	2728.1	2964.8	6.4892	1.8325	2.6155	552.45	1.3096	19.454	0.048202	vapor
289.58	30.000	12.640	0.079112	2730.2	2967.5	6.4940	1.8290	2.6080	553.20	1.3017	19.501	0.048259	vapor
290.63	30.000	12.607	0.079321	2732.3	2970.2	6.4988	1.8257	2.6007	553.94	1.2939	19.549	0.048316	vapor
291.67	30.000	12.574	0.079530	2734.4	2972.9	6.5036	1.8224	2.5935	554.68	1.2861	19.596	0.048374	vapor
292.71	30.000	12.541	0.079738	2736.4	2975.6	6.5084	1.8191	2.5865	555.42	1.2784	19.643	0.048433	vapor
293.75	30.000	12.509	0.079945	2738.5	2978.3	6.5131	1.8160	2.5797	556.15	1.2708	19.690	0.048493	vapor
294.79	30.000	12.476	0.080152	2740.6	2981.0	6.5179	1.8129	2.5729	556.88	1.2633	19.738	0.048555	vapor
295.83	30.000	12.444	0.080358	2742.6	2983.7	6.5226	1.8099	2.5664	557.60	1.2558	19.785	0.048616	vapor
296.88	30.000	12.412	0.080564	2744.7	2986.4	6.5273	1.8070	2.5599	558.33	1.2483	19.832	0.048679	vapor
297.92	30.000	12.381	0.080770	2746.7	2989.0	6.5319	1.8041	2.5536	559.05	1.2410	19.879	0.048743	vapor
298.96	30.000	12.350	0.080974	2748.8	2991.7	6.5366	1.8013	2.5475	559.76	1.2336	19.926	0.048807	vapor
300.00	30.000	12.318	0.081179	2750.8	2994.3	6.5412	1.7986	2.5414	560.47	1.2264	19.973	0.048873	vapor
301.04	30.000	12.288	0.081383	2752.8	2997.0	6.5458	1.7959	2.5355	561.18	1.2192	20.020	0.048939	vapor
302.08	30.000	12.257	0.081586	2754.9	2999.6	6.5504	1.7933	2.5297	561.89	1.2121	20.068	0.049006	vapor
303.13	30.000	12.227	0.081789	2756.9	3002.2	6.5550	1.7907	2.5241	562.59	1.2050	20.115	0.049074	vapor
304.17	30.000	12.196	0.081992	2758.9	3004.9	6.5595	1.7882	2.5185	563.29	1.1980	20.161	0.049142	vapor
305.21	30.000	12.166	0.082194	2760.9	3007.5	6.5641	1.7858	2.5130	563.99	1.1911	20.208	0.049211	vapor
306.25	30.000	12.137	0.082396	2762.9	3010.1	6.5686	1.7834	2.5077	564.69	1.1842	20.255	0.049282	vapor
307.29	30.000	12.107	0.082597	2764.9	3012.7	6.5731	1.7810	2.5025	565.38	1.1773	20.302	0.049352	vapor
308.33	30.000	12.078	0.082798	2766.9	3015.3	6.5776	1.7788	2.4973	566.07	1.1705	20.349	0.049424	vapor
309.38	30.000	12.048	0.082999	2768.9	3017.9	6.5820	1.7765	2.4923	566.76	1.1638	20.396	0.049496	vapor
310.42	30.000	12.019	0.083199	2770.9	3020.5	6.5865	1.7744	2.4874	567.44	1.1572	20.443	0.049569	vapor
311.46	30.000	11.991	0.083398	2772.9	3023.1	6.5909	1.7722	2.4826	568.12	1.1505	20.489	0.049643	vapor
312.50	30.000	11.962	0.083598	2774.9	3025.7	6.5953	1.7702	2.4778	568.80	1.1440	20.536	0.049717	vapor
313.54	30.000	11.934	0.083797	2776.9	3028.3	6.5997	1.7681	2.4732	569.48	1.1375	20.583	0.049792	vapor
314.58	30.000	11.905	0.083995	2778.9	3030.8	6.6041	1.7661	2.4686	570.15	1.1310	20.630	0.049868	vapor
315.63	30.000	11.877	0.084193	2780.8	3033.4	6.6085	1.7642	2.4642	570.82	1.1246	20.676	0.049944	vapor
316.67	30.000	11.850	0.084391	2782.8	3036.0	6.6128	1.7623	2.4598	571.49	1.1183	20.723	0.050021	vapor
317.71	30.000	11.822	0.084588	2784.8	3038.5	6.6172	1.7604	2.4555	572.16	1.1120	20.770	0.050099	vapor
318.75	30.000	11.794	0.084786	2786.7	3041.1	6.6215	1.7586	2.4513	572.82	1.1058	20.816	0.050177	vapor
319.79	30.000	11.767	0.084982	2788.7	3043.6	6.6258	1.7569	2.4472	573.48	1.0996	20.863	0.050256	vapor
320.83	30.000	11.740	0.085179	2790.7	3046.2	6.6301	1.7551	2.4431	574.14	1.0934	20.909	0.050336	vapor
321.88	30.000	11.713	0.085375	2792.6	3048.7	6.6344	1.7534	2.4391	574.80	1.0873	20.956	0.050416	vapor
322.92	30.000	11.686	0.085570	2794.6	3051.3	6.6386	1.7518	2.4352	575.45	1.0813	21.002	0.050497	vapor
323.96	30.000	11.660	0.085766	2796.5	3053.8	6.6429	1.7502	2.4314	576.11	1.0753	21.049	0.050578	vapor
325.00	30.000	11.633	0.085961	2798.5	3056.3	6.6471	1.7486	2.4277	576.76	1.0694	21.095	0.050660	vapor
326.04	30.000	11.607	0.086156	2800.4	3058.9	6.6513	1.7471	2.4240	577.41	1.0635	21.142	0.050742	vapor
327.08	30.000	11.581	0.086350	2802.3	3061.4	6.6555	1.7456	2.4204	578.05	1.0576	21.188	0.050826	vapor
328.13	30.000	11.555	0.086544	2804.3	3063.9	6.6597	1.7441	2.4168	578.70	1.0518	21.234	0.050909	vapor
329.17	30.000	11.529	0.086738	2806.2	3066.4	6.6639	1.7427	2.4134	579.34	1.0461	21.281	0.050993	vapor
330.21	30.000	11.503	0.086932	2808.1	3068.9	6.6681	1.7413	2.4099	579.98	1.0404	21.327	0.051078	vapor
331.25	30.000	11.478	0.087125	2810.1	3071.4	6.6722	1.7399	2.4066	580.62	1.0347	21.373	0.051163	vapor
332.29	30.000	11.452	0.087318	2812.0	3073.9	6.6764	1.7386	2.4033	581.25	1.0291	21.419	0.051249	vapor
333.33	30.000	11.427	0.087510	2813.9	3076.4	6.6805	1.7373	2.4001	581.89	1.0235	21.466	0.051335	vapor
334.38	30.000	11.402	0.087703	2815.8	3078.9	6.6846	1.7360	2.3969	582.52	1.0180	21.512	0.051422	vapor
335.42	30.000	11.377	0.087895	2817.8	3081.4	6.6887	1.7347	2.3938	583.15	1.0125	21.558	0.051509	vapor
336.46	30.000	11.352	0.088087	2819.7	3083.9	6.6928	1.7335	2.3908	583.78	1.0071	21.604	0.051597	vapor
337.50	30.000	11.328	0.088278	2821.6	3086.4	6.6969	1.7324	2.3878	584.40	1.0017	21.650	0.051686	vapor
338.54	30.000	11.303	0.088469	2823.5	3088.9	6.7010	1.7312	2.3848	585.03	0.99633	21.697	0.051774	vapor
339.58	30.000	11.279	0.088660	2825.4	3091.4	6.7050	1.7301	2.3820	585.65	0.99101	21.743	0.051864	vapor
340.63	30.000	11.255	0.088851	2827.3	3093.9	6.7090	1.7290	2.3791	586.27	0.98574	21.789	0.051953	vapor
341.67	30.000	11.231	0.089042	2829.2	3096.3	6.7131	1.7279	2.3763	586.89	0.98052	21.835	0.052044	vapor
342.71	30.000	11.207	0.089232	2831.1	3098.8	6.7171	1.7269	2.3736	587.50	0.97533	21.881	0.052134	vapor
343.75	30.000	11.183	0.089422	2833.0	3101.3	6.7211	1.7258	2.3709	588.12	0.97018	21.927	0.052225	vapor
344.79	30.000	11.159	0.089611	2834.9	3103.8	6.7251	1.7248	2.3683	588.73	0.96507	21.973	0.052317	vapor
345.83	30.000	11.136	0.089801	2836.8	3106.2	6.7291	1.7239	2.3657	589.34	0.96001	22.019	0.052409	vapor
346.88	30.000	11.112	0.089990	2838.7	3108.7	6.7331	1.7229	2.3632	589.95	0.95498	22.065	0.052501	vapor
347.92	30.000	11.089	0.090179	2840.6	3111.2	6.7370	1.7220	2.3607	590.56	0.94999	22.111	0.052594	vapor
348.96	30.000	11.066	0.090368	2842.5	3113.6	6.7410	1.7211	2.3583	591.17	0.94504	22.157	0.052688	vapor
350.00	30.000	11.043	0.090556	2844.4	3116.1	6.7449	1.7202	2.3559	591.77	0.94012	22.203	0.052781	vapor
351.04	30.000	11.020	0.090745	2846.3	3118.5	6.7489	1.7194	2.3535	592.38	0.93525	22.249	0.052875	vapor
352.08	30.000	10.997	0.090933	2848.2	3121.0	6.7528	1.7186	2.3512	592.98	0.93041	22.294	0.052970	vapor
353.12	30.000	10.974	0.091121	2850.1	3123.4	6.7567	1.7178	2.3489	593.58	0.92561	22.340	0.053065	vapor
354.17	30.000	10.952	0.091308	2851.9	3125.9	6.7606	1.7170	2.3467	594.18	0.92085	22.386	0.053160	vapor
355.21	30.000	10.929	0.091496	2853.8	3128.3	6.7645	1.7162	2.3445	594.77	0.91612	22.432	0.053256	vapor
356.25	30.000	10.907	0.091683	2855.7	3130.7	6.7684	1.7155	2.3424	595.37	0.91143	22.478	0.053352	vapor
357.29	30.000	10.885	0.091870	2857.6	3133.2	6.7722	1.7147	2.3403	595.96	0.90677	22.523	0.053449	vapor
358.33	30.000	10.863	0.092056	2859.5	3135.6	6.7761	1.7140	2.3382	596.56	0.90215	22.569	0.053546	vapor
359.37	30.000	10.841	0.092243	2861.3	3138.1	6.7800	1.7134	2.3361	597.15	0.89756	22.615	0.053643	vapor
360.42	30.000	10.819	0.092429	2863.2	3140.5	6.7838	1.7127	2.3342	597.74	0.89301	22.660	0.053741	vapor
361.46	30.000	10.797	0.092615	2865.1	3142.9	6.7876	1.7120	2.3322	598.32	0.88849	22.706	0.053839	vapor
362.50	30.000	10.776	0.092801	2866.9	3145.3	6.7915	1.7114	2.3303	598.91	0.88401	22.752	0.053937	vapor
363.54	30.000	10.754	0.092987	2868.8	3147.8	6.7953	1.7108	2.3284	599.49	0.87956	22.797	0.054036	vapor
364.58	30.000	10.733	0.093173	2870.7	3150.2	6.7991	1.7102	2.3265	600.08	0.87514	22.843	0.054135	vapor
365.62	30.000	10.711	0.093358	2872.5	3152.6	6.8029	1.7096	2.3247	600.66	0.87076	22.889	0.054235	vapor
366.67	30.000	10.690	0.093543	2874.4	3155.0	6.8067	1.7091	2.3229	601.24	0.86640	22.934	0.054335	vapor
367.71	30.000	10.669	0.093728	2876.3	3157.5	6.8104	1.7086	2.3211	601.82	0.86208	22.980	0.054435	vapor
368.75	30.000	10.648	0.093913	2878.1	3159.9	6.8142	1.7080	2.3194	602.40	0.85780	23.025	0.054535	vapor
369.79	30.000	10.627	0.094098	2880.0	3162.3	6.8180	1.7075	2.3177	602.97	0.85354	23.071	0.054636	vapor
370.83	30.000	10.606	0.094282	2881.9	3164.7	6.8217	1.7070	2.3161	603.55	0.84931	23.116	0.054738	vapor
371.87	30.000	10.586	0.094466	2883.7	3167.1	6.8255	1.7066	2.3144	604.12	0.84512	23.162	0.054839	vapor
372.92	30.000	10.565	0.094650	2885.6	3169.5	6.8292	1.7061	2.3128	604.70	0.84096	23.207	0.054941	vapor
373.96	30.000	10.545	0.094834	2887.4	3171.9	6.8329	1.7057	2.3113	605.27	0.83682	23.253	0.055043	vapor
375.00	30.000	10.524	0.095018	2889.3	3174.3	6.8366	1.7052	2.3097	605.84	0.83272	23.298	0.055146	vapor
376.04	30.000	10.504	0.095201	2891.1	3176.7	6.8403	1.7048	2.3082	606.41	0.82864	23.343	0.055249	vapor
377.08	30.000	10.484	0.095385	2893.0	3179.1	6.8440	1.7044	2.3067	606.97	0.82460	23.389	0.055352	vapor
378.12	30.000	10.464	0.095568	2894.8	3181.6	6.8477	1.7040	2.3052	607.54	0.82059	23.434	0.055455	vapor
379.17	30.000	10.444	0.095751	2896.7	3184.0	6.8514	1.7037	2.3038	608.10	0.81660	23.480	0.055559	vapor
380.21	30.000	10.424	0.095934	2898.6	3186.4	6.8551	1.7033	2.3024	608.67	0.81264	23.525	0.055663	vapor
381.25	30.000	10.404	0.096116	2900.4	3188.7	6.8588	1.7030	2.3010	609.23	0.80871	23.570	0.055767	vapor
382.29	30.000	10.384	0.096299	2902.2	3191.1	6.8624	1.7027	2.2997	609.79	0.80481	23.615	0.055872	vapor
383.33	30.000	10.365	0.096481	2904.1	3193.5	6.8661	1.7023	2.2983	610.35	0.80094	23.661	0.055977	vapor
384.37	30.000	10.345	0.096664	2905.9	3195.9	6.8697	1.7020	2.2970	610.91	0.79709	23.706	0.056082	vapor
385.42	30.000	10.326	0.096846	2907.8	3198.3	6.8733	1.7017	2.2957	611.47	0.79327	23.751	0.056188	vapor
386.46	30.000	10.306	0.097028	2909.6	3200.7	6.8770	1.7015	2.2945	612.02	0.78948	23.796	0.056294	vapor
387.50	30.000	10.287	0.097209	2911.5	3203.1	6.8806	1.7012	2.2933	612.58	0.78571	23.842	0.056400	vapor
388.54	30.000	10.268	0.097391	2913.3	3205.5	6.8842	1.7010	2.2920	613.13	0.78198	23.887	0.056506	vapor
389.58	30.000	10.249	0.097572	2915.2	3207.9	6.8878	1.7007	2.2909	613.68	0.77826	23.932	0.056613	vapor
390.62	30.000	10.230	0.097754	2917.0	3210.3	6.8914	1.7005	2.2897	614.24	0.77458	23.977	0.056720	vapor
391.67	30.000	10.211	0.097935	2918.8	3212.7	6.8950	1.7003	2.2885	614.79	0.77092	24.022	0.056827	vapor
392.71	30.000	10.192	0.098116	2920.7	3215.0	6.8986	1.7001	2.2874	615.34	0.76728	24.067	0.056934	vapor
393.75	30.000	10.173	0.098297	2922.5	3217.4	6.9022	1.6999	2.2863	615.88	0.76367	24.112	0.057042	vapor
394.79	30.000	10.155	0.098478	2924.4	3219.8	6.9057	1.6997	2.2852	616.43	0.76008	24.158	0.057150	vapor
395.83	30.000	10.136	0.098658	2926.2	3222.2	6.9093	1.6995	2.2842	616.98	0.75652	24.203	0.057258	vapor
396.87	30.000	10.118	0.098839	2928.0	3224.6	6.9128	1.6994	2.2831	617.52	0.75299	24.248	0.057367	vapor
397.92	30.000	10.099	0.099019	2929.9	3226.9	6.9164	1.6992	2.2821	618.07	0.74948	24.293	0.057476	vapor
398.96	30.000	10.081	0.099199	2931.7	3229.3	6.9199	1.6991	2.2811	618.61	0.74599	24.338	0.057585	vapor
400.00	30.000	10.062	0.099379	2933.5	3231.7	6.9234	1.6989	2.2801	619.15	0.74253	24.383	0.057694	vapor
401.04	30.000	10.044	0.099559	2935.4	3234.1	6.9270	1.6988	2.2792	619.69	0.73909	24.428	0.057804	vapor
402.08	30.000	10.026	0.099739	2937.2	3236.4	6.9305	1.6987	2.2782	620.23	0.73567	24.473	0.057913	vapor
403.12	30.000	10.008	0.099918	2939.1	3238.8	6.9340	1.6986	2.2773	620.77	0.73227	24.517	0.058023	vapor
404.17	30.000	9.9902	0.10010	2940.9	3241.2	6.9375	1.6985	2.2764	621.31	0.72890	24.562	0.058134	vapor
405.21	30.000	9.9723	0.10028	2942.7	3243.5	6.9410	1.6984	2.2755	621.84	0.72556	24.607	0.058244	vapor
406.25	30.000	9.9545	0.10046	2944.5	3245.9	6.9445	1.6984	2.2747	622.38	0.72223	24.652	0.058355	vapor
407.29	30.000	9.9368	0.10064	2946.4	3248.3	6.9480	1.6983	2.2738	622.91	0.71893	24.697	0.058466	vapor
408.33	30.000	9.9192	0.10081	2948.2	3250.7	6.9515	1.6982	2.2730	623.45	0.71565	24.742	0.058577	vapor
409.37	30.000	9.9016	0.10099	2950.0	3253.0	6.9549	1.6982	2.2722	623.98	0.71239	24.787	0.058689	vapor
410.42	30.000	9.8841	0.10117	2951.9	3255.4	6.9584	1.6982	2.2714	624.51	0.70915	24.832	0.058800	vapor
411.46	30.000	9.8667	0.10135	2953.7	3257.8	6.9619	1.6981	2.2706	625.04	0.70594	24.876	0.058912	vapor
412.50	30.000	9.8493	0.10153	2955.5	3260.1	6.9653	1.6981	2.2698	625.57	0.70274	24.921	0.059024	vapor
413.54	30.000	9.8321	0.10171	2957.4	3262.5	6.9687	1.6981	2.2691	626.10	0.69957	24.966	0.059137	vapor
414.58	30.000	9.8148	0.10189	2959.2	3264.8	6.9722	1.6981	2.2683	626.63	0.69642	25.011	0.059249	vapor
415.62	30.000	9.7977	0.10206	2961.0	3267.2	6.9756	1.6981	2.2676	627.15	0.69328	25.055	0.059362	vapor
416.67	30.000	9.7806	0.10224	2962.8	3269.6	6.9790	1.6981	2.2669	627.68	0.69017	25.100	0.059475	vapor
417.71	30.000	9.7637	0.10242	2964.7	3271.9	6.9825	1.6981	2.2662	628.20	0.68708	25.145	0.059588	vapor
418.75	30.000	9.7467	0.10260	2966.5	3274.3	6.9859	1.6982	2.2656	628.73	0.68401	25.189	0.059702	vapor
419.79	30.000	9.7299	0.10278	2968.3	3276.7	6.9893	1.6982	2.2649	629.25	0.68096	25.234	0.059815	vapor
420.83	30.000	9.7131	0.10295	2970.2	3279.0	6.9927	1.6983	2.2643	629.77	0.67793	25.279	0.059929	vapor
421.87	30.000	9.6964	0.10313	2972.0	3281.4	6.9961	1.6983	2.2636	630.29	0.67492	25.323	0.060043	vapor
422.92	30.000	9.6797	0.10331	2973.8	3283.7	6.9995	1.6984	2.2630	630.81	0.67193	25.368	0.060158	vapor
423.96	30.000	9.6631	0.10349	2975.6	3286.1	7.0029	1.6984	2.2624	631.33	0.66896	25.413	0.060272	vapor
425.00	30.000	9.6466	0.10366	2977.5	3288.4	7.0062	1.6985	2.2618	631.85	0.66600	25.457	0.060387	vapor
426.04	30.000	9.6302	0.10384	2979.3	3290.8	7.0096	1.6986	2.2612	632.37	0.66307	25.502	0.060502	vapor
427.08	30.000	9.6138	0.10402	2981.1	3293.2	7.0130	1.6987	2.2607	632.89	0.66015	25.546	0.060617	vapor
428.12	30.000	9.5975	0.10419	2982.9	3295.5	7.0163	1.6988	2.2601	633.40	0.65726	25.591	0.060732	vapor
429.17	30.000	9.5812	0.10437	2984.7	3297.9	7.0197	1.6989	2.2596	633.92	0.65438	25.635	0.060848	vapor
430.21	30.000	9.5650	0.10455	2986.6	3300.2	7.0230	1.6990	2.2591	634.43	0.65152	25.680	0.060963	vapor
431.25	30.000	9.5489	0.10472	2988.4	3302.6	7.0264	1.6991	2.2586	634.94	0.64868	25.724	0.061079	vapor
432.29	30.000	9.5328	0.10490	2990.2	3304.9	7.0297	1.6992	2.2581	635.46	0.64585	25.769	0.061195	vapor
433.33	30.000	9.5168	0.10508	2992.0	3307.3	7.0330	1.6994	2.2576	635.97	0.64305	25.813	0.061312	vapor
434.37	30.000	9.5009	0.10525	2993.9	3309.6	7.0364	1.6995	2.2571	636.48	0.64026	25.858	0.061428	vapor
435.42	30.000	9.4850	0.10543	2995.7	3312.0	7.0397	1.6996	2.2567	636.99	0.63749	25.902	0.061545	vapor
436.46	30.000	9.4692	0.10561	2997.5	3314.3	7.0430	1.6998	2.2562	637.50	0.63474	25.946	0.061662	vapor
437.50	30.000	9.4534	0.10578	2999.3	3316.7	7.0463	1.6999	2.2558	638.01	0.63200	25.991	0.061779	vapor
438.54	30.000	9.4377	0.10596	3001.2	3319.0	7.0496	1.7001	2.2554	638.51	0.62928	26.035	0.061896	vapor
439.58	30.000	9.4221	0.10613	3003.0	3321.4	7.0529	1.7003	2.2549	639.02	0.62658	26.079	0.062013	vapor
440.62	30.000	9.4065	0.10631	3004.8	3323.7	7.0562	1.7004	2.2545	639.52	0.62389	26.124	0.062131	vapor
441.67	30.000	9.3910	0.10648	3006.6	3326.1	7.0595	1.7006	2.2541	640.03	0.62123	26.168	0.062249	vapor
442.71	30.000	9.3756	0.10666	3008.4	3328.4	7.0628	1.7008	2.2538	640.53	0.61857	26.212	0.062367	vapor
443.75	30.000	9.3602	0.10684	3010.3	3330.8	7.0661	1.7010	2.2534	641.04	0.61594	26.257	0.062485	vapor
444.79	30.000	9.3448	0.10701	3012.1	3333.1	7.0693	1.7012	2.2530	641.54	0.61332	26.301	0.062603	vapor
445.83	30.000	9.3295	0.10719	3013.9	3335.5	7.0726	1.7014	2.2527	642.04	0.61072	26.345	0.062722	vapor
446.87	30.000	9.3143	0.10736	3015.7	3337.8	7.0759	1.7016	2.2524	642.54	0.60813	26.389	0.062840	vapor
447.92	30.000	9.2991	0.10754	3017.5	3340.2	7.0791	1.7018	2.2520	643.04	0.60556	26.434	0.062959	vapor
448.96	30.000	9.2840	0.10771	3019.4	3342.5	7.0824	1.7020	2.2517	643.54	0.60300	26.478	0.063078	vapor
450.00	30.000	9.2690	0.10789	3021.2	3344.8	7.0856	1.7022	2.2514	644.04	0.60046	26.522	0.063197	vapor
451.04	30.000	9.2540	0.10806	3023.0	3347.2	7.0889	1.7025	2.2511	644.54	0.59793	26.566	0.063317	vapor
452.08	30.000	9.2390	0.10824	3024.8	3349.5	7.0921	1.7027	2.2508	645.04	0.59543	26.610	0.063436	vapor
453.12	30.000	9.2242	0.10841	3026.6	3351.9	7.0953	1.7029	2.2505	645.53	0.59293	26.654	0.063556	vapor
454.17	30.000	9.2093	0.10859	3028.5	3354.2	7.0985	1.7032	2.2503	646.03	0.59045	26.699	0.063676	vapor
455.21	30.000	9.1946	0.10876	3030.3	3356.6	7.1018	1.7034	2.2500	646.52	0.58799	26.743	0.063796	vapor
456.25	30.000	9.1798	0.10893	3032.1	3358.9	7.1050	1.7037	2.2498	647.02	0.58554	26.787	0.063916	vapor
457.29	30.000	9.1652	0.10911	3033.9	3361.3	7.1082	1.7039	2.2495	647.51	0.58310	26.831	0.064036	vapor
458.33	30.000	9.1505	0.10928	3035.7	3363.6	7.1114	1.7042	2.2493	648.00	0.58068	26.875	0.064157	vapor
459.37	30.000	9.1360	0.10946	3037.6	3365.9	7.1146	1.7045	2.2491	648.49	0.57827	26.919	0.064278	vapor
460.42	30.000	9.1215	0.10963	3039.4	3368.3	7.1178	1.7047	2.2489	648.99	0.57588	26.963	0.064398	vapor
461.46	30.000	9.1070	0.10981	3041.2	3370.6	7.1210	1.7050	2.2487	649.48	0.57350	27.007	0.064519	vapor
462.50	30.000	9.0926	0.10998	3043.0	3373.0	7.1242	1.7053	2.2485	649.97	0.57114	27.051	0.064641	vapor
463.54	30.000	9.0783	0.11015	3044.8	3375.3	7.1273	1.7056	2.2483	650.45	0.56879	27.095	0.064762	vapor
464.58	30.000	9.0640	0.11033	3046.7	3377.6	7.1305	1.7058	2.2481	650.94	0.56646	27.139	0.064883	vapor
465.62	30.000	9.0497	0.11050	3048.5	3380.0	7.1337	1.7061	2.2479	651.43	0.56413	27.183	0.065005	vapor
466.67	30.000	9.0355	0.11067	3050.3	3382.3	7.1369	1.7064	2.2478	651.92	0.56182	27.227	0.065127	vapor
467.71	30.000	9.0214	0.11085	3052.1	3384.7	7.1400	1.7067	2.2476	652.40	0.55953	27.271	0.065249	vapor
468.75	30.000	9.0073	0.11102	3054.0	3387.0	7.1432	1.7070	2.2475	652.89	0.55725	27.315	0.065371	vapor
469.79	30.000	8.9932	0.11119	3055.8	3389.4	7.1463	1.7074	2.2473	653.37	0.55498	27.358	0.065493	vapor
470.83	30.000	8.9792	0.11137	3057.6	3391.7	7.1495	1.7077	2.2472	653.86	0.55272	27.402	0.065616	vapor
471.87	30.000	8.9653	0.11154	3059.4	3394.0	7.1526	1.7080	2.2471	654.34	0.55048	27.446	0.065738	vapor
472.92	30.000	8.9514	0.11171	3061.2	3396.4	7.1558	1.7083	2.2470	654.83	0.54825	27.490	0.065861	vapor
473.96	30.000	8.9375	0.11189	3063.1	3398.7	7.1589	1.7086	2.2468	655.31	0.54604	27.534	0.065984	vapor
475.00	30.000	8.9237	0.11206	3064.9	3401.1	7.1620	1.7090	2.2467	655.79	0.54383	27.578	0.066107	vapor
476.04	30.000	8.9100	0.11223	3066.7	3403.4	7.1652	1.7093	2.2467	656.27	0.54164	27.621	0.066230	vapor
477.08	30.000	8.8963	0.11241	3068.5	3405.7	7.1683	1.7096	2.2466	656.75	0.53946	27.665	0.066353	vapor
478.12	30.000	8.8826	0.11258	3070.3	3408.1	7.1714	1.7100	2.2465	657.23	0.53730	27.709	0.066477	vapor
479.17	30.000	8.8690	0.11275	3072.2	3410.4	7.1745	1.7103	2.2464	657.71	0.53515	27.753	0.066600	vapor
480.21	30.000	8.8554	0.11293	3074.0	3412.8	7.1776	1.7107	2.2464	658.19	0.53300	27.796	0.066724	vapor
481.25	30.000	8.8419	0.11310	3075.8	3415.1	7.1807	1.7110	2.2463	658.66	0.53088	27.840	0.066848	vapor
482.29	30.000	8.8284	0.11327	3077.6	3417.4	7.1838	1.7114	2.2462	659.14	0.52876	27.884	0.066972	vapor
483.33	30.000	8.8150	0.11344	3079.5	3419.8	7.1869	1.7117	2.2462	659.62	0.52665	27.927	0.067096	vapor
484.37	30.000	8.8016	0.11362	3081.3	3422.1	7.1900	1.7121	2.2462	660.09	0.52456	27.971	0.067220	vapor
485.42	30.000	8.7883	0.11379	3083.1	3424.5	7.1931	1.7125	2.2461	660.57	0.52248	28.015	0.067345	vapor
486.46	30.000	8.7750	0.11396	3084.9	3426.8	7.1962	1.7128	2.2461	661.04	0.52041	28.058	0.067469	vapor
487.50	30.000	8.7617	0.11413	3086.7	3429.1	7.1993	1.7132	2.2461	661.52	0.51835	28.102	0.067594	vapor
488.54	30.000	8.7485	0.11430	3088.6	3431.5	7.2023	1.7136	2.2461	661.99	0.51631	28.146	0.067719	vapor
489.58	30.000	8.7354	0.11448	3090.4	3433.8	7.2054	1.7140	2.2461	662.46	0.51427	28.189	0.067844	vapor
490.62	30.000	8.7223	0.11465	3092.2	3436.2	7.2085	1.7143	2.2461	662.93	0.51225	28.233	0.067969	vapor
491.67	30.000	8.7092	0.11482	3094.0	3438.5	7.2115	1.7147	2.2461	663.40	0.51024	28.276	0.068094	vapor
492.71	30.000	8.6962	0.11499	3095.9	3440.8	7.2146	1.7151	2.2461	663.87	0.50824	28.320	0.068220	vapor
493.75	30.000	8.6832	0.11516	3097.7	3443.2	7.2176	1.7155	2.2461	664.34	0.50625	28.363	0.068345	vapor
494.79	30.000	8.6703	0.11534	3099.5	3445.5	7.2207	1.7159	2.2462	664.81	0.50427	28.407	0.068471	vapor
495.83	30.000	8.6574	0.11551	3101.3	3447.9	7.2237	1.7163	2.2462	665.28	0.50230	28.450	0.068597	vapor
496.87	30.000	8.6445	0.11568	3103.2	3450.2	7.2268	1.7167	2.2462	665.75	0.50034	28.494	0.068723	vapor
497.92	30.000	8.6317	0.11585	3105.0	3452.5	7.2298	1.7171	2.2463	666.22	0.49840	28.537	0.068849	vapor
498.96	30.000	8.6189	0.11602	3106.8	3454.9	7.2328	1.7175	2.2463	666.69	0.49646	28.581	0.068975	vapor
500.00	30.000	8.6062	0.11620	3108.6	3457.2	7.2359	1.7179	2.2464	667.15	0.49453	28.624	0.069101	vapor
501.04	30.000	8.5935	0.11637	3110.5	3459.6	7.2389	1.7183	2.2464	667.62	0.49262	28.668	0.069228	vapor
502.08	30.000	8.5809	0.11654	3112.3	3461.9	7.2419	1.7188	2.2465	668.08	0.49072	28.711	0.069354	vapor
503.12	30.000	8.5683	0.11671	3114.1	3464.2	7.2449	1.7192	2.2466	668.55	0.48882	28.754	0.069481	vapor
504.17	30.000	8.5557	0.11688	3115.9	3466.6	7.2479	1.7196	2.2467	669.01	0.48694	28.798	0.069608	vapor
505.21	30.000	8.5432	0.11705	3117.8	3468.9	7.2510	1.7200	2.2468	669.48	0.48507	28.841	0.069735	vapor
506.25	30.000	8.5307	0.11722	3119.6	3471.3	7.2540	1.7204	2.2468	669.94	0.48320	28.884	0.069862	vapor
507.29	30.000	8.5183	0.11739	3121.4	3473.6	7.2570	1.7209	2.2469	670.40	0.48135	28.928	0.069989	vapor
508.33	30.000	8.5059	0.11757	3123.2	3475.9	7.2600	1.7213	2.2470	670.86	0.47951	28.971	0.070117	vapor
509.37	30.000	8.4935	0.11774	3125.1	3478.3	7.2629	1.7217	2.2471	671.32	0.47767	29.014	0.070244	vapor
510.42	30.000	8.4812	0.11791	3126.9	3480.6	7.2659	1.7222	2.2473	671.78	0.47585	29.058	0.070372	vapor
511.46	30.000	8.4690	0.11808	3128.7	3483.0	7.2689	1.7226	2.2474	672.24	0.47404	29.101	0.070499	vapor
512.50	30.000	8.4567	0.11825	3130.6	3485.3	7.2719	1.7231	2.2475	672.70	0.47223	29.144	0.070627	vapor
513.54	30.000	8.4445	0.11842	3132.4	3487.6	7.2749	1.7235	2.2476	673.16	0.47044	29.187	0.070755	vapor
514.58	30.000	8.4324	0.11859	3134.2	3490.0	7.2779	1.7240	2.2477	673.62	0.46865	29.230	0.070883	vapor
515.62	30.000	8.4202	0.11876	3136.0	3492.3	7.2808	1.7244	2.2479	674.08	0.46688	29.274	0.071011	vapor
516.67	30.000	8.4082	0.11893	3137.9	3494.7	7.2838	1.7249	2.2480	674.54	0.46511	29.317	0.071140	vapor
517.71	30.000	8.3961	0.11910	3139.7	3497.0	7.2868	1.7253	2.2482	674.99	0.46336	29.360	0.071268	vapor
518.75	30.000	8.3841	0.11927	3141.5	3499.4	7.2897	1.7258	2.2483	675.45	0.46161	29.403	0.071397	vapor
519.79	30.000	8.3721	0.11944	3143.4	3501.7	7.2927	1.7262	2.2485	675.90	0.45987	29.446	0.071525	vapor
520.83	30.000	8.3602	0.11961	3145.2	3504.0	7.2956	1.7267	2.2486	676.36	0.45814	29.489	0.071654	vapor
521.87	30.000	8.3483	0.11978	3147.0	3506.4	7.2986	1.7272	2.2488	676.81	0.45642	29.532	0.071783	vapor
522.92	30.000	8.3364	0.11996	3148.9	3508.7	7.3015	1.7276	2.2490	677.27	0.45471	29.576	0.071912	vapor
523.96	30.000	8.3246	0.12013	3150.7	3511.1	7.3045	1.7281	2.2491	677.72	0.45301	29.619	0.072041	vapor
525.00	30.000	8.3128	0.12030	3152.5	3513.4	7.3074	1.7286	2.2493	678.17	0.45132	29.662	0.072170	vapor
526.04	30.000	8.3011	0.12047	3154.4	3515.7	7.3103	1.7291	2.2495	678.63	0.44964	29.705	0.072300	vapor
527.08	30.000	8.2894	0.12064	3156.2	3518.1	7.3133	1.7295	2.2497	679.08	0.44796	29.748	0.072429	vapor
528.12	30.000	8.2777	0.12081	3158.0	3520.4	7.3162	1.7300	2.2499	679.53	0.44629	29.791	0.072559	vapor
529.17	30.000	8.2661	0.12098	3159.9	3522.8	7.3191	1.7305	2.2501	679.98	0.44464	29.834	0.072688	vapor
530.21	30.000	8.2545	0.12115	3161.7	3525.1	7.3220	1.7310	2.2503	680.43	0.44299	29.877	0.072818	vapor
531.25	30.000	8.2429	0.12132	3163.5	3527.5	7.3249	1.7315	2.2505	680.88	0.44135	29.920	0.072948	vapor
532.29	30.000	8.2314	0.12149	3165.4	3529.8	7.3279	1.7320	2.2507	681.33	0.43971	29.963	0.073078	vapor
533.33	30.000	8.2199	0.12166	3167.2	3532.2	7.3308	1.7325	2.2509	681.78	0.43809	30.006	0.073208	vapor
534.37	30.000	8.2084	0.12183	3169.0	3534.5	7.3337	1.7329	2.2511	682.23	0.43648	30.049	0.073338	vapor
535.42	30.000	8.1970	0.12200	3170.9	3536.8	7.3366	1.7334	2.2513	682.68	0.43487	30.091	0.073469	vapor
536.46	30.000	8.1856	0.12217	3172.7	3539.2	7.3395	1.7339	2.2516	683.12	0.43327	30.134	0.073599	vapor
537.50	30.000	8.1743	0.12234	3174.5	3541.5	7.3424	1.7344	2.2518	683.57	0.43168	30.177	0.073730	vapor
538.54	30.000	8.1629	0.12250	3176.4	3543.9	7.3453	1.7349	2.2520	684.02	0.43010	30.220	0.073860	vapor
539.58	30.000	8.1516	0.12267	3178.2	3546.2	7.3481	1.7354	2.2522	684.46	0.42852	30.263	0.073991	vapor
540.62	30.000	8.1404	0.12284	3180.0	3548.6	7.3510	1.7359	2.2525	684.91	0.42695	30.306	0.074122	vapor
541.67	30.000	8.1292	0.12301	3181.9	3550.9	7.3539	1.7365	2.2527	685.35	0.42540	30.349	0.074253	vapor
542.71	30.000	8.1180	0.12318	3183.7	3553.3	7.3568	1.7370	2.2530	685.80	0.42385	30.391	0.074384	vapor
543.75	30.000	8.1068	0.12335	3185.6	3555.6	7.3597	1.7375	2.2532	686.24	0.42230	30.434	0.074515	vapor
544.79	30.000	8.0957	0.12352	3187.4	3558.0	7.3625	1.7380	2.2535	686.68	0.42077	30.477	0.074646	vapor
545.83	30.000	8.0846	0.12369	3189.2	3560.3	7.3654	1.7385	2.2537	687.13	0.41924	30.520	0.074778	vapor
546.87	30.000	8.0736	0.12386	3191.1	3562.7	7.3683	1.7390	2.2540	687.57	0.41772	30.562	0.074909	vapor
547.92	30.000	8.0626	0.12403	3192.9	3565.0	7.3711	1.7395	2.2543	688.01	0.41621	30.605	0.075041	vapor
548.96	30.000	8.0516	0.12420	3194.8	3567.4	7.3740	1.7401	2.2545	688.45	0.41470	30.648	0.075172	vapor
550.00	30.000	8.0406	0.12437	3196.6	3569.7	7.3768	1.7406	2.2548	688.89	0.41321	30.690	0.075304	vapor
551.04	30.000	8.0297	0.12454	3198.4	3572.1	7.3797	1.7411	2.2551	689.33	0.41172	30.733	0.075436	vapor
552.08	30.000	8.0188	0.12471	3200.3	3574.4	7.3825	1.7416	2.2554	689.77	0.41023	30.776	0.075568	vapor
553.12	30.000	8.0080	0.12488	3202.1	3576.8	7.3854	1.7422	2.2556	690.21	0.40876	30.818	0.075700	vapor
554.17	30.000	7.9971	0.12504	3204.0	3579.1	7.3882	1.7427	2.2559	690.65	0.40729	30.861	0.075832	vapor
555.21	30.000	7.9863	0.12521	3205.8	3581.5	7.3911	1.7432	2.2562	691.09	0.40583	30.904	0.075965	vapor
556.25	30.000	7.9756	0.12538	3207.7	3583.8	7.3939	1.7438	2.2565	691.53	0.40438	30.946	0.076097	vapor
557.29	30.000	7.9648	0.12555	3209.5	3586.2	7.3967	1.7443	2.2568	691.97	0.40293	30.989	0.076229	vapor
558.33	30.000	7.9541	0.12572	3211.3	3588.5	7.3996	1.7448	2.2571	692.40	0.40149	31.031	0.076362	vapor
559.37	30.000	7.9435	0.12589	3213.2	3590.9	7.4024	1.7454	2.2574	692.84	0.40006	31.074	0.076494	vapor
560.42	30.000	7.9328	0.12606	3215.0	3593.2	7.4052	1.7459	2.2577	693.27	0.39864	31.117	0.076627	vapor
561.46	30.000	7.9222	0.12623	3216.9	3595.6	7.4080	1.7464	2.2580	693.71	0.39722	31.159	0.076760	vapor
562.50	30.000	7.9117	0.12640	3218.7	3597.9	7.4109	1.7470	2.2583	694.15	0.39581	31.202	0.076893	vapor
563.54	30.000	7.9011	0.12656	3220.6	3600.3	7.4137	1.7475	2.2587	694.58	0.39441	31.244	0.077026	vapor
564.58	30.000	7.8906	0.12673	3222.4	3602.6	7.4165	1.7481	2.2590	695.02	0.39301	31.287	0.077159	vapor
565.62	30.000	7.8801	0.12690	3224.3	3605.0	7.4193	1.7486	2.2593	695.45	0.39162	31.329	0.077292	vapor
566.67	30.000	7.8697	0.12707	3226.1	3607.3	7.4221	1.7492	2.2596	695.88	0.39024	31.371	0.077425	vapor
567.71	30.000	7.8592	0.12724	3228.0	3609.7	7.4249	1.7497	2.2600	696.32	0.38886	31.414	0.077559	vapor
568.75	30.000	7.8489	0.12741	3229.8	3612.0	7.4277	1.7503	2.2603	696.75	0.38749	31.456	0.077692	vapor
569.79	30.000	7.8385	0.12758	3231.7	3614.4	7.4305	1.7508	2.2606	697.18	0.38613	31.499	0.077826	vapor
570.83	30.000	7.8282	0.12774	3233.5	3616.7	7.4333	1.7514	2.2610	697.61	0.38477	31.541	0.077959	vapor
571.87	30.000	7.8178	0.12791	3235.4	3619.1	7.4361	1.7519	2.2613	698.04	0.38342	31.583	0.078093	vapor
572.92	30.000	7.8076	0.12808	3237.2	3621.5	7.4389	1.7525	2.2616	698.47	0.38208	31.626	0.078227	vapor
573.96	30.000	7.7973	0.12825	3239.1	3623.8	7.4416	1.7531	2.2620	698.90	0.38074	31.668	0.078361	vapor
575.00	30.000	7.7871	0.12842	3240.9	3626.2	7.4444	1.7536	2.2623	699.33	0.37941	31.710	0.078495	vapor
576.04	30.000	7.7769	0.12859	3242.8	3628.5	7.4472	1.7542	2.2627	699.76	0.37808	31.753	0.078629	vapor
577.08	30.000	7.7668	0.12875	3244.6	3630.9	7.4500	1.7547	2.2630	700.19	0.37677	31.795	0.078763	vapor
578.12	30.000	7.7566	0.12892	3246.5	3633.2	7.4527	1.7553	2.2634	700.62	0.37545	31.837	0.078897	vapor
579.17	30.000	7.7465	0.12909	3248.3	3635.6	7.4555	1.7559	2.2638	701.05	0.37415	31.880	0.079031	vapor
580.21	30.000	7.7365	0.12926	3250.2	3638.0	7.4583	1.7564	2.2641	701.48	0.37285	31.922	0.079166	vapor
581.25	30.000	7.7264	0.12943	3252.0	3640.3	7.4610	1.7570	2.2645	701.90	0.37156	31.964	0.079300	vapor
582.29	30.000	7.7164	0.12959	3253.9	3642.7	7.4638	1.7576	2.2648	702.33	0.37027	32.006	0.079435	vapor
583.33	30.000	7.7064	0.12976	3255.7	3645.0	7.4666	1.7582	2.2652	702.76	0.36899	32.049	0.079569	vapor
584.37	30.000	7.6964	0.12993	3257.6	3647.4	7.4693	1.7587	2.2656	703.18	0.36771	32.091	0.079704	vapor
585.42	30.000	7.6865	0.13010	3259.5	3649.7	7.4721	1.7593	2.2660	703.61	0.36644	32.133	0.079839	vapor
586.46	30.000	7.6766	0.13027	3261.3	3652.1	7.4748	1.7599	2.2663	704.03	0.36518	32.175	0.079974	vapor
587.50	30.000	7.6667	0.13043	3263.2	3654.5	7.4775	1.7605	2.2667	704.46	0.36392	32.217	0.080109	vapor
588.54	30.000	7.6569	0.13060	3265.0	3656.8	7.4803	1.7610	2.2671	704.88	0.36267	32.259	0.080244	vapor
589.58	30.000	7.6470	0.13077	3266.9	3659.2	7.4830	1.7616	2.2675	705.31	0.36143	32.301	0.080379	vapor
590.62	30.000	7.6372	0.13094	3268.7	3661.6	7.4858	1.7622	2.2679	705.73	0.36019	32.344	0.080514	vapor
591.67	30.000	7.6275	0.13111	3270.6	3663.9	7.4885	1.7628	2.2683	706.15	0.35895	32.386	0.080649	vapor
592.71	30.000	7.6177	0.13127	3272.5	3666.3	7.4912	1.7634	2.2687	706.58	0.35773	32.428	0.080785	vapor
593.75	30.000	7.6080	0.13144	3274.3	3668.6	7.4940	1.7639	2.2691	707.00	0.35650	32.470	0.080920	vapor
594.79	30.000	7.5983	0.13161	3276.2	3671.0	7.4967	1.7645	2.2695	707.42	0.35529	32.512	0.081056	vapor
595.83	30.000	7.5886	0.13178	3278.0	3673.4	7.4994	1.7651	2.2699	707.84	0.35408	32.554	0.081191	vapor
596.87	30.000	7.5790	0.13194	3279.9	3675.7	7.5021	1.7657	2.2703	708.26	0.35287	32.596	0.081327	vapor
597.92	30.000	7.5694	0.13211	3281.8	3678.1	7.5048	1.7663	2.2707	708.68	0.35167	32.638	0.081463	vapor
598.96	30.000	7.5598	0.13228	3283.6	3680.5	7.5076	1.7669	2.2711	709.10	0.35048	32.680	0.081598	vapor
600.00	30.000	7.5503	0.13245	3285.5	3682.8	7.5103	1.7675	2.2715	709.52	0.34929	32.722	0.081734	vapor
601.04	30.000	7.5407	0.13261	3287.4	3685.2	7.5130	1.7681	2.2719	709.94	0.34811	32.764	0.081870	vapor
602.08	30.000	7.5312	0.13278	3289.2	3687.6	7.5157	1.7687	2.2723	710.36	0.34693	32.806	0.082006	vapor
603.12	30.000	7.5217	0.13295	3291.1	3689.9	7.5184	1.7693	2.2727	710.78	0.34576	32.848	0.082142	vapor
604.17	30.000	7.5123	0.13312	3293.0	3692.3	7.5211	1.7699	2.2731	711.20	0.34459	32.889	0.082279	vapor
605.21	30.000	7.5028	0.13328	3294.8	3694.7	7.5238	1.7705	2.2736	711.62	0.34343	32.931	0.082415	vapor
606.25	30.000	7.4934	0.13345	3296.7	3697.0	7.5265	1.7711	2.2740	712.04	0.34227	32.973	0.082551	vapor
607.29	30.000	7.4840	0.13362	3298.6	3699.4	7.5292	1.7717	2.2744	712.45	0.34112	33.015	0.082688	vapor
608.33	30.000	7.4747	0.13378	3300.4	3701.8	7.5319	1.7723	2.2748	712.87	0.33997	33.057	0.082824	vapor
609.37	30.000	7.4654	0.13395	3302.3	3704.1	7.5345	1.7729	2.2753	713.29	0.33883	33.099	0.082961	vapor
610.42	30.000	7.4561	0.13412	3304.2	3706.5	7.5372	1.7735	2.2757	713.70	0.33770	33.141	0.083097	vapor
611.46	30.000	7.4468	0.13429	3306.0	3708.9	7.5399	1.7741	2.2761	714.12	0.33657	33.182	0.083234	vapor
612.50	30.000	7.4375	0.13445	3307.9	3711.3	7.5426	1.7747	2.2766	714.53	0.33544	33.224	0.083371	vapor
613.54	30.000	7.4283	0.13462	3309.8	3713.6	7.5453	1.7753	2.2770	714.95	0.33432	33.266	0.083507	vapor
614.58	30.000	7.4191	0.13479	3311.6	3716.0	7.5479	1.7759	2.2774	715.36	0.33321	33.308	0.083644	vapor
615.62	30.000	7.4099	0.13495	3313.5	3718.4	7.5506	1.7765	2.2779	715.78	0.33210	33.349	0.083781	vapor
616.67	30.000	7.4007	0.13512	3315.4	3720.7	7.5533	1.7771	2.2783	716.19	0.33099	33.391	0.083918	vapor
617.71	30.000	7.3916	0.13529	3317.3	3723.1	7.5559	1.7777	2.2788	716.60	0.32989	33.433	0.084055	vapor
618.75	30.000	7.3825	0.13546	3319.1	3725.5	7.5586	1.7783	2.2792	717.02	0.32880	33.475	0.084192	vapor
619.79	30.000	7.3734	0.13562	3321.0	3727.9	7.5613	1.7789	2.2797	717.43	0.32771	33.516	0.084330	vapor
620.83	30.000	7.3643	0.13579	3322.9	3730.2	7.5639	1.7795	2.2801	717.84	0.32662	33.558	0.084467	vapor
621.87	30.000	7.3553	0.13596	3324.7	3732.6	7.5666	1.7802	2.2806	718.25	0.32554	33.600	0.084604	vapor
622.92	30.000	7.3463	0.13612	3326.6	3735.0	7.5692	1.7808	2.2810	718.66	0.32447	33.641	0.084742	vapor
623.96	30.000	7.3373	0.13629	3328.5	3737.4	7.5719	1.7814	2.2815	719.07	0.32340	33.683	0.084879	vapor
625.00	30.000	7.3283	0.13646	3330.4	3739.7	7.5745	1.7820	2.2819	719.48	0.32233	33.724	0.085017	vapor
626.04	30.000	7.3194	0.13662	3332.3	3742.1	7.5772	1.7826	2.2824	719.90	0.32127	33.766	0.085154	vapor
627.08	30.000	7.3105	0.13679	3334.1	3744.5	7.5798	1.7832	2.2829	720.31	0.32021	33.808	0.085292	vapor
628.12	30.000	7.3016	0.13696	3336.0	3746.9	7.5825	1.7839	2.2833	720.71	0.31916	33.849	0.085430	vapor
629.17	30.000	7.2927	0.13712	3337.9	3749.3	7.5851	1.7845	2.2838	721.12	0.31811	33.891	0.085567	vapor
630.21	30.000	7.2838	0.13729	3339.8	3751.6	7.5877	1.7851	2.2842	721.53	0.31707	33.932	0.085705	vapor
631.25	30.000	7.2750	0.13746	3341.6	3754.0	7.5904	1.7857	2.2847	721.94	0.31603	33.974	0.085843	vapor
632.29	30.000	7.2662	0.13762	3343.5	3756.4	7.5930	1.7863	2.2852	722.35	0.31500	34.015	0.085981	vapor
633.33	30.000	7.2574	0.13779	3345.4	3758.8	7.5956	1.7870	2.2857	722.76	0.31397	34.057	0.086119	vapor
634.37	30.000	7.2486	0.13796	3347.3	3761.2	7.5983	1.7876	2.2861	723.16	0.31294	34.098	0.086257	vapor
635.42	30.000	7.2399	0.13812	3349.2	3763.5	7.6009	1.7882	2.2866	723.57	0.31192	34.140	0.086395	vapor
636.46	30.000	7.2312	0.13829	3351.1	3765.9	7.6035	1.7888	2.2871	723.98	0.31091	34.181	0.086534	vapor
637.50	30.000	7.2225	0.13846	3352.9	3768.3	7.6061	1.7895	2.2876	724.38	0.30990	34.222	0.086672	vapor
638.54	30.000	7.2138	0.13862	3354.8	3770.7	7.6087	1.7901	2.2880	724.79	0.30889	34.264	0.086810	vapor
639.58	30.000	7.2052	0.13879	3356.7	3773.1	7.6113	1.7907	2.2885	725.20	0.30789	34.305	0.086949	vapor
640.62	30.000	7.1965	0.13896	3358.6	3775.5	7.6140	1.7914	2.2890	725.60	0.30689	34.347	0.087087	vapor
641.67	30.000	7.1879	0.13912	3360.5	3777.8	7.6166	1.7920	2.2895	726.01	0.30590	34.388	0.087225	vapor
642.71	30.000	7.1793	0.13929	3362.4	3780.2	7.6192	1.7926	2.2900	726.41	0.30491	34.429	0.087364	vapor
643.75	30.000	7.1708	0.13946	3364.2	3782.6	7.6218	1.7933	2.2905	726.82	0.30392	34.471	0.087503	vapor
644.79	30.000	7.1622	0.13962	3366.1	3785.0	7.6244	1.7939	2.2910	727.22	0.30294	34.512	0.087641	vapor
645.83	30.000	7.1537	0.13979	3368.0	3787.4	7.6270	1.7945	2.2915	727.62	0.30196	34.553	0.087780	vapor
646.87	30.000	7.1452	0.13995	3369.9	3789.8	7.6296	1.7952	2.2920	728.03	0.30099	34.595	0.087919	vapor
647.92	30.000	7.1367	0.14012	3371.8	3792.2	7.6322	1.7958	2.2924	728.43	0.30002	34.636	0.088058	vapor
648.96	30.000	7.1283	0.14029	3373.7	3794.5	7.6347	1.7964	2.2929	728.83	0.29906	34.677	0.088197	vapor
650.00	30.000	7.1198	0.14045	3375.6	3796.9	7.6373	1.7971	2.2934	729.23	0.29810	34.718	0.088336	vapor
