Temperature (C)	Pressure (bar)	Density (kg/m3)	Volume (m3/kg)	Internal Energy (kJ/kg)	Enthalpy (kJ/kg)	Entropy (J/g*K)	Cv (J/g*K)	Cp (J/g*K)	Sound Spd. (m/s)	Joule-Thomson (K/bar)	Viscosity (uPa*s)	Therm. Cond. (W/m*K)	Phase
25.000	45.000	999.02	0.0010010	104.48	108.99	0.36605	4.1229	4.1688	1504.1	-0.022135	889.10	0.60919	liquid
26.042	45.000	998.74	0.0010013	108.82	113.33	0.38059	4.1190	4.1685	1506.8	-0.022066	868.52	0.61095	liquid
27.083	45.000	998.46	0.0010015	113.16	117.67	0.39508	4.1149	4.1684	1509.5	-0.021998	848.71	0.61270	liquid
28.125	45.000	998.16	0.0010018	117.50	122.01	0.40952	4.1109	4.1682	1512.1	-0.021931	829.62	0.61443	liquid
29.167	45.000	997.85	0.0010022	121.84	126.35	0.42391	4.1067	4.1681	1514.6	-0.021865	811.21	0.61614	liquid
30.208	45.000	997.54	0.0010025	126.19	130.70	0.43824	4.1026	4.1680	1517.1	-0.021799	793.46	0.61782	liquid
31.250	45.000	997.21	0.0010028	130.53	135.04	0.45253	4.0983	4.1680	1519.5	-0.021734	776.33	0.61949	liquid
32.292	45.000	996.88	0.0010031	134.87	139.38	0.46677	4.0940	4.1680	1521.8	-0.021670	759.79	0.62114	liquid
33.333	45.000	996.53	0.0010035	139.21	143.72	0.48096	4.0897	4.1680	1524.0	-0.021605	743.81	0.62276	liquid
34.375	45.000	996.18	0.0010038	143.55	148.06	0.49510	4.0853	4.1680	1526.1	-0.021542	728.38	0.62436	liquid
35.417	45.000	995.82	0.0010042	147.89	152.40	0.50919	4.0809	4.1681	1528.2	-0.021479	713.46	0.62594	liquid
36.458	45.000	995.45	0.0010046	152.23	156.75	0.52324	4.0765	4.1682	1530.2	-0.021417	699.02	0.62750	liquid
37.500	45.000	995.08	0.0010049	156.57	161.09	0.53724	4.0720	4.1683	1532.2	-0.021354	685.06	0.62904	liquid
38.542	45.000	994.69	0.0010053	160.91	165.43	0.55120	4.0674	4.1685	1534.1	-0.021293	671.55	0.63055	liquid
39.583	45.000	994.30	0.0010057	165.25	169.77	0.56510	4.0628	4.1687	1535.9	-0.021232	658.46	0.63204	liquid
40.625	45.000	993.90	0.0010061	169.59	174.12	0.57897	4.0582	4.1688	1537.6	-0.021171	645.79	0.63351	liquid
41.667	45.000	993.49	0.0010066	173.93	178.46	0.59278	4.0536	4.1690	1539.3	-0.021111	633.51	0.63495	liquid
42.708	45.000	993.07	0.0010070	178.27	182.80	0.60656	4.0489	4.1693	1540.9	-0.021050	621.60	0.63637	liquid
43.750	45.000	992.65	0.0010074	182.61	187.14	0.62028	4.0441	4.1695	1542.4	-0.020991	610.06	0.63776	liquid
44.792	45.000	992.21	0.0010078	186.95	191.49	0.63397	4.0394	4.1698	1543.9	-0.020931	598.87	0.63913	liquid
45.833	45.000	991.77	0.0010083	191.29	195.83	0.64761	4.0346	4.1701	1545.4	-0.020872	588.00	0.64048	liquid
46.875	45.000	991.33	0.0010087	195.64	200.17	0.66120	4.0297	4.1703	1546.7	-0.020814	577.46	0.64181	liquid
47.917	45.000	990.87	0.0010092	199.98	204.52	0.67476	4.0249	4.1707	1548.0	-0.020755	567.22	0.64311	liquid
48.958	45.000	990.41	0.0010097	204.32	208.86	0.68827	4.0200	4.1710	1549.3	-0.020697	557.28	0.64438	liquid
50.000	45.000	989.95	0.0010102	208.66	213.21	0.70173	4.0150	4.1713	1550.5	-0.020639	547.62	0.64564	liquid
51.042	45.000	989.47	0.0010106	213.01	217.55	0.71516	4.0101	4.1717	1551.6	-0.020581	538.23	0.64687	liquid
52.083	45.000	988.99	0.0010111	217.35	221.90	0.72854	4.0051	4.1720	1552.7	-0.020524	529.11	0.64807	liquid
53.125	45.000	988.50	0.0010116	221.69	226.25	0.74188	4.0001	4.1724	1553.7	-0.020466	520.24	0.64925	liquid
54.167	45.000	988.00	0.0010121	226.04	230.59	0.75518	3.9950	4.1728	1554.7	-0.020409	511.61	0.65041	liquid
55.208	45.000	987.50	0.0010127	230.38	234.94	0.76844	3.9900	4.1732	1555.6	-0.020352	503.21	0.65155	liquid
56.250	45.000	986.99	0.0010132	234.73	239.29	0.78166	3.9849	4.1737	1556.4	-0.020295	495.05	0.65266	liquid
57.292	45.000	986.48	0.0010137	239.07	243.63	0.79484	3.9798	4.1741	1557.2	-0.020238	487.09	0.65375	liquid
58.333	45.000	985.96	0.0010142	243.42	247.98	0.80798	3.9747	4.1746	1558.0	-0.020182	479.35	0.65482	liquid
59.375	45.000	985.43	0.0010148	247.76	252.33	0.82108	3.9695	4.1750	1558.7	-0.020125	471.81	0.65587	liquid
60.417	45.000	984.90	0.0010153	252.11	256.68	0.83413	3.9643	4.1755	1559.4	-0.020069	464.47	0.65689	liquid
61.458	45.000	984.36	0.0010159	256.46	261.03	0.84715	3.9591	4.1760	1560.0	-0.020013	457.32	0.65789	liquid
62.500	45.000	983.81	0.0010165	260.81	265.38	0.86014	3.9539	4.1765	1560.5	-0.019957	450.34	0.65887	liquid
63.542	45.000	983.26	0.0010170	265.15	269.73	0.87308	3.9487	4.1770	1561.0	-0.019900	443.55	0.65983	liquid
64.583	45.000	982.70	0.0010176	269.50	274.08	0.88598	3.9435	4.1776	1561.5	-0.019844	436.92	0.66076	liquid
65.625	45.000	982.13	0.0010182	273.85	278.43	0.89885	3.9382	4.1781	1561.9	-0.019788	430.46	0.66168	liquid
66.667	45.000	981.56	0.0010188	278.20	282.79	0.91168	3.9330	4.1787	1562.3	-0.019732	424.16	0.66257	liquid
67.708	45.000	980.99	0.0010194	282.55	287.14	0.92447	3.9277	4.1793	1562.6	-0.019676	418.01	0.66344	liquid
68.750	45.000	980.40	0.0010200	286.90	291.49	0.93722	3.9224	4.1798	1562.9	-0.019620	412.01	0.66429	liquid
69.792	45.000	979.82	0.0010206	291.26	295.85	0.94994	3.9171	4.1805	1563.1	-0.019564	406.15	0.66513	liquid
70.833	45.000	979.22	0.0010212	295.61	300.20	0.96261	3.9118	4.1811	1563.3	-0.019508	400.43	0.66594	liquid
71.875	45.000	978.62	0.0010218	299.96	304.56	0.97526	3.9064	4.1817	1563.4	-0.019452	394.85	0.66673	liquid
72.917	45.000	978.02	0.0010225	304.31	308.91	0.98787	3.9011	4.1824	1563.5	-0.019396	389.40	0.66750	liquid
73.958	45.000	977.40	0.0010231	308.67	313.27	1.0004	3.8957	4.1830	1563.6	-0.019340	384.08	0.66825	liquid
75.000	45.000	976.79	0.0010238	313.02	317.63	1.0130	3.8904	4.1837	1563.6	-0.019284	378.87	0.66899	liquid
76.042	45.000	976.17	0.0010244	317.38	321.99	1.0255	3.8850	4.1844	1563.6	-0.019228	373.79	0.66970	liquid
77.083	45.000	975.54	0.0010251	321.73	326.35	1.0379	3.8797	4.1851	1563.5	-0.019171	368.83	0.67040	liquid
78.125	45.000	974.91	0.0010257	326.09	330.71	1.0504	3.8743	4.1859	1563.4	-0.019115	363.97	0.67108	liquid
79.167	45.000	974.27	0.0010264	330.45	335.07	1.0628	3.8689	4.1866	1563.3	-0.019058	359.22	0.67174	liquid
80.208	45.000	973.62	0.0010271	334.81	339.43	1.0751	3.8635	4.1874	1563.1	-0.019002	354.58	0.67238	liquid
81.250	45.000	972.97	0.0010278	339.17	343.79	1.0875	3.8582	4.1882	1562.9	-0.018945	350.05	0.67300	liquid
82.292	45.000	972.32	0.0010285	343.53	348.15	1.0997	3.8528	4.1890	1562.6	-0.018888	345.61	0.67361	liquid
83.333	45.000	971.66	0.0010292	347.89	352.52	1.1120	3.8474	4.1898	1562.3	-0.018831	341.27	0.67420	liquid
84.375	45.000	970.99	0.0010299	352.25	356.88	1.1242	3.8420	4.1906	1562.0	-0.018774	337.02	0.67477	liquid
85.417	45.000	970.32	0.0010306	356.61	361.25	1.1364	3.8366	4.1915	1561.6	-0.018717	332.86	0.67533	liquid
86.458	45.000	969.65	0.0010313	360.97	365.62	1.1486	3.8312	4.1924	1561.2	-0.018659	328.79	0.67587	liquid
87.500	45.000	968.97	0.0010320	365.34	369.98	1.1607	3.8258	4.1933	1560.7	-0.018602	324.81	0.67639	liquid
88.542	45.000	968.28	0.0010328	369.70	374.35	1.1728	3.8204	4.1942	1560.2	-0.018544	320.91	0.67690	liquid
89.583	45.000	967.59	0.0010335	374.07	378.72	1.1849	3.8151	4.1951	1559.7	-0.018486	317.09	0.67739	liquid
90.625	45.000	966.89	0.0010342	378.44	383.09	1.1969	3.8097	4.1961	1559.2	-0.018427	313.35	0.67787	liquid
91.667	45.000	966.19	0.0010350	382.81	387.46	1.2089	3.8043	4.1971	1558.6	-0.018369	309.69	0.67833	liquid
92.708	45.000	965.49	0.0010357	387.17	391.84	1.2209	3.7989	4.1981	1557.9	-0.018310	306.10	0.67878	liquid
93.750	45.000	964.77	0.0010365	391.54	396.21	1.2328	3.7935	4.1991	1557.3	-0.018251	302.59	0.67921	liquid
94.792	45.000	964.06	0.0010373	395.92	400.58	1.2447	3.7882	4.2001	1556.6	-0.018192	299.14	0.67963	liquid
95.833	45.000	963.34	0.0010381	400.29	404.96	1.2566	3.7828	4.2012	1555.8	-0.018133	295.77	0.68003	liquid
96.875	45.000	962.61	0.0010388	404.66	409.34	1.2684	3.7775	4.2023	1555.1	-0.018073	292.46	0.68042	liquid
97.917	45.000	961.88	0.0010396	409.04	413.71	1.2802	3.7721	4.2034	1554.3	-0.018013	289.22	0.68079	liquid
98.958	45.000	961.14	0.0010404	413.41	418.09	1.2920	3.7668	4.2045	1553.4	-0.017953	286.04	0.68115	liquid
100.00	45.000	960.40	0.0010412	417.79	422.47	1.3038	3.7614	4.2057	1552.6	-0.017893	282.92	0.68150	liquid
101.04	45.000	959.66	0.0010420	422.17	426.85	1.3155	3.7561	4.2068	1551.7	-0.017832	279.86	0.68183	liquid
102.08	45.000	958.91	0.0010429	426.54	431.24	1.3272	3.7508	4.2080	1550.7	-0.017771	276.87	0.68215	liquid
103.13	45.000	958.15	0.0010437	430.92	435.62	1.3389	3.7454	4.2093	1549.8	-0.017709	273.93	0.68246	liquid
104.17	45.000	957.39	0.0010445	435.31	440.01	1.3505	3.7401	4.2105	1548.8	-0.017648	271.04	0.68275	liquid
105.21	45.000	956.62	0.0010453	439.69	444.39	1.3621	3.7348	4.2118	1547.7	-0.017586	268.21	0.68303	liquid
106.25	45.000	955.85	0.0010462	444.07	448.78	1.3737	3.7296	4.2131	1546.7	-0.017523	265.43	0.68330	liquid
107.29	45.000	955.08	0.0010470	448.46	453.17	1.3853	3.7243	4.2144	1545.6	-0.017461	262.71	0.68356	liquid
108.33	45.000	954.30	0.0010479	452.85	457.56	1.3968	3.7190	4.2157	1544.5	-0.017398	260.03	0.68380	liquid
109.38	45.000	953.52	0.0010488	457.23	461.95	1.4083	3.7137	4.2171	1543.3	-0.017334	257.41	0.68403	liquid
110.42	45.000	952.73	0.0010496	461.62	466.35	1.4198	3.7085	4.2185	1542.2	-0.017270	254.83	0.68425	liquid
111.46	45.000	951.93	0.0010505	466.01	470.74	1.4312	3.7033	4.2199	1540.9	-0.017206	252.30	0.68446	liquid
112.50	45.000	951.13	0.0010514	470.41	475.14	1.4426	3.6980	4.2214	1539.7	-0.017142	249.82	0.68466	liquid
113.54	45.000	950.33	0.0010523	474.80	479.54	1.4540	3.6928	4.2229	1538.4	-0.017077	247.38	0.68484	liquid
114.58	45.000	949.52	0.0010532	479.20	483.94	1.4654	3.6876	4.2244	1537.1	-0.017012	244.98	0.68502	liquid
115.63	45.000	948.71	0.0010541	483.59	488.34	1.4767	3.6824	4.2259	1535.8	-0.016946	242.63	0.68518	liquid
116.67	45.000	947.89	0.0010550	487.99	492.74	1.4880	3.6773	4.2275	1534.5	-0.016880	240.31	0.68533	liquid
117.71	45.000	947.07	0.0010559	492.39	497.14	1.4993	3.6721	4.2290	1533.1	-0.016813	238.04	0.68547	liquid
118.75	45.000	946.24	0.0010568	496.79	501.55	1.5105	3.6669	4.2307	1531.7	-0.016746	235.81	0.68560	liquid
119.79	45.000	945.41	0.0010577	501.20	505.96	1.5218	3.6618	4.2323	1530.2	-0.016678	233.62	0.68571	liquid
120.83	45.000	944.58	0.0010587	505.60	510.37	1.5330	3.6567	4.2340	1528.7	-0.016610	231.46	0.68582	liquid
121.88	45.000	943.74	0.0010596	510.01	514.78	1.5442	3.6516	4.2357	1527.2	-0.016542	229.34	0.68592	liquid
122.92	45.000	942.89	0.0010606	514.42	519.19	1.5553	3.6465	4.2374	1525.7	-0.016473	227.26	0.68600	liquid
123.96	45.000	942.04	0.0010615	518.83	523.61	1.5665	3.6414	4.2392	1524.2	-0.016404	225.21	0.68608	liquid
125.00	45.000	941.19	0.0010625	523.24	528.02	1.5776	3.6363	4.2410	1522.6	-0.016334	223.20	0.68614	liquid
126.04	45.000	940.33	0.0010635	527.66	532.44	1.5886	3.6313	4.2428	1521.0	-0.016264	221.22	0.68620	liquid
127.08	45.000	939.46	0.0010644	532.07	536.86	1.5997	3.6262	4.2447	1519.3	-0.016193	219.27	0.68624	liquid
128.13	45.000	938.59	0.0010654	536.49	541.29	1.6107	3.6212	4.2466	1517.7	-0.016121	217.36	0.68628	liquid
129.17	45.000	937.72	0.0010664	540.91	545.71	1.6218	3.6162	4.2485	1516.0	-0.016049	215.48	0.68630	liquid
130.21	45.000	936.84	0.0010674	545.33	550.14	1.6327	3.6112	4.2504	1514.3	-0.015977	213.62	0.68631	liquid
131.25	45.000	935.96	0.0010684	549.76	554.57	1.6437	3.6062	4.2524	1512.5	-0.015904	211.80	0.68632	liquid
132.29	45.000	935.07	0.0010694	554.18	559.00	1.6547	3.6013	4.2545	1510.7	-0.015830	210.01	0.68631	liquid
133.33	45.000	934.18	0.0010705	558.61	563.43	1.6656	3.5963	4.2565	1508.9	-0.015756	208.25	0.68630	liquid
134.38	45.000	933.29	0.0010715	563.04	567.86	1.6765	3.5914	4.2586	1507.1	-0.015681	206.51	0.68627	liquid
135.42	45.000	932.38	0.0010725	567.47	572.30	1.6873	3.5865	4.2607	1505.3	-0.015606	204.80	0.68624	liquid
136.46	45.000	931.48	0.0010736	571.91	576.74	1.6982	3.5816	4.2629	1503.4	-0.015530	203.12	0.68619	liquid
137.50	45.000	930.57	0.0010746	576.35	581.18	1.7090	3.5767	4.2651	1501.5	-0.015453	201.47	0.68614	liquid
138.54	45.000	929.65	0.0010757	580.79	585.63	1.7198	3.5718	4.2673	1499.6	-0.015376	199.84	0.68608	liquid
139.58	45.000	928.73	0.0010767	585.23	590.07	1.7306	3.5670	4.2696	1497.6	-0.015298	198.23	0.68600	liquid
140.63	45.000	927.81	0.0010778	589.67	594.52	1.7414	3.5622	4.2718	1495.6	-0.015220	196.66	0.68592	liquid
141.67	45.000	926.88	0.0010789	594.12	598.97	1.7521	3.5573	4.2742	1493.6	-0.015141	195.10	0.68583	liquid
142.71	45.000	925.95	0.0010800	598.57	603.43	1.7628	3.5525	4.2766	1491.6	-0.015061	193.57	0.68573	liquid
143.75	45.000	925.01	0.0010811	603.02	607.88	1.7736	3.5478	4.2790	1489.6	-0.014980	192.06	0.68562	liquid
144.79	45.000	924.06	0.0010822	607.47	612.34	1.7842	3.5430	4.2814	1487.5	-0.014899	190.58	0.68550	liquid
145.83	45.000	923.12	0.0010833	611.93	616.80	1.7949	3.5382	4.2839	1485.4	-0.014817	189.11	0.68537	liquid
146.88	45.000	922.16	0.0010844	616.38	621.26	1.8055	3.5335	4.2864	1483.2	-0.014735	187.67	0.68523	liquid
147.92	45.000	921.21	0.0010855	620.85	625.73	1.8162	3.5288	4.2890	1481.1	-0.014651	186.25	0.68508	liquid
148.96	45.000	920.24	0.0010867	625.31	630.20	1.8268	3.5241	4.2916	1478.9	-0.014567	184.86	0.68492	liquid
150.00	45.000	919.28	0.0010878	629.78	634.67	1.8373	3.5194	4.2942	1476.7	-0.014482	183.48	0.68476	liquid
151.04	45.000	918.31	0.0010890	634.25	639.15	1.8479	3.5148	4.2969	1474.5	-0.014397	182.12	0.68458	liquid
152.08	45.000	917.33	0.0010901	638.72	643.62	1.8584	3.5101	4.2996	1472.2	-0.014310	180.78	0.68440	liquid
153.13	45.000	916.35	0.0010913	643.19	648.10	1.8690	3.5055	4.3024	1469.9	-0.014223	179.46	0.68421	liquid
154.17	45.000	915.36	0.0010925	647.67	652.59	1.8795	3.5009	4.3052	1467.6	-0.014135	178.16	0.68400	liquid
155.21	45.000	914.37	0.0010936	652.15	657.07	1.8900	3.4963	4.3080	1465.3	-0.014047	176.88	0.68379	liquid
156.25	45.000	913.38	0.0010948	656.64	661.56	1.9004	3.4917	4.3109	1463.0	-0.013957	175.62	0.68357	liquid
157.29	45.000	912.38	0.0010960	661.12	666.05	1.9109	3.4872	4.3138	1460.6	-0.013866	174.37	0.68334	liquid
158.33	45.000	911.37	0.0010972	665.61	670.55	1.9213	3.4826	4.3168	1458.2	-0.013775	173.14	0.68310	liquid
159.38	45.000	910.36	0.0010985	670.10	675.05	1.9317	3.4781	4.3198	1455.8	-0.013683	171.93	0.68285	liquid
160.42	45.000	909.35	0.0010997	674.60	679.55	1.9421	3.4736	4.3229	1453.3	-0.013590	170.74	0.68260	liquid
161.46	45.000	908.32	0.0011009	679.10	684.05	1.9525	3.4691	4.3260	1450.9	-0.013496	169.56	0.68233	liquid
162.50	45.000	907.30	0.0011022	683.60	688.56	1.9628	3.4647	4.3291	1448.4	-0.013401	168.39	0.68205	liquid
163.54	45.000	906.27	0.0011034	688.11	693.07	1.9732	3.4602	4.3323	1445.8	-0.013305	167.25	0.68177	liquid
164.58	45.000	905.24	0.0011047	692.62	697.59	1.9835	3.4558	4.3356	1443.3	-0.013208	166.12	0.68148	liquid
165.63	45.000	904.20	0.0011060	697.13	702.10	1.9938	3.4514	4.3389	1440.7	-0.013111	165.00	0.68117	liquid
166.67	45.000	903.15	0.0011072	701.64	706.63	2.0041	3.4470	4.3422	1438.1	-0.013012	163.90	0.68086	liquid
167.71	45.000	902.10	0.0011085	706.16	711.15	2.0144	3.4426	4.3456	1435.5	-0.012912	162.81	0.68054	liquid
168.75	45.000	901.04	0.0011098	710.69	715.68	2.0246	3.4383	4.3491	1432.9	-0.012812	161.74	0.68021	liquid
169.79	45.000	899.98	0.0011111	715.21	720.21	2.0349	3.4339	4.3525	1430.2	-0.012710	160.68	0.67987	liquid
170.83	45.000	898.92	0.0011124	719.74	724.75	2.0451	3.4296	4.3561	1427.5	-0.012607	159.64	0.67952	liquid
171.88	45.000	897.85	0.0011138	724.27	729.29	2.0553	3.4253	4.3597	1424.8	-0.012503	158.61	0.67916	liquid
172.92	45.000	896.77	0.0011151	728.81	733.83	2.0655	3.4210	4.3633	1422.1	-0.012398	157.59	0.67880	liquid
173.96	45.000	895.69	0.0011165	733.35	738.38	2.0757	3.4168	4.3670	1419.3	-0.012292	156.59	0.67842	liquid
175.00	45.000	894.61	0.0011178	737.90	742.93	2.0859	3.4125	4.3708	1416.6	-0.012185	155.59	0.67803	liquid
176.04	45.000	893.52	0.0011192	742.45	747.48	2.0960	3.4083	4.3746	1413.8	-0.012077	154.61	0.67764	liquid
177.08	45.000	892.42	0.0011206	747.00	752.04	2.1062	3.4041	4.3784	1410.9	-0.011967	153.65	0.67723	liquid
178.13	45.000	891.32	0.0011219	751.56	756.60	2.1163	3.3999	4.3823	1408.1	-0.011857	152.69	0.67682	liquid
179.17	45.000	890.21	0.0011233	756.12	761.17	2.1264	3.3957	4.3863	1405.2	-0.011745	151.75	0.67640	liquid
180.21	45.000	889.10	0.0011247	760.68	765.74	2.1365	3.3915	4.3903	1402.3	-0.011632	150.82	0.67596	liquid
181.25	45.000	887.98	0.0011262	765.25	770.32	2.1466	3.3874	4.3944	1399.4	-0.011517	149.90	0.67552	liquid
182.29	45.000	886.86	0.0011276	769.82	774.90	2.1566	3.3833	4.3986	1396.4	-0.011402	148.99	0.67507	liquid
183.33	45.000	885.73	0.0011290	774.40	779.48	2.1667	3.3792	4.4028	1393.5	-0.011285	148.09	0.67461	liquid
184.38	45.000	884.59	0.0011305	778.98	784.07	2.1767	3.3751	4.4070	1390.5	-0.011167	147.20	0.67414	liquid
185.42	45.000	883.45	0.0011319	783.57	788.66	2.1868	3.3710	4.4114	1387.5	-0.011047	146.33	0.67366	liquid
186.46	45.000	882.31	0.0011334	788.16	793.26	2.1968	3.3670	4.4157	1384.4	-0.010926	145.46	0.67316	liquid
187.50	45.000	881.16	0.0011349	792.76	797.86	2.2068	3.3630	4.4202	1381.4	-0.010804	144.60	0.67266	liquid
188.54	45.000	880.00	0.0011364	797.36	802.47	2.2168	3.3589	4.4247	1378.3	-0.010681	143.76	0.67215	liquid
189.58	45.000	878.84	0.0011379	801.96	807.08	2.2267	3.3550	4.4293	1375.2	-0.010555	142.92	0.67163	liquid
190.63	45.000	877.67	0.0011394	806.57	811.70	2.2367	3.3510	4.4339	1372.0	-0.010429	142.09	0.67111	liquid
191.67	45.000	876.49	0.0011409	811.18	816.32	2.2467	3.3470	4.4386	1368.9	-0.010301	141.27	0.67057	liquid
192.71	45.000	875.31	0.0011424	815.80	820.94	2.2566	3.3431	4.4434	1365.7	-0.010171	140.47	0.67002	liquid
193.75	45.000	874.13	0.0011440	820.43	825.58	2.2665	3.3392	4.4483	1362.5	-0.010040	139.67	0.66946	liquid
194.79	45.000	872.94	0.0011456	825.06	830.21	2.2764	3.3353	4.4532	1359.3	-0.0099076	138.88	0.66889	liquid
195.83	45.000	871.74	0.0011471	829.69	834.85	2.2864	3.3314	4.4582	1356.0	-0.0097734	138.10	0.66831	liquid
196.88	45.000	870.53	0.0011487	834.33	839.50	2.2963	3.3275	4.4633	1352.7	-0.0096375	137.32	0.66772	liquid
197.92	45.000	869.32	0.0011503	838.97	844.15	2.3061	3.3237	4.4684	1349.4	-0.0095000	136.56	0.66712	liquid
198.96	45.000	868.11	0.0011519	843.63	848.81	2.3160	3.3198	4.4736	1346.1	-0.0093608	135.80	0.66650	liquid
200.00	45.000	866.89	0.0011536	848.28	853.47	2.3259	3.3160	4.4789	1342.8	-0.0092198	135.05	0.66588	liquid
201.04	45.000	865.66	0.0011552	852.94	858.14	2.3357	3.3123	4.4843	1339.4	-0.0090771	134.31	0.66525	liquid
202.08	45.000	864.42	0.0011568	857.61	862.81	2.3456	3.3085	4.4898	1336.0	-0.0089327	133.58	0.66461	liquid
203.13	45.000	863.18	0.0011585	862.28	867.49	2.3554	3.3047	4.4953	1332.6	-0.0087864	132.86	0.66396	liquid
204.17	45.000	861.93	0.0011602	866.96	872.18	2.3652	3.3010	4.5009	1329.1	-0.0086382	132.14	0.66329	liquid
205.21	45.000	860.68	0.0011619	871.64	876.87	2.3751	3.2973	4.5066	1325.6	-0.0084882	131.43	0.66262	liquid
206.25	45.000	859.42	0.0011636	876.33	881.57	2.3849	3.2936	4.5124	1322.1	-0.0083362	130.73	0.66193	liquid
207.29	45.000	858.15	0.0011653	881.03	886.27	2.3947	3.2899	4.5183	1318.6	-0.0081823	130.03	0.66124	liquid
208.33	45.000	856.88	0.0011670	885.73	890.98	2.4045	3.2862	4.5242	1315.1	-0.0080263	129.34	0.66053	liquid
209.38	45.000	855.60	0.0011688	890.44	895.70	2.4142	3.2826	4.5303	1311.5	-0.0078683	128.66	0.65981	liquid
210.42	45.000	854.31	0.0011705	895.15	900.42	2.4240	3.2790	4.5364	1307.9	-0.0077082	127.99	0.65908	liquid
211.46	45.000	853.02	0.0011723	899.87	905.15	2.4338	3.2754	4.5427	1304.3	-0.0075460	127.32	0.65834	liquid
212.50	45.000	851.72	0.0011741	904.60	909.88	2.4436	3.2718	4.5490	1300.6	-0.0073816	126.66	0.65759	liquid
213.54	45.000	850.41	0.0011759	909.33	914.62	2.4533	3.2682	4.5554	1297.0	-0.0072150	126.00	0.65682	liquid
214.58	45.000	849.09	0.0011777	914.07	919.37	2.4631	3.2647	4.5620	1293.3	-0.0070461	125.35	0.65605	liquid
215.63	45.000	847.77	0.0011796	918.82	924.13	2.4728	3.2611	4.5686	1289.6	-0.0068749	124.71	0.65526	liquid
216.67	45.000	846.44	0.0011814	923.58	928.89	2.4825	3.2576	4.5753	1285.8	-0.0067013	124.07	0.65446	liquid
217.71	45.000	845.11	0.0011833	928.34	933.66	2.4923	3.2541	4.5822	1282.0	-0.0065253	123.44	0.65365	liquid
218.75	45.000	843.76	0.0011852	933.10	938.44	2.5020	3.2507	4.5891	1278.2	-0.0063469	122.82	0.65282	liquid
219.79	45.000	842.41	0.0011871	937.88	943.22	2.5117	3.2472	4.5962	1274.4	-0.0061659	122.20	0.65199	liquid
220.83	45.000	841.05	0.0011890	942.66	948.01	2.5214	3.2438	4.6034	1270.6	-0.0059824	121.59	0.65114	liquid
221.88	45.000	839.69	0.0011909	947.45	952.81	2.5311	3.2404	4.6107	1266.7	-0.0057962	120.98	0.65028	liquid
222.92	45.000	838.31	0.0011929	952.25	957.62	2.5408	3.2370	4.6181	1262.8	-0.0056073	120.37	0.64941	liquid
223.96	45.000	836.93	0.0011948	957.06	962.43	2.5505	3.2336	4.6256	1258.8	-0.0054157	119.78	0.64852	liquid
225.00	45.000	835.54	0.0011968	961.87	967.26	2.5602	3.2303	4.6333	1254.9	-0.0052213	119.18	0.64763	liquid
226.04	45.000	834.14	0.0011988	966.69	972.09	2.5699	3.2269	4.6410	1250.9	-0.0050240	118.60	0.64672	liquid
227.08	45.000	832.73	0.0012009	971.52	976.92	2.5796	3.2236	4.6490	1246.9	-0.0048238	118.01	0.64579	liquid
228.13	45.000	831.32	0.0012029	976.36	981.77	2.5892	3.2203	4.6570	1242.8	-0.0046206	117.44	0.64485	liquid
229.17	45.000	829.90	0.0012050	981.20	986.63	2.5989	3.2170	4.6652	1238.8	-0.0044142	116.86	0.64390	liquid
230.21	45.000	828.47	0.0012070	986.06	991.49	2.6086	3.2138	4.6735	1234.7	-0.0042048	116.30	0.64294	liquid
231.25	45.000	827.03	0.0012092	990.92	996.36	2.6183	3.2106	4.6819	1230.5	-0.0039921	115.73	0.64196	liquid
232.29	45.000	825.58	0.0012113	995.79	1001.2	2.6279	3.2073	4.6905	1226.4	-0.0037761	115.17	0.64097	liquid
233.33	45.000	824.12	0.0012134	1000.7	1006.1	2.6376	3.2042	4.6993	1222.2	-0.0035568	114.62	0.63997	liquid
234.38	45.000	822.66	0.0012156	1005.6	1011.0	2.6473	3.2010	4.7082	1218.0	-0.0033339	114.07	0.63895	liquid
235.42	45.000	821.18	0.0012178	1010.5	1015.9	2.6569	3.1978	4.7172	1213.8	-0.0031076	113.52	0.63792	liquid
236.46	45.000	819.70	0.0012200	1015.4	1020.9	2.6666	3.1947	4.7265	1209.5	-0.0028776	112.98	0.63687	liquid
237.50	45.000	818.20	0.0012222	1020.3	1025.8	2.6762	3.1916	4.7358	1205.2	-0.0026438	112.44	0.63581	liquid
238.54	45.000	816.70	0.0012244	1025.2	1030.7	2.6859	3.1885	4.7454	1200.8	-0.0024063	111.91	0.63473	liquid
239.58	45.000	815.19	0.0012267	1030.2	1035.7	2.6956	3.1855	4.7551	1196.5	-0.0021648	111.37	0.63364	liquid
240.63	45.000	813.67	0.0012290	1035.1	1040.6	2.7052	3.1824	4.7650	1192.1	-0.0019194	110.85	0.63253	liquid
241.67	45.000	812.13	0.0012313	1040.1	1045.6	2.7149	3.1794	4.7751	1187.7	-0.0016698	110.32	0.63141	liquid
242.71	45.000	810.59	0.0012337	1045.0	1050.6	2.7245	3.1764	4.7854	1183.2	-0.0014159	109.81	0.63027	liquid
243.75	45.000	809.04	0.0012360	1050.0	1055.6	2.7342	3.1734	4.7958	1178.7	-0.0011578	109.29	0.62912	liquid
244.79	45.000	807.48	0.0012384	1055.0	1060.6	2.7439	3.1705	4.8065	1174.2	-0.00089516	108.78	0.62795	liquid
245.83	45.000	805.90	0.0012408	1060.0	1065.6	2.7535	3.1676	4.8174	1169.6	-0.00062797	108.27	0.62677	liquid
246.88	45.000	804.32	0.0012433	1065.0	1070.6	2.7632	3.1647	4.8284	1165.0	-0.00035607	107.76	0.62557	liquid
247.92	45.000	802.73	0.0012458	1070.0	1075.6	2.7729	3.1618	4.8397	1160.4	-7.9339e-05	107.26	0.62435	liquid
248.96	45.000	801.12	0.0012482	1075.1	1080.7	2.7826	3.1589	4.8512	1155.8	0.00020236	106.76	0.62312	liquid
250.00	45.000	799.51	0.0012508	1080.1	1085.8	2.7922	3.1561	4.8630	1151.1	0.00048917	106.26	0.62186	liquid
251.04	45.000	797.88	0.0012533	1085.2	1090.8	2.8019	3.1533	4.8750	1146.4	0.00078123	105.77	0.62060	liquid
252.08	45.000	796.24	0.0012559	1090.3	1095.9	2.8116	3.1505	4.8872	1141.6	0.0010787	105.28	0.61931	liquid
253.13	45.000	794.59	0.0012585	1095.3	1101.0	2.8213	3.1478	4.8997	1136.8	0.0013817	104.79	0.61801	liquid
254.17	45.000	792.92	0.0012612	1100.4	1106.1	2.8310	3.1451	4.9124	1132.0	0.0016905	104.30	0.61669	liquid
255.21	45.000	791.25	0.0012638	1105.6	1111.2	2.8407	3.1424	4.9254	1127.1	0.0020052	103.82	0.61535	liquid
256.25	45.000	789.56	0.0012665	1110.7	1116.4	2.8504	3.1397	4.9387	1122.2	0.0023259	103.34	0.61400	liquid
257.29	45.000	787.86	0.0012693	1115.8	1121.5	2.8602	3.1371	4.9522	1117.2	0.0026529	102.86	0.61262	liquid
257.44	45.000	787.62	0.0012696	1116.5	1122.2	2.8615	3.1367	4.9541	1116.5	0.0026989	102.79	0.61243	liquid
257.44	45.000	22.697	0.044059	2599.7	2797.9	6.0197	2.5320	4.2270	499.90	1.5125	17.777	0.053296	vapor
258.33	45.000	22.604	0.044240	2602.6	2801.7	6.0268	2.5034	4.1643	501.21	1.5061	17.822	0.053218	vapor
259.38	45.000	22.498	0.044449	2606.0	2806.0	6.0349	2.4727	4.0965	502.69	1.4984	17.875	0.053132	vapor
260.42	45.000	22.394	0.044654	2609.3	2810.2	6.0428	2.4443	4.0337	504.13	1.4907	17.927	0.053051	vapor
261.46	45.000	22.293	0.044858	2612.6	2814.4	6.0506	2.4180	3.9752	505.53	1.4829	17.979	0.052976	vapor
262.50	45.000	22.193	0.045059	2615.8	2818.5	6.0583	2.3936	3.9206	506.90	1.4750	18.030	0.052906	vapor
263.54	45.000	22.096	0.045258	2618.9	2822.6	6.0659	2.3708	3.8694	508.23	1.4671	18.082	0.052840	vapor
264.58	45.000	22.000	0.045455	2622.0	2826.6	6.0733	2.3495	3.8213	509.54	1.4592	18.134	0.052779	vapor
265.63	45.000	21.906	0.045650	2625.1	2830.5	6.0807	2.3294	3.7760	510.81	1.4512	18.185	0.052722	vapor
266.67	45.000	21.813	0.045844	2628.2	2834.5	6.0879	2.3106	3.7332	512.06	1.4432	18.236	0.052668	vapor
267.71	45.000	21.723	0.046035	2631.2	2838.3	6.0951	2.2928	3.6927	513.29	1.4353	18.288	0.052619	vapor
268.75	45.000	21.633	0.046225	2634.1	2842.2	6.1022	2.2760	3.6542	514.50	1.4273	18.339	0.052574	vapor
269.79	45.000	21.546	0.046413	2637.1	2845.9	6.1092	2.2601	3.6176	515.68	1.4193	18.390	0.052532	vapor
270.83	45.000	21.459	0.046600	2640.0	2849.7	6.1161	2.2449	3.5827	516.85	1.4114	18.441	0.052493	vapor
271.88	45.000	21.374	0.046786	2642.9	2853.4	6.1229	2.2305	3.5495	517.99	1.4035	18.492	0.052458	vapor
272.92	45.000	21.290	0.046969	2645.7	2857.1	6.1296	2.2168	3.5176	519.13	1.3956	18.543	0.052426	vapor
273.96	45.000	21.208	0.047152	2648.5	2860.7	6.1363	2.2036	3.4871	520.24	1.3877	18.593	0.052398	vapor
275.00	45.000	21.127	0.047333	2651.3	2864.3	6.1429	2.1910	3.4579	521.34	1.3799	18.644	0.052372	vapor
276.04	45.000	21.047	0.047513	2654.1	2867.9	6.1494	2.1789	3.4298	522.42	1.3721	18.695	0.052349	vapor
277.08	45.000	20.968	0.047692	2656.9	2871.5	6.1559	2.1673	3.4027	523.50	1.3644	18.745	0.052329	vapor
278.13	45.000	20.890	0.047870	2659.6	2875.0	6.1623	2.1561	3.3767	524.56	1.3566	18.795	0.052312	vapor
279.17	45.000	20.813	0.048046	2662.3	2878.5	6.1687	2.1453	3.3516	525.60	1.3490	18.846	0.052297	vapor
280.21	45.000	20.738	0.048221	2665.0	2882.0	6.1750	2.1350	3.3274	526.64	1.3413	18.896	0.052285	vapor
281.25	45.000	20.663	0.048396	2667.7	2885.5	6.1812	2.1249	3.3040	527.66	1.3337	18.946	0.052276	vapor
282.29	45.000	20.589	0.048569	2670.3	2888.9	6.1874	2.1153	3.2813	528.68	1.3262	18.996	0.052269	vapor
283.33	45.000	20.517	0.048741	2673.0	2892.3	6.1935	2.1059	3.2594	529.68	1.3187	19.046	0.052264	vapor
284.38	45.000	20.445	0.048912	2675.6	2895.7	6.1996	2.0968	3.2382	530.67	1.3112	19.096	0.052262	vapor
285.42	45.000	20.374	0.049083	2678.2	2899.0	6.2056	2.0880	3.2177	531.66	1.3038	19.146	0.052262	vapor
286.46	45.000	20.304	0.049252	2680.8	2902.4	6.2116	2.0795	3.1978	532.63	1.2965	19.196	0.052264	vapor
287.50	45.000	20.235	0.049420	2683.3	2905.7	6.2175	2.0712	3.1784	533.60	1.2892	19.246	0.052268	vapor
288.54	45.000	20.166	0.049588	2685.9	2909.0	6.2234	2.0632	3.1597	534.56	1.2819	19.296	0.052274	vapor
289.58	45.000	20.099	0.049754	2688.4	2912.3	6.2292	2.0554	3.1414	535.51	1.2747	19.345	0.052283	vapor
290.63	45.000	20.032	0.049920	2690.9	2915.6	6.2350	2.0478	3.1237	536.45	1.2675	19.395	0.052293	vapor
291.67	45.000	19.966	0.050085	2693.4	2918.8	6.2408	2.0404	3.1065	537.38	1.2604	19.444	0.052306	vapor
292.71	45.000	19.901	0.050249	2695.9	2922.0	6.2465	2.0332	3.0897	538.31	1.2533	19.494	0.052320	vapor
293.75	45.000	19.836	0.050413	2698.4	2925.2	6.2522	2.0262	3.0734	539.23	1.2462	19.543	0.052336	vapor
294.79	45.000	19.772	0.050575	2700.8	2928.4	6.2578	2.0194	3.0575	540.14	1.2393	19.593	0.052354	vapor
295.83	45.000	19.709	0.050737	2703.3	2931.6	6.2634	2.0128	3.0421	541.05	1.2323	19.642	0.052373	vapor
296.88	45.000	19.647	0.050898	2705.7	2934.8	6.2689	2.0063	3.0270	541.95	1.2254	19.691	0.052395	vapor
297.92	45.000	19.585	0.051059	2708.1	2937.9	6.2744	2.0000	3.0123	542.84	1.2186	19.740	0.052418	vapor
298.96	45.000	19.524	0.051219	2710.6	2941.0	6.2799	1.9939	2.9980	543.73	1.2118	19.790	0.052442	vapor
300.00	45.000	19.464	0.051378	2713.0	2944.2	6.2854	1.9879	2.9840	544.61	1.2050	19.839	0.052469	vapor
301.04	45.000	19.404	0.051536	2715.3	2947.3	6.2908	1.9820	2.9704	545.48	1.1983	19.888	0.052497	vapor
302.08	45.000	19.345	0.051694	2717.7	2950.3	6.2961	1.9763	2.9571	546.35	1.1917	19.937	0.052526	vapor
303.13	45.000	19.286	0.051851	2720.1	2953.4	6.3015	1.9708	2.9442	547.21	1.1851	19.986	0.052557	vapor
304.17	45.000	19.228	0.052007	2722.4	2956.5	6.3068	1.9653	2.9315	548.07	1.1785	20.034	0.052589	vapor
305.21	45.000	19.171	0.052163	2724.8	2959.5	6.3120	1.9600	2.9191	548.92	1.1720	20.083	0.052623	vapor
306.25	45.000	19.114	0.052319	2727.1	2962.6	6.3173	1.9548	2.9070	549.76	1.1655	20.132	0.052659	vapor
307.29	45.000	19.057	0.052473	2729.5	2965.6	6.3225	1.9498	2.8953	550.60	1.1591	20.181	0.052695	vapor
308.33	45.000	19.002	0.052627	2731.8	2968.6	6.3277	1.9448	2.8837	551.44	1.1527	20.229	0.052733	vapor
309.38	45.000	18.946	0.052781	2734.1	2971.6	6.3328	1.9400	2.8725	552.27	1.1464	20.278	0.052773	vapor
310.42	45.000	18.891	0.052934	2736.4	2974.6	6.3380	1.9353	2.8615	553.09	1.1401	20.327	0.052813	vapor
311.46	45.000	18.837	0.053086	2738.7	2977.6	6.3430	1.9307	2.8507	553.91	1.1338	20.375	0.052855	vapor
312.50	45.000	18.783	0.053238	2740.9	2980.5	6.3481	1.9261	2.8402	554.73	1.1276	20.424	0.052899	vapor
313.54	45.000	18.730	0.053390	2743.2	2983.5	6.3532	1.9217	2.8299	555.54	1.1215	20.472	0.052943	vapor
314.58	45.000	18.677	0.053541	2745.5	2986.4	6.3582	1.9174	2.8198	556.34	1.1153	20.520	0.052989	vapor
315.63	45.000	18.625	0.053691	2747.7	2989.3	6.3631	1.9132	2.8099	557.14	1.1093	20.569	0.053036	vapor
316.67	45.000	18.573	0.053841	2750.0	2992.3	6.3681	1.9091	2.8003	557.94	1.1032	20.617	0.053084	vapor
317.71	45.000	18.522	0.053990	2752.2	2995.2	6.3730	1.9051	2.7909	558.73	1.0972	20.665	0.053133	vapor
318.75	45.000	18.471	0.054139	2754.5	2998.1	6.3779	1.9011	2.7816	559.52	1.0913	20.714	0.053183	vapor
319.79	45.000	18.420	0.054288	2756.7	3001.0	6.3828	1.8973	2.7726	560.31	1.0854	20.762	0.053235	vapor
320.83	45.000	18.370	0.054436	2758.9	3003.9	6.3877	1.8935	2.7638	561.09	1.0796	20.810	0.053287	vapor
321.88	45.000	18.321	0.054583	2761.1	3006.7	6.3925	1.8898	2.7551	561.86	1.0737	20.858	0.053341	vapor
322.92	45.000	18.271	0.054730	2763.3	3009.6	6.3973	1.8862	2.7466	562.63	1.0680	20.906	0.053396	vapor
323.96	45.000	18.223	0.054877	2765.5	3012.5	6.4021	1.8827	2.7383	563.40	1.0622	20.954	0.053451	vapor
325.00	45.000	18.174	0.055023	2767.7	3015.3	6.4069	1.8792	2.7302	564.17	1.0565	21.002	0.053508	vapor
326.04	45.000	18.126	0.055169	2769.9	3018.1	6.4116	1.8758	2.7222	564.93	1.0509	21.050	0.053566	vapor
327.08	45.000	18.078	0.055315	2772.1	3021.0	6.4164	1.8725	2.7144	565.68	1.0453	21.098	0.053624	vapor
328.13	45.000	18.031	0.055460	2774.2	3023.8	6.4211	1.8693	2.7067	566.44	1.0397	21.146	0.053684	vapor
329.17	45.000	17.984	0.055604	2776.4	3026.6	6.4257	1.8661	2.6992	567.18	1.0342	21.193	0.053744	vapor
330.21	45.000	17.938	0.055748	2778.6	3029.4	6.4304	1.8630	2.6919	567.93	1.0287	21.241	0.053806	vapor
331.25	45.000	17.892	0.055892	2780.7	3032.2	6.4350	1.8600	2.6847	568.67	1.0233	21.289	0.053868	vapor
332.29	45.000	17.846	0.056036	2782.9	3035.0	6.4396	1.8571	2.6776	569.41	1.0178	21.337	0.053931	vapor
333.33	45.000	17.800	0.056179	2785.0	3037.8	6.4442	1.8541	2.6707	570.15	1.0125	21.384	0.053996	vapor
334.38	45.000	17.755	0.056322	2787.1	3040.6	6.4488	1.8513	2.6639	570.88	1.0071	21.432	0.054061	vapor
335.42	45.000	17.710	0.056464	2789.3	3043.3	6.4534	1.8485	2.6572	571.61	1.0019	21.480	0.054126	vapor
336.46	45.000	17.666	0.056606	2791.4	3046.1	6.4579	1.8458	2.6507	572.33	0.99660	21.527	0.054193	vapor
337.50	45.000	17.622	0.056748	2793.5	3048.9	6.4624	1.8431	2.6443	573.06	0.99139	21.575	0.054261	vapor
338.54	45.000	17.578	0.056889	2795.6	3051.6	6.4669	1.8405	2.6380	573.78	0.98621	21.622	0.054329	vapor
339.58	45.000	17.535	0.057030	2797.7	3054.4	6.4714	1.8380	2.6319	574.49	0.98107	21.670	0.054398	vapor
340.63	45.000	17.491	0.057171	2799.8	3057.1	6.4759	1.8355	2.6258	575.20	0.97597	21.717	0.054468	vapor
341.67	45.000	17.449	0.057311	2801.9	3059.8	6.4803	1.8330	2.6199	575.91	0.97090	21.764	0.054539	vapor
342.71	45.000	17.406	0.057451	2804.0	3062.6	6.4848	1.8307	2.6141	576.62	0.96587	21.812	0.054610	vapor
343.75	45.000	17.364	0.057591	2806.1	3065.3	6.4892	1.8283	2.6084	577.33	0.96088	21.859	0.054682	vapor
344.79	45.000	17.322	0.057730	2808.2	3068.0	6.4936	1.8260	2.6028	578.03	0.95592	21.906	0.054755	vapor
345.83	45.000	17.280	0.057870	2810.3	3070.7	6.4979	1.8238	2.5973	578.73	0.95100	21.954	0.054829	vapor
346.88	45.000	17.239	0.058008	2812.4	3073.4	6.5023	1.8216	2.5919	579.42	0.94612	22.001	0.054903	vapor
347.92	45.000	17.198	0.058147	2814.4	3076.1	6.5067	1.8194	2.5866	580.12	0.94127	22.048	0.054978	vapor
348.96	45.000	17.157	0.058285	2816.5	3078.8	6.5110	1.8173	2.5814	580.81	0.93645	22.095	0.055054	vapor
350.00	45.000	17.117	0.058423	2818.6	3081.5	6.5153	1.8153	2.5763	581.49	0.93167	22.142	0.055130	vapor
351.04	45.000	17.076	0.058561	2820.6	3084.2	6.5196	1.8133	2.5713	582.18	0.92692	22.189	0.055207	vapor
352.08	45.000	17.036	0.058698	2822.7	3086.8	6.5239	1.8113	2.5664	582.86	0.92221	22.236	0.055285	vapor
353.12	45.000	16.997	0.058835	2824.8	3089.5	6.5282	1.8093	2.5615	583.54	0.91753	22.283	0.055364	vapor
354.17	45.000	16.957	0.058972	2826.8	3092.2	6.5324	1.8075	2.5568	584.22	0.91288	22.330	0.055443	vapor
355.21	45.000	16.918	0.059108	2828.9	3094.8	6.5366	1.8056	2.5521	584.89	0.90827	22.377	0.055522	vapor
356.25	45.000	16.879	0.059245	2830.9	3097.5	6.5409	1.8038	2.5476	585.56	0.90369	22.424	0.055603	vapor
357.29	45.000	16.840	0.059381	2832.9	3100.1	6.5451	1.8020	2.5431	586.23	0.89915	22.471	0.055683	vapor
358.33	45.000	16.802	0.059516	2835.0	3102.8	6.5493	1.8003	2.5387	586.90	0.89463	22.518	0.055765	vapor
359.37	45.000	16.764	0.059652	2837.0	3105.4	6.5535	1.7986	2.5343	587.57	0.89015	22.565	0.055847	vapor
360.42	45.000	16.726	0.059787	2839.0	3108.1	6.5576	1.7969	2.5301	588.23	0.88570	22.612	0.055930	vapor
361.46	45.000	16.688	0.059922	2841.1	3110.7	6.5618	1.7953	2.5259	588.89	0.88128	22.658	0.056013	vapor
362.50	45.000	16.651	0.060057	2843.1	3113.3	6.5659	1.7937	2.5218	589.55	0.87690	22.705	0.056097	vapor
363.54	45.000	16.614	0.060192	2845.1	3116.0	6.5700	1.7922	2.5178	590.20	0.87254	22.752	0.056181	vapor
364.58	45.000	16.577	0.060326	2847.1	3118.6	6.5742	1.7906	2.5138	590.86	0.86821	22.798	0.056266	vapor
365.62	45.000	16.540	0.060460	2849.1	3121.2	6.5782	1.7892	2.5099	591.51	0.86392	22.845	0.056352	vapor
366.67	45.000	16.503	0.060594	2851.1	3123.8	6.5823	1.7877	2.5061	592.16	0.85966	22.892	0.056438	vapor
367.71	45.000	16.467	0.060727	2853.1	3126.4	6.5864	1.7863	2.5023	592.81	0.85542	22.938	0.056524	vapor
368.75	45.000	16.431	0.060861	2855.1	3129.0	6.5905	1.7849	2.4986	593.45	0.85122	22.985	0.056612	vapor
369.79	45.000	16.395	0.060994	2857.2	3131.6	6.5945	1.7835	2.4950	594.09	0.84704	23.031	0.056699	vapor
370.83	45.000	16.359	0.061127	2859.1	3134.2	6.5986	1.7822	2.4914	594.73	0.84290	23.078	0.056787	vapor
371.87	45.000	16.324	0.061260	2861.1	3136.8	6.6026	1.7809	2.4879	595.37	0.83878	23.124	0.056876	vapor
372.92	45.000	16.289	0.061392	2863.1	3139.4	6.6066	1.7796	2.4845	596.01	0.83469	23.171	0.056965	vapor
373.96	45.000	16.254	0.061525	2865.1	3142.0	6.6106	1.7784	2.4811	596.64	0.83063	23.217	0.057055	vapor
375.00	45.000	16.219	0.061657	2867.1	3144.6	6.6146	1.7771	2.4777	597.28	0.82660	23.264	0.057145	vapor
376.04	45.000	16.184	0.061789	2869.1	3147.2	6.6186	1.7760	2.4745	597.91	0.82260	23.310	0.057235	vapor
377.08	45.000	16.150	0.061920	2871.1	3149.7	6.6225	1.7748	2.4713	598.54	0.81863	23.356	0.057327	vapor
378.12	45.000	16.116	0.062052	2873.1	3152.3	6.6265	1.7737	2.4681	599.16	0.81468	23.403	0.057418	vapor
379.17	45.000	16.082	0.062183	2875.0	3154.9	6.6304	1.7725	2.4650	599.79	0.81076	23.449	0.057510	vapor
380.21	45.000	16.048	0.062314	2877.0	3157.4	6.6343	1.7715	2.4619	600.41	0.80687	23.495	0.057602	vapor
381.25	45.000	16.014	0.062445	2879.0	3160.0	6.6383	1.7704	2.4589	601.03	0.80300	23.542	0.057695	vapor
382.29	45.000	15.981	0.062576	2881.0	3162.6	6.6422	1.7694	2.4560	601.65	0.79916	23.588	0.057789	vapor
383.33	45.000	15.947	0.062706	2882.9	3165.1	6.6461	1.7683	2.4531	602.27	0.79535	23.634	0.057883	vapor
384.37	45.000	15.914	0.062837	2884.9	3167.7	6.6500	1.7674	2.4502	602.89	0.79156	23.680	0.057977	vapor
385.42	45.000	15.881	0.062967	2886.9	3170.2	6.6538	1.7664	2.4474	603.50	0.78780	23.726	0.058071	vapor
386.46	45.000	15.849	0.063097	2888.8	3172.8	6.6577	1.7654	2.4446	604.11	0.78407	23.772	0.058166	vapor
387.50	45.000	15.816	0.063227	2890.8	3175.3	6.6616	1.7645	2.4419	604.72	0.78036	23.819	0.058262	vapor
388.54	45.000	15.784	0.063356	2892.8	3177.9	6.6654	1.7636	2.4393	605.33	0.77667	23.865	0.058358	vapor
389.58	45.000	15.752	0.063486	2894.7	3180.4	6.6692	1.7627	2.4366	605.94	0.77301	23.911	0.058454	vapor
390.62	45.000	15.720	0.063615	2896.7	3182.9	6.6731	1.7619	2.4341	606.54	0.76938	23.957	0.058551	vapor
391.67	45.000	15.688	0.063744	2898.6	3185.5	6.6769	1.7611	2.4315	607.15	0.76577	24.003	0.058648	vapor
392.71	45.000	15.656	0.063873	2900.6	3188.0	6.6807	1.7602	2.4290	607.75	0.76218	24.049	0.058745	vapor
393.75	45.000	15.624	0.064002	2902.5	3190.5	6.6845	1.7594	2.4266	608.35	0.75862	24.095	0.058843	vapor
394.79	45.000	15.593	0.064131	2904.5	3193.1	6.6883	1.7587	2.4242	608.95	0.75509	24.140	0.058942	vapor
395.83	45.000	15.562	0.064259	2906.4	3195.6	6.6920	1.7579	2.4218	609.55	0.75157	24.186	0.059040	vapor
396.87	45.000	15.531	0.064388	2908.4	3198.1	6.6958	1.7572	2.4194	610.14	0.74808	24.232	0.059139	vapor
397.92	45.000	15.500	0.064516	2910.3	3200.6	6.6996	1.7565	2.4172	610.74	0.74462	24.278	0.059239	vapor
398.96	45.000	15.469	0.064644	2912.2	3203.1	6.7033	1.7558	2.4149	611.33	0.74118	24.324	0.059338	vapor
400.00	45.000	15.439	0.064772	2914.2	3205.6	6.7070	1.7551	2.4127	611.92	0.73776	24.370	0.059439	vapor
401.04	45.000	15.408	0.064899	2916.1	3208.2	6.7108	1.7544	2.4105	612.51	0.73436	24.415	0.059539	vapor
402.08	45.000	15.378	0.065027	2918.0	3210.7	6.7145	1.7538	2.4083	613.10	0.73098	24.461	0.059640	vapor
403.12	45.000	15.348	0.065154	2920.0	3213.2	6.7182	1.7531	2.4062	613.69	0.72763	24.507	0.059741	vapor
404.17	45.000	15.318	0.065281	2921.9	3215.7	6.7219	1.7525	2.4042	614.27	0.72430	24.553	0.059843	vapor
405.21	45.000	15.289	0.065409	2923.8	3218.2	6.7256	1.7519	2.4021	614.85	0.72099	24.598	0.059945	vapor
406.25	45.000	15.259	0.065536	2925.8	3220.7	6.7293	1.7514	2.4001	615.44	0.71771	24.644	0.060047	vapor
407.29	45.000	15.229	0.065662	2927.7	3223.2	6.7330	1.7508	2.3981	616.02	0.71444	24.689	0.060149	vapor
408.33	45.000	15.200	0.065789	2929.6	3225.7	6.7366	1.7502	2.3962	616.60	0.71120	24.735	0.060252	vapor
409.37	45.000	15.171	0.065916	2931.6	3228.2	6.7403	1.7497	2.3943	617.17	0.70798	24.781	0.060355	vapor
410.42	45.000	15.142	0.066042	2933.5	3230.7	6.7439	1.7492	2.3924	617.75	0.70478	24.826	0.060459	vapor
411.46	45.000	15.113	0.066168	2935.4	3233.2	6.7476	1.7487	2.3906	618.33	0.70160	24.872	0.060563	vapor
412.50	45.000	15.084	0.066294	2937.3	3235.7	6.7512	1.7482	2.3887	618.90	0.69844	24.917	0.060667	vapor
413.54	45.000	15.056	0.066420	2939.2	3238.1	6.7548	1.7477	2.3870	619.47	0.69530	24.963	0.060772	vapor
414.58	45.000	15.027	0.066546	2941.2	3240.6	6.7585	1.7473	2.3852	620.04	0.69218	25.008	0.060876	vapor
415.62	45.000	14.999	0.066672	2943.1	3243.1	6.7621	1.7468	2.3835	620.61	0.68909	25.054	0.060982	vapor
416.67	45.000	14.971	0.066798	2945.0	3245.6	6.7657	1.7464	2.3818	621.18	0.68601	25.099	0.061087	vapor
417.71	45.000	14.943	0.066923	2946.9	3248.1	6.7693	1.7460	2.3801	621.75	0.68295	25.144	0.061193	vapor
418.75	45.000	14.915	0.067048	2948.8	3250.5	6.7728	1.7456	2.3785	622.31	0.67991	25.190	0.061299	vapor
419.79	45.000	14.887	0.067174	2950.7	3253.0	6.7764	1.7452	2.3768	622.88	0.67689	25.235	0.061405	vapor
420.83	45.000	14.859	0.067299	2952.7	3255.5	6.7800	1.7448	2.3753	623.44	0.67389	25.281	0.061512	vapor
421.87	45.000	14.832	0.067424	2954.6	3258.0	6.7835	1.7445	2.3737	624.00	0.67091	25.326	0.061619	vapor
422.92	45.000	14.804	0.067549	2956.5	3260.4	6.7871	1.7441	2.3722	624.57	0.66795	25.371	0.061726	vapor
423.96	45.000	14.777	0.067673	2958.4	3262.9	6.7906	1.7438	2.3706	625.12	0.66501	25.416	0.061834	vapor
425.00	45.000	14.750	0.067798	2960.3	3265.4	6.7942	1.7435	2.3692	625.68	0.66208	25.462	0.061941	vapor
426.04	45.000	14.723	0.067922	2962.2	3267.9	6.7977	1.7432	2.3677	626.24	0.65918	25.507	0.062049	vapor
427.08	45.000	14.696	0.068047	2964.1	3270.3	6.8012	1.7429	2.3663	626.80	0.65629	25.552	0.062158	vapor
428.12	45.000	14.669	0.068171	2966.0	3272.8	6.8048	1.7426	2.3649	627.35	0.65342	25.597	0.062266	vapor
429.17	45.000	14.642	0.068295	2967.9	3275.2	6.8083	1.7423	2.3635	627.90	0.65057	25.642	0.062375	vapor
430.21	45.000	14.616	0.068419	2969.8	3277.7	6.8118	1.7420	2.3621	628.46	0.64774	25.687	0.062484	vapor
431.25	45.000	14.589	0.068543	2971.7	3280.2	6.8153	1.7418	2.3608	629.01	0.64493	25.733	0.062594	vapor
432.29	45.000	14.563	0.068667	2973.6	3282.6	6.8187	1.7415	2.3594	629.56	0.64213	25.778	0.062704	vapor
433.33	45.000	14.537	0.068791	2975.5	3285.1	6.8222	1.7413	2.3581	630.11	0.63935	25.823	0.062814	vapor
434.37	45.000	14.511	0.068914	2977.4	3287.5	6.8257	1.7411	2.3569	630.65	0.63659	25.868	0.062924	vapor
435.42	45.000	14.485	0.069038	2979.3	3290.0	6.8292	1.7409	2.3556	631.20	0.63384	25.913	0.063034	vapor
436.46	45.000	14.459	0.069161	2981.2	3292.4	6.8326	1.7407	2.3544	631.75	0.63111	25.958	0.063145	vapor
437.50	45.000	14.433	0.069285	2983.1	3294.9	6.8361	1.7405	2.3532	632.29	0.62840	26.003	0.063256	vapor
438.54	45.000	14.408	0.069408	2985.0	3297.3	6.8395	1.7403	2.3520	632.83	0.62571	26.048	0.063367	vapor
439.58	45.000	14.382	0.069531	2986.9	3299.8	6.8430	1.7402	2.3508	633.37	0.62303	26.093	0.063479	vapor
440.62	45.000	14.357	0.069654	2988.8	3302.2	6.8464	1.7400	2.3497	633.92	0.62037	26.138	0.063591	vapor
441.67	45.000	14.331	0.069777	2990.7	3304.7	6.8498	1.7399	2.3485	634.46	0.61772	26.182	0.063703	vapor
442.71	45.000	14.306	0.069899	2992.6	3307.1	6.8532	1.7397	2.3474	634.99	0.61509	26.227	0.063815	vapor
443.75	45.000	14.281	0.070022	2994.5	3309.6	6.8567	1.7396	2.3463	635.53	0.61248	26.272	0.063928	vapor
444.79	45.000	14.256	0.070145	2996.4	3312.0	6.8601	1.7395	2.3453	636.07	0.60988	26.317	0.064040	vapor
445.83	45.000	14.231	0.070267	2998.3	3314.5	6.8635	1.7394	2.3442	636.60	0.60730	26.362	0.064153	vapor
446.87	45.000	14.207	0.070389	3000.2	3316.9	6.8669	1.7393	2.3432	637.14	0.60474	26.407	0.064267	vapor
447.92	45.000	14.182	0.070512	3002.0	3319.3	6.8702	1.7392	2.3422	637.67	0.60219	26.451	0.064380	vapor
448.96	45.000	14.157	0.070634	3003.9	3321.8	6.8736	1.7391	2.3412	638.20	0.59965	26.496	0.064494	vapor
450.00	45.000	14.133	0.070756	3005.8	3324.2	6.8770	1.7390	2.3402	638.74	0.59713	26.541	0.064608	vapor
451.04	45.000	14.109	0.070878	3007.7	3326.7	6.8804	1.7389	2.3392	639.27	0.59463	26.586	0.064722	vapor
452.08	45.000	14.085	0.071000	3009.6	3329.1	6.8837	1.7389	2.3383	639.80	0.59214	26.630	0.064836	vapor
453.12	45.000	14.060	0.071122	3011.5	3331.5	6.8871	1.7388	2.3374	640.32	0.58967	26.675	0.064951	vapor
454.17	45.000	14.036	0.071244	3013.4	3334.0	6.8904	1.7388	2.3364	640.85	0.58721	26.720	0.065066	vapor
455.21	45.000	14.012	0.071365	3015.3	3336.4	6.8938	1.7388	2.3356	641.38	0.58476	26.764	0.065181	vapor
456.25	45.000	13.989	0.071487	3017.1	3338.8	6.8971	1.7387	2.3347	641.90	0.58233	26.809	0.065296	vapor
457.29	45.000	13.965	0.071608	3019.0	3341.3	6.9004	1.7387	2.3338	642.43	0.57992	26.853	0.065412	vapor
458.33	45.000	13.941	0.071730	3020.9	3343.7	6.9038	1.7387	2.3330	642.95	0.57751	26.898	0.065527	vapor
459.37	45.000	13.918	0.071851	3022.8	3346.1	6.9071	1.7387	2.3321	643.47	0.57513	26.943	0.065643	vapor
460.42	45.000	13.894	0.071972	3024.7	3348.6	6.9104	1.7387	2.3313	644.00	0.57275	26.987	0.065759	vapor
461.46	45.000	13.871	0.072093	3026.6	3351.0	6.9137	1.7387	2.3305	644.52	0.57040	27.032	0.065876	vapor
462.50	45.000	13.848	0.072214	3028.4	3353.4	6.9170	1.7387	2.3297	645.04	0.56805	27.076	0.065992	vapor
463.54	45.000	13.825	0.072335	3030.3	3355.8	6.9203	1.7388	2.3290	645.55	0.56572	27.121	0.066109	vapor
464.58	45.000	13.801	0.072456	3032.2	3358.3	6.9236	1.7388	2.3282	646.07	0.56340	27.165	0.066226	vapor
465.62	45.000	13.779	0.072577	3034.1	3360.7	6.9269	1.7389	2.3275	646.59	0.56110	27.209	0.066343	vapor
466.67	45.000	13.756	0.072698	3036.0	3363.1	6.9302	1.7389	2.3268	647.11	0.55881	27.254	0.066461	vapor
467.71	45.000	13.733	0.072818	3037.9	3365.5	6.9334	1.7390	2.3260	647.62	0.55653	27.298	0.066578	vapor
468.75	45.000	13.710	0.072939	3039.7	3368.0	6.9367	1.7390	2.3254	648.13	0.55427	27.343	0.066696	vapor
469.79	45.000	13.688	0.073059	3041.6	3370.4	6.9400	1.7391	2.3247	648.65	0.55201	27.387	0.066814	vapor
470.83	45.000	13.665	0.073180	3043.5	3372.8	6.9432	1.7392	2.3240	649.16	0.54978	27.431	0.066932	vapor
471.87	45.000	13.643	0.073300	3045.4	3375.2	6.9465	1.7393	2.3233	649.67	0.54755	27.476	0.067051	vapor
472.92	45.000	13.620	0.073420	3047.3	3377.6	6.9497	1.7393	2.3227	650.18	0.54534	27.520	0.067169	vapor
473.96	45.000	13.598	0.073540	3049.1	3380.1	6.9530	1.7394	2.3221	650.69	0.54314	27.564	0.067288	vapor
475.00	45.000	13.576	0.073660	3051.0	3382.5	6.9562	1.7395	2.3215	651.20	0.54095	27.608	0.067407	vapor
476.04	45.000	13.554	0.073780	3052.9	3384.9	6.9594	1.7397	2.3208	651.71	0.53878	27.653	0.067526	vapor
477.08	45.000	13.532	0.073900	3054.8	3387.3	6.9626	1.7398	2.3203	652.22	0.53662	27.697	0.067646	vapor
478.12	45.000	13.510	0.074020	3056.6	3389.7	6.9659	1.7399	2.3197	652.72	0.53447	27.741	0.067765	vapor
479.17	45.000	13.488	0.074140	3058.5	3392.1	6.9691	1.7400	2.3191	653.23	0.53233	27.785	0.067885	vapor
480.21	45.000	13.466	0.074260	3060.4	3394.6	6.9723	1.7402	2.3186	653.73	0.53020	27.829	0.068005	vapor
481.25	45.000	13.445	0.074379	3062.3	3397.0	6.9755	1.7403	2.3180	654.24	0.52809	27.873	0.068125	vapor
482.29	45.000	13.423	0.074499	3064.1	3399.4	6.9787	1.7404	2.3175	654.74	0.52599	27.918	0.068245	vapor
483.33	45.000	13.402	0.074618	3066.0	3401.8	6.9819	1.7406	2.3170	655.24	0.52390	27.962	0.068366	vapor
484.37	45.000	13.380	0.074738	3067.9	3404.2	6.9851	1.7408	2.3165	655.74	0.52182	28.006	0.068487	vapor
485.42	45.000	13.359	0.074857	3069.8	3406.6	6.9882	1.7409	2.3160	656.24	0.51976	28.050	0.068608	vapor
486.46	45.000	13.338	0.074976	3071.6	3409.0	6.9914	1.7411	2.3155	656.74	0.51770	28.094	0.068729	vapor
487.50	45.000	13.316	0.075096	3073.5	3411.5	6.9946	1.7413	2.3150	657.24	0.51566	28.138	0.068850	vapor
488.54	45.000	13.295	0.075215	3075.4	3413.9	6.9978	1.7414	2.3145	657.74	0.51363	28.182	0.068971	vapor
489.58	45.000	13.274	0.075334	3077.3	3416.3	7.0009	1.7416	2.3141	658.24	0.51161	28.226	0.069093	vapor
490.62	45.000	13.253	0.075453	3079.1	3418.7	7.0041	1.7418	2.3136	658.73	0.50960	28.270	0.069215	vapor
491.67	45.000	13.232	0.075572	3081.0	3421.1	7.0072	1.7420	2.3132	659.23	0.50760	28.314	0.069337	vapor
492.71	45.000	13.212	0.075691	3082.9	3423.5	7.0104	1.7422	2.3128	659.73	0.50561	28.358	0.069459	vapor
493.75	45.000	13.191	0.075810	3084.8	3425.9	7.0135	1.7424	2.3124	660.22	0.50364	28.402	0.069581	vapor
494.79	45.000	13.170	0.075928	3086.6	3428.3	7.0167	1.7426	2.3120	660.71	0.50167	28.446	0.069703	vapor
495.83	45.000	13.150	0.076047	3088.5	3430.7	7.0198	1.7428	2.3116	661.21	0.49972	28.489	0.069826	vapor
496.87	45.000	13.129	0.076166	3090.4	3433.1	7.0229	1.7431	2.3112	661.70	0.49778	28.533	0.069949	vapor
497.92	45.000	13.109	0.076284	3092.3	3435.5	7.0261	1.7433	2.3108	662.19	0.49584	28.577	0.070072	vapor
498.96	45.000	13.089	0.076403	3094.1	3438.0	7.0292	1.7435	2.3105	662.68	0.49392	28.621	0.070195	vapor
500.00	45.000	13.068	0.076521	3096.0	3440.4	7.0323	1.7437	2.3101	663.17	0.49201	28.665	0.070318	vapor
501.04	45.000	13.048	0.076640	3097.9	3442.8	7.0354	1.7440	2.3098	663.66	0.49011	28.709	0.070442	vapor
502.08	45.000	13.028	0.076758	3099.8	3445.2	7.0385	1.7442	2.3095	664.15	0.48822	28.752	0.070565	vapor
503.12	45.000	13.008	0.076876	3101.6	3447.6	7.0416	1.7445	2.3091	664.63	0.48634	28.796	0.070689	vapor
504.17	45.000	12.988	0.076994	3103.5	3450.0	7.0447	1.7447	2.3088	665.12	0.48447	28.840	0.070813	vapor
505.21	45.000	12.968	0.077112	3105.4	3452.4	7.0478	1.7450	2.3085	665.61	0.48261	28.883	0.070937	vapor
506.25	45.000	12.948	0.077231	3107.3	3454.8	7.0509	1.7452	2.3082	666.09	0.48076	28.927	0.071061	vapor
507.29	45.000	12.928	0.077349	3109.1	3457.2	7.0540	1.7455	2.3079	666.58	0.47892	28.971	0.071186	vapor
508.33	45.000	12.909	0.077466	3111.0	3459.6	7.0570	1.7458	2.3077	667.06	0.47709	29.014	0.071310	vapor
509.37	45.000	12.889	0.077584	3112.9	3462.0	7.0601	1.7461	2.3074	667.54	0.47527	29.058	0.071435	vapor
510.42	45.000	12.870	0.077702	3114.7	3464.4	7.0632	1.7463	2.3071	668.03	0.47346	29.102	0.071560	vapor
511.46	45.000	12.850	0.077820	3116.6	3466.8	7.0663	1.7466	2.3069	668.51	0.47166	29.145	0.071685	vapor
512.50	45.000	12.831	0.077938	3118.5	3469.2	7.0693	1.7469	2.3066	668.99	0.46986	29.189	0.071810	vapor
513.54	45.000	12.811	0.078055	3120.4	3471.6	7.0724	1.7472	2.3064	669.47	0.46808	29.232	0.071935	vapor
514.58	45.000	12.792	0.078173	3122.2	3474.0	7.0754	1.7475	2.3062	669.95	0.46631	29.276	0.072061	vapor
515.62	45.000	12.773	0.078291	3124.1	3476.4	7.0785	1.7478	2.3060	670.43	0.46455	29.320	0.072186	vapor
516.67	45.000	12.754	0.078408	3126.0	3478.8	7.0815	1.7481	2.3058	670.91	0.46279	29.363	0.072312	vapor
517.71	45.000	12.735	0.078526	3127.9	3481.2	7.0846	1.7484	2.3056	671.38	0.46105	29.406	0.072438	vapor
518.75	45.000	12.716	0.078643	3129.7	3483.6	7.0876	1.7487	2.3054	671.86	0.45931	29.450	0.072564	vapor
519.79	45.000	12.697	0.078760	3131.6	3486.0	7.0906	1.7490	2.3052	672.34	0.45759	29.493	0.072690	vapor
520.83	45.000	12.678	0.078878	3133.5	3488.4	7.0936	1.7493	2.3050	672.81	0.45587	29.537	0.072817	vapor
521.87	45.000	12.659	0.078995	3135.4	3490.8	7.0967	1.7497	2.3048	673.29	0.45416	29.580	0.072943	vapor
522.92	45.000	12.640	0.079112	3137.2	3493.2	7.0997	1.7500	2.3047	673.76	0.45246	29.624	0.073070	vapor
523.96	45.000	12.622	0.079229	3139.1	3495.6	7.1027	1.7503	2.3045	674.23	0.45077	29.667	0.073197	vapor
525.00	45.000	12.603	0.079346	3141.0	3498.0	7.1057	1.7506	2.3044	674.71	0.44909	29.710	0.073324	vapor
526.04	45.000	12.584	0.079463	3142.8	3500.4	7.1087	1.7510	2.3042	675.18	0.44742	29.754	0.073451	vapor
527.08	45.000	12.566	0.079580	3144.7	3502.8	7.1117	1.7513	2.3041	675.65	0.44576	29.797	0.073578	vapor
528.12	45.000	12.547	0.079697	3146.6	3505.2	7.1147	1.7517	2.3039	676.12	0.44410	29.840	0.073705	vapor
529.17	45.000	12.529	0.079814	3148.5	3507.6	7.1177	1.7520	2.3038	676.59	0.44245	29.884	0.073833	vapor
530.21	45.000	12.511	0.079931	3150.3	3510.0	7.1207	1.7524	2.3037	677.06	0.44082	29.927	0.073960	vapor
531.25	45.000	12.493	0.080048	3152.2	3512.4	7.1237	1.7527	2.3036	677.53	0.43919	29.970	0.074088	vapor
532.29	45.000	12.474	0.080165	3154.1	3514.8	7.1267	1.7531	2.3035	678.00	0.43756	30.013	0.074216	vapor
533.33	45.000	12.456	0.080281	3156.0	3517.2	7.1296	1.7534	2.3034	678.47	0.43595	30.057	0.074344	vapor
534.37	45.000	12.438	0.080398	3157.8	3519.6	7.1326	1.7538	2.3033	678.93	0.43435	30.100	0.074472	vapor
535.42	45.000	12.420	0.080514	3159.7	3522.0	7.1356	1.7542	2.3033	679.40	0.43275	30.143	0.074600	vapor
536.46	45.000	12.402	0.080631	3161.6	3524.4	7.1385	1.7545	2.3032	679.87	0.43116	30.186	0.074729	vapor
537.50	45.000	12.384	0.080747	3163.5	3526.8	7.1415	1.7549	2.3031	680.33	0.42958	30.229	0.074857	vapor
538.54	45.000	12.366	0.080864	3165.3	3529.2	7.1445	1.7553	2.3031	680.80	0.42801	30.272	0.074986	vapor
539.58	45.000	12.349	0.080980	3167.2	3531.6	7.1474	1.7557	2.3030	681.26	0.42644	30.316	0.075115	vapor
540.62	45.000	12.331	0.081097	3169.1	3534.0	7.1504	1.7560	2.3030	681.72	0.42489	30.359	0.075244	vapor
541.67	45.000	12.313	0.081213	3171.0	3536.4	7.1533	1.7564	2.3029	682.19	0.42334	30.402	0.075373	vapor
542.71	45.000	12.296	0.081329	3172.8	3538.8	7.1563	1.7568	2.3029	682.65	0.42180	30.445	0.075502	vapor
543.75	45.000	12.278	0.081445	3174.7	3541.2	7.1592	1.7572	2.3028	683.11	0.42027	30.488	0.075631	vapor
544.79	45.000	12.261	0.081562	3176.6	3543.6	7.1621	1.7576	2.3028	683.57	0.41874	30.531	0.075761	vapor
545.83	45.000	12.243	0.081678	3178.5	3546.0	7.1651	1.7580	2.3028	684.03	0.41722	30.574	0.075890	vapor
546.87	45.000	12.226	0.081794	3180.3	3548.4	7.1680	1.7584	2.3028	684.49	0.41571	30.617	0.076020	vapor
547.92	45.000	12.209	0.081910	3182.2	3550.8	7.1709	1.7588	2.3028	684.95	0.41421	30.660	0.076150	vapor
548.96	45.000	12.191	0.082026	3184.1	3553.2	7.1738	1.7592	2.3028	685.41	0.41272	30.703	0.076279	vapor
550.00	45.000	12.174	0.082142	3186.0	3555.6	7.1767	1.7596	2.3028	685.87	0.41123	30.746	0.076409	vapor
551.04	45.000	12.157	0.082258	3187.9	3558.0	7.1797	1.7600	2.3028	686.33	0.40975	30.789	0.076540	vapor
552.08	45.000	12.140	0.082374	3189.7	3560.4	7.1826	1.7604	2.3028	686.78	0.40828	30.832	0.076670	vapor
553.12	45.000	12.123	0.082489	3191.6	3562.8	7.1855	1.7609	2.3029	687.24	0.40681	30.874	0.076800	vapor
554.17	45.000	12.106	0.082605	3193.5	3565.2	7.1884	1.7613	2.3029	687.70	0.40535	30.917	0.076931	vapor
555.21	45.000	12.089	0.082721	3195.4	3567.6	7.1913	1.7617	2.3029	688.15	0.40390	30.960	0.077061	vapor
556.25	45.000	12.072	0.082837	3197.2	3570.0	7.1942	1.7621	2.3030	688.61	0.40246	31.003	0.077192	vapor
557.29	45.000	12.055	0.082952	3199.1	3572.4	7.1971	1.7626	2.3030	689.06	0.40102	31.046	0.077323	vapor
558.33	45.000	12.038	0.083068	3201.0	3574.8	7.1999	1.7630	2.3030	689.51	0.39959	31.089	0.077454	vapor
559.37	45.000	12.022	0.083183	3202.9	3577.2	7.2028	1.7634	2.3031	689.97	0.39817	31.131	0.077585	vapor
560.42	45.000	12.005	0.083299	3204.8	3579.6	7.2057	1.7639	2.3032	690.42	0.39676	31.174	0.077716	vapor
561.46	45.000	11.988	0.083415	3206.6	3582.0	7.2086	1.7643	2.3032	690.87	0.39535	31.217	0.077847	vapor
562.50	45.000	11.972	0.083530	3208.5	3584.4	7.2115	1.7647	2.3033	691.32	0.39395	31.260	0.077979	vapor
563.54	45.000	11.955	0.083645	3210.4	3586.8	7.2143	1.7652	2.3034	691.77	0.39255	31.302	0.078110	vapor
564.58	45.000	11.939	0.083761	3212.3	3589.2	7.2172	1.7656	2.3035	692.22	0.39116	31.345	0.078242	vapor
565.62	45.000	11.922	0.083876	3214.2	3591.6	7.2200	1.7661	2.3035	692.67	0.38978	31.388	0.078373	vapor
566.67	45.000	11.906	0.083991	3216.0	3594.0	7.2229	1.7665	2.3036	693.12	0.38841	31.430	0.078505	vapor
567.71	45.000	11.890	0.084107	3217.9	3596.4	7.2258	1.7670	2.3037	693.57	0.38704	31.473	0.078637	vapor
568.75	45.000	11.873	0.084222	3219.8	3598.8	7.2286	1.7674	2.3038	694.02	0.38568	31.516	0.078769	vapor
569.79	45.000	11.857	0.084337	3221.7	3601.2	7.2315	1.7679	2.3039	694.47	0.38432	31.558	0.078901	vapor
570.83	45.000	11.841	0.084452	3223.6	3603.6	7.2343	1.7683	2.3040	694.91	0.38298	31.601	0.079033	vapor
571.87	45.000	11.825	0.084567	3225.4	3606.0	7.2372	1.7688	2.3042	695.36	0.38164	31.643	0.079166	vapor
572.92	45.000	11.809	0.084682	3227.3	3608.4	7.2400	1.7693	2.3043	695.81	0.38030	31.686	0.079298	vapor
573.96	45.000	11.793	0.084797	3229.2	3610.8	7.2428	1.7697	2.3044	696.25	0.37897	31.729	0.079431	vapor
575.00	45.000	11.777	0.084912	3231.1	3613.2	7.2457	1.7702	2.3045	696.70	0.37765	31.771	0.079563	vapor
576.04	45.000	11.761	0.085027	3233.0	3615.6	7.2485	1.7707	2.3047	697.14	0.37633	31.814	0.079696	vapor
577.08	45.000	11.745	0.085142	3234.9	3618.0	7.2513	1.7711	2.3048	697.58	0.37502	31.856	0.079829	vapor
578.12	45.000	11.729	0.085257	3236.7	3620.4	7.2541	1.7716	2.3049	698.03	0.37372	31.899	0.079962	vapor
579.17	45.000	11.713	0.085372	3238.6	3622.8	7.2570	1.7721	2.3051	698.47	0.37242	31.941	0.080095	vapor
580.21	45.000	11.698	0.085487	3240.5	3625.2	7.2598	1.7726	2.3052	698.91	0.37113	31.983	0.080228	vapor
581.25	45.000	11.682	0.085602	3242.4	3627.6	7.2626	1.7731	2.3054	699.36	0.36985	32.026	0.080361	vapor
582.29	45.000	11.666	0.085716	3244.3	3630.0	7.2654	1.7735	2.3056	699.80	0.36857	32.068	0.080494	vapor
583.33	45.000	11.651	0.085831	3246.2	3632.4	7.2682	1.7740	2.3057	700.24	0.36729	32.111	0.080628	vapor
584.37	45.000	11.635	0.085946	3248.1	3634.8	7.2710	1.7745	2.3059	700.68	0.36603	32.153	0.080761	vapor
585.42	45.000	11.620	0.086060	3249.9	3637.2	7.2738	1.7750	2.3061	701.12	0.36477	32.195	0.080895	vapor
586.46	45.000	11.604	0.086175	3251.8	3639.6	7.2766	1.7755	2.3062	701.56	0.36351	32.238	0.081029	vapor
587.50	45.000	11.589	0.086290	3253.7	3642.0	7.2794	1.7760	2.3064	702.00	0.36226	32.280	0.081162	vapor
588.54	45.000	11.574	0.086404	3255.6	3644.4	7.2822	1.7765	2.3066	702.43	0.36102	32.322	0.081296	vapor
589.58	45.000	11.558	0.086519	3257.5	3646.8	7.2850	1.7770	2.3068	702.87	0.35978	32.365	0.081430	vapor
590.62	45.000	11.543	0.086633	3259.4	3649.2	7.2877	1.7775	2.3070	703.31	0.35855	32.407	0.081564	vapor
591.67	45.000	11.528	0.086747	3261.3	3651.6	7.2905	1.7780	2.3072	703.75	0.35732	32.449	0.081698	vapor
592.71	45.000	11.513	0.086862	3263.2	3654.0	7.2933	1.7785	2.3074	704.18	0.35610	32.491	0.081832	vapor
593.75	45.000	11.497	0.086976	3265.0	3656.4	7.2961	1.7790	2.3076	704.62	0.35489	32.534	0.081967	vapor
594.79	45.000	11.482	0.087091	3266.9	3658.8	7.2989	1.7795	2.3078	705.05	0.35368	32.576	0.082101	vapor
595.83	45.000	11.467	0.087205	3268.8	3661.2	7.3016	1.7800	2.3080	705.49	0.35248	32.618	0.082236	vapor
596.87	45.000	11.452	0.087319	3270.7	3663.6	7.3044	1.7805	2.3082	705.92	0.35128	32.660	0.082370	vapor
597.92	45.000	11.437	0.087433	3272.6	3666.1	7.3071	1.7810	2.3084	706.36	0.35009	32.702	0.082505	vapor
598.96	45.000	11.422	0.087548	3274.5	3668.5	7.3099	1.7815	2.3086	706.79	0.34890	32.744	0.082639	vapor
600.00	45.000	11.407	0.087662	3276.4	3670.9	7.3127	1.7820	2.3089	707.22	0.34772	32.787	0.082774	vapor
601.04	45.000	11.393	0.087776	3278.3	3673.3	7.3154	1.7826	2.3091	707.66	0.34654	32.829	0.082909	vapor
602.08	45.000	11.378	0.087890	3280.2	3675.7	7.3182	1.7831	2.3093	708.09	0.34537	32.871	0.083044	vapor
603.12	45.000	11.363	0.088004	3282.1	3678.1	7.3209	1.7836	2.3096	708.52	0.34421	32.913	0.083179	vapor
604.17	45.000	11.348	0.088118	3284.0	3680.5	7.3237	1.7841	2.3098	708.95	0.34305	32.955	0.083314	vapor
605.21	45.000	11.334	0.088232	3285.8	3682.9	7.3264	1.7846	2.3100	709.38	0.34189	32.997	0.083449	vapor
606.25	45.000	11.319	0.088346	3287.7	3685.3	7.3291	1.7852	2.3103	709.81	0.34074	33.039	0.083585	vapor
607.29	45.000	11.305	0.088460	3289.6	3687.7	7.3319	1.7857	2.3105	710.24	0.33960	33.081	0.083720	vapor
608.33	45.000	11.290	0.088574	3291.5	3690.1	7.3346	1.7862	2.3108	710.67	0.33846	33.123	0.083855	vapor
609.37	45.000	11.275	0.088688	3293.4	3692.5	7.3373	1.7868	2.3110	711.10	0.33733	33.165	0.083991	vapor
610.42	45.000	11.261	0.088802	3295.3	3694.9	7.3401	1.7873	2.3113	711.53	0.33620	33.207	0.084127	vapor
611.46	45.000	11.247	0.088916	3297.2	3697.3	7.3428	1.7878	2.3116	711.96	0.33507	33.249	0.084262	vapor
612.50	45.000	11.232	0.089029	3299.1	3699.7	7.3455	1.7884	2.3118	712.39	0.33396	33.291	0.084398	vapor
613.54	45.000	11.218	0.089143	3301.0	3702.1	7.3482	1.7889	2.3121	712.81	0.33284	33.333	0.084534	vapor
614.58	45.000	11.204	0.089257	3302.9	3704.6	7.3509	1.7894	2.3124	713.24	0.33173	33.375	0.084670	vapor
615.62	45.000	11.189	0.089371	3304.8	3707.0	7.3536	1.7900	2.3126	713.67	0.33063	33.416	0.084806	vapor
616.67	45.000	11.175	0.089484	3306.7	3709.4	7.3564	1.7905	2.3129	714.09	0.32953	33.458	0.084942	vapor
617.71	45.000	11.161	0.089598	3308.6	3711.8	7.3591	1.7910	2.3132	714.52	0.32844	33.500	0.085078	vapor
618.75	45.000	11.147	0.089712	3310.5	3714.2	7.3618	1.7916	2.3135	714.94	0.32735	33.542	0.085214	vapor
619.79	45.000	11.133	0.089825	3312.4	3716.6	7.3645	1.7921	2.3138	715.37	0.32627	33.584	0.085350	vapor
620.83	45.000	11.119	0.089939	3314.3	3719.0	7.3672	1.7927	2.3141	715.79	0.32519	33.626	0.085486	vapor
621.87	45.000	11.105	0.090052	3316.2	3721.4	7.3699	1.7932	2.3144	716.21	0.32412	33.667	0.085623	vapor
622.92	45.000	11.091	0.090166	3318.1	3723.8	7.3725	1.7938	2.3147	716.64	0.32305	33.709	0.085759	vapor
623.96	45.000	11.077	0.090279	3320.0	3726.2	7.3752	1.7943	2.3150	717.06	0.32198	33.751	0.085896	vapor
625.00	45.000	11.063	0.090393	3321.9	3728.7	7.3779	1.7949	2.3153	717.48	0.32092	33.792	0.086032	vapor
626.04	45.000	11.049	0.090506	3323.8	3731.1	7.3806	1.7954	2.3156	717.90	0.31987	33.834	0.086169	vapor
627.08	45.000	11.035	0.090620	3325.7	3733.5	7.3833	1.7960	2.3159	718.33	0.31882	33.876	0.086306	vapor
628.12	45.000	11.021	0.090733	3327.6	3735.9	7.3860	1.7965	2.3162	718.75	0.31777	33.918	0.086443	vapor
629.17	45.000	11.008	0.090846	3329.5	3738.3	7.3886	1.7971	2.3165	719.17	0.31673	33.959	0.086579	vapor
630.21	45.000	10.994	0.090960	3331.4	3740.7	7.3913	1.7977	2.3168	719.59	0.31569	34.001	0.086716	vapor
631.25	45.000	10.980	0.091073	3333.3	3743.1	7.3940	1.7982	2.3171	720.01	0.31466	34.042	0.086853	vapor
632.29	45.000	10.967	0.091186	3335.2	3745.5	7.3967	1.7988	2.3175	720.43	0.31363	34.084	0.086990	vapor
633.33	45.000	10.953	0.091300	3337.1	3748.0	7.3993	1.7993	2.3178	720.85	0.31261	34.126	0.087128	vapor
634.37	45.000	10.939	0.091413	3339.0	3750.4	7.4020	1.7999	2.3181	721.26	0.31159	34.167	0.087265	vapor
635.42	45.000	10.926	0.091526	3340.9	3752.8	7.4046	1.8005	2.3184	721.68	0.31058	34.209	0.087402	vapor
636.46	45.000	10.912	0.091639	3342.8	3755.2	7.4073	1.8010	2.3188	722.10	0.30957	34.250	0.087539	vapor
637.50	45.000	10.899	0.091752	3344.7	3757.6	7.4100	1.8016	2.3191	722.52	0.30856	34.292	0.087677	vapor
638.54	45.000	10.885	0.091866	3346.6	3760.0	7.4126	1.8022	2.3194	722.93	0.30756	34.333	0.087814	vapor
639.58	45.000	10.872	0.091979	3348.6	3762.5	7.4153	1.8027	2.3198	723.35	0.30657	34.375	0.087952	vapor
640.62	45.000	10.859	0.092092	3350.5	3764.9	7.4179	1.8033	2.3201	723.77	0.30557	34.416	0.088089	vapor
641.67	45.000	10.845	0.092205	3352.4	3767.3	7.4205	1.8039	2.3205	724.18	0.30459	34.458	0.088227	vapor
642.71	45.000	10.832	0.092318	3354.3	3769.7	7.4232	1.8045	2.3208	724.60	0.30360	34.499	0.088365	vapor
643.75	45.000	10.819	0.092431	3356.2	3772.1	7.4258	1.8050	2.3212	725.01	0.30262	34.541	0.088502	vapor
644.79	45.000	10.806	0.092544	3358.1	3774.5	7.4285	1.8056	2.3215	725.43	0.30165	34.582	0.088640	vapor
645.83	45.000	10.793	0.092657	3360.0	3777.0	7.4311	1.8062	2.3219	725.84	0.30068	34.624	0.088778	vapor
646.87	45.000	10.779	0.092770	3361.9	3779.4	7.4337	1.8068	2.3222	726.26	0.29971	34.665	0.088916	vapor
647.92	45.000	10.766	0.092883	3363.8	3781.8	7.4363	1.8073	2.3226	726.67	0.29875	34.706	0.089054	vapor
648.96	45.000	10.753	0.092995	3365.7	3784.2	7.4390	1.8079	2.3230	727.08	0.29779	34.748	0.089192	vapor
650.00	45.000	10.740	0.093108	3367.7	3786.6	7.4416	1.8085	2.3233	727.49	0.29684	34.789	0.089330	vapor
