Temperature (K)	Pressure (bar)	Density (kg/m3)	Volume (m3/kg)	Internal Energy (kJ/mol)	Enthalpy (kJ/mol)	Entropy (J/mol*K)	Cv (J/mol*K)	Cp (J/mol*K)	Sound Spd. (m/s)	Joule-Thomson (K/bar)	Viscosity (uPa*s)	Therm. Cond. (W/m*K)	Phase
273.16	1.0000	999.84	0.0010002	3.3200e-05	0.0018350	0.00012137	75.970	76.014	1402.4	-0.024141	1790.9	0.56109	liquid
274.83	1.0000	999.93	0.0010001	0.12662	0.12842	0.46213	75.902	75.916	1410.7	-0.023981	1691.7	0.56426	liquid
276.49	1.0000	999.97	0.0010000	0.25305	0.25486	0.92079	75.829	75.830	1418.6	-0.023825	1600.9	0.56742	liquid
278.16	1.0000	999.97	0.0010000	0.37935	0.38116	1.3762	75.752	75.755	1426.2	-0.023675	1517.7	0.57059	liquid
279.83	1.0000	999.92	0.0010001	0.50553	0.50734	1.8285	75.670	75.688	1433.5	-0.023529	1441.2	0.57376	liquid
281.49	1.0000	999.83	0.0010002	0.63161	0.63341	2.2777	75.584	75.629	1440.6	-0.023387	1370.7	0.57692	liquid
283.16	1.0000	999.70	0.0010003	0.75759	0.75939	2.7239	75.494	75.577	1447.3	-0.023250	1305.6	0.58006	liquid
284.82	1.0000	999.54	0.0010005	0.88349	0.88530	3.1673	75.400	75.531	1453.8	-0.023116	1245.3	0.58319	liquid
286.49	1.0000	999.34	0.0010007	1.0093	1.0111	3.6078	75.303	75.491	1460.0	-0.022985	1189.3	0.58631	liquid
288.16	1.0000	999.10	0.0010009	1.1351	1.1369	4.0455	75.203	75.456	1466.0	-0.022857	1137.3	0.58939	liquid
289.82	1.0000	998.83	0.0010012	1.2608	1.2626	4.4805	75.099	75.426	1471.7	-0.022733	1088.9	0.59245	liquid
291.49	1.0000	998.53	0.0010015	1.3865	1.3883	4.9129	74.993	75.399	1477.1	-0.022611	1043.7	0.59548	liquid
293.16	1.0000	998.21	0.0010018	1.5121	1.5139	5.3426	74.883	75.377	1482.4	-0.022491	1001.4	0.59847	liquid
294.82	1.0000	997.85	0.0010022	1.6377	1.6395	5.7698	74.771	75.357	1487.4	-0.022374	961.88	0.60143	liquid
296.49	1.0000	997.46	0.0010025	1.7633	1.7651	6.1945	74.656	75.341	1492.2	-0.022259	924.79	0.60434	liquid
298.16	1.0000	997.05	0.0010030	1.8888	1.8906	6.6167	74.539	75.328	1496.7	-0.022146	889.96	0.60720	liquid
299.82	1.0000	996.60	0.0010034	2.0143	2.0161	7.0365	74.419	75.316	1501.1	-0.022035	857.20	0.61002	liquid
301.49	1.0000	996.14	0.0010039	2.1398	2.1416	7.4539	74.297	75.307	1505.2	-0.021926	826.35	0.61279	liquid
303.16	1.0000	995.65	0.0010044	2.2653	2.2671	7.8690	74.173	75.301	1509.2	-0.021819	797.26	0.61551	liquid
304.82	1.0000	995.13	0.0010049	2.3908	2.3926	8.2818	74.046	75.296	1512.9	-0.021713	769.79	0.61817	liquid
306.49	1.0000	994.59	0.0010054	2.5162	2.5180	8.6923	73.917	75.292	1516.5	-0.021608	743.82	0.62078	liquid
308.15	1.0000	994.03	0.0010060	2.6417	2.6435	9.1005	73.787	75.291	1519.9	-0.021505	719.25	0.62333	liquid
309.82	1.0000	993.45	0.0010066	2.7672	2.7690	9.5066	73.654	75.290	1523.0	-0.021404	695.97	0.62582	liquid
311.49	1.0000	992.84	0.0010072	2.8926	2.8944	9.9105	73.519	75.291	1526.1	-0.021303	673.89	0.62826	liquid
313.15	1.0000	992.21	0.0010078	3.0181	3.0199	10.312	73.383	75.293	1528.9	-0.021203	652.93	0.63063	liquid
314.82	1.0000	991.57	0.0010085	3.1436	3.1454	10.712	73.245	75.297	1531.6	-0.021105	633.02	0.63295	liquid
316.49	1.0000	990.90	0.0010092	3.2690	3.2709	11.109	73.106	75.301	1534.1	-0.021007	614.07	0.63520	liquid
318.15	1.0000	990.21	0.0010099	3.3945	3.3963	11.505	72.965	75.306	1536.4	-0.020910	596.04	0.63739	liquid
319.82	1.0000	989.50	0.0010106	3.5200	3.5218	11.898	72.822	75.313	1538.6	-0.020814	578.85	0.63952	liquid
321.49	1.0000	988.78	0.0010113	3.6455	3.6473	12.290	72.678	75.320	1540.7	-0.020719	562.47	0.64159	liquid
323.15	1.0000	988.03	0.0010121	3.7710	3.7729	12.679	72.533	75.328	1542.6	-0.020625	546.83	0.64360	liquid
324.82	1.0000	987.27	0.0010129	3.8966	3.8984	13.067	72.386	75.337	1544.3	-0.020531	531.89	0.64554	liquid
326.48	1.0000	986.49	0.0010137	4.0221	4.0239	13.452	72.238	75.347	1545.9	-0.020437	517.62	0.64743	liquid
328.15	1.0000	985.69	0.0010145	4.1477	4.1495	13.836	72.090	75.357	1547.4	-0.020344	503.97	0.64926	liquid
329.82	1.0000	984.88	0.0010154	4.2733	4.2751	14.217	71.940	75.368	1548.7	-0.020251	490.90	0.65102	liquid
331.48	1.0000	984.04	0.0010162	4.3989	4.4007	14.597	71.789	75.380	1549.9	-0.020159	478.39	0.65273	liquid
333.15	1.0000	983.20	0.0010171	4.5245	4.5263	14.975	71.637	75.393	1551.0	-0.020067	466.39	0.65439	liquid
334.82	1.0000	982.33	0.0010180	4.6501	4.6520	15.351	71.485	75.407	1551.9	-0.019975	454.89	0.65598	liquid
336.48	1.0000	981.45	0.0010189	4.7758	4.7776	15.726	71.331	75.421	1552.7	-0.019883	443.86	0.65752	liquid
338.15	1.0000	980.55	0.0010198	4.9015	4.9033	16.099	71.177	75.436	1553.4	-0.019792	433.26	0.65900	liquid
339.82	1.0000	979.64	0.0010208	5.0272	5.0291	16.469	71.023	75.451	1554.0	-0.019700	423.09	0.66043	liquid
341.48	1.0000	978.71	0.0010218	5.1530	5.1548	16.839	70.868	75.468	1554.4	-0.019609	413.30	0.66180	liquid
343.15	1.0000	977.76	0.0010227	5.2787	5.2806	17.206	70.712	75.485	1554.7	-0.019518	403.90	0.66313	liquid
344.82	1.0000	976.81	0.0010237	5.4045	5.4064	17.572	70.556	75.503	1555.0	-0.019426	394.85	0.66440	liquid
346.48	1.0000	975.83	0.0010248	5.5304	5.5322	17.936	70.399	75.522	1555.1	-0.019335	386.14	0.66562	liquid
348.15	1.0000	974.84	0.0010258	5.6562	5.6581	18.298	70.242	75.542	1555.1	-0.019243	377.75	0.66679	liquid
349.81	1.0000	973.84	0.0010269	5.7821	5.7840	18.659	70.085	75.562	1555.0	-0.019151	369.67	0.66791	liquid
351.48	1.0000	972.82	0.0010279	5.9081	5.9099	19.018	69.928	75.583	1554.7	-0.019059	361.87	0.66898	liquid
353.15	1.0000	971.79	0.0010290	6.0340	6.0359	19.376	69.771	75.606	1554.4	-0.018966	354.36	0.67001	liquid
354.81	1.0000	970.75	0.0010301	6.1600	6.1619	19.732	69.613	75.629	1554.0	-0.018873	347.11	0.67100	liquid
356.48	1.0000	969.69	0.0010313	6.2861	6.2879	20.086	69.455	75.653	1553.5	-0.018780	340.11	0.67193	liquid
358.15	1.0000	968.61	0.0010324	6.4122	6.4140	20.439	69.298	75.678	1552.9	-0.018687	333.36	0.67283	liquid
359.81	1.0000	967.53	0.0010336	6.5383	6.5402	20.790	69.140	75.703	1552.2	-0.018593	326.83	0.67368	liquid
361.48	1.0000	966.43	0.0010347	6.6645	6.6663	21.140	68.982	75.730	1551.4	-0.018498	320.52	0.67449	liquid
363.15	1.0000	965.31	0.0010359	6.7907	6.7925	21.488	68.825	75.758	1550.5	-0.018403	314.42	0.67527	liquid
364.81	1.0000	964.18	0.0010371	6.9169	6.9188	21.835	68.668	75.787	1549.5	-0.018307	308.53	0.67600	liquid
366.48	1.0000	963.04	0.0010384	7.0433	7.0451	22.181	68.511	75.816	1548.4	-0.018211	302.82	0.67669	liquid
368.14	1.0000	961.89	0.0010396	7.1696	7.1715	22.525	68.354	75.847	1547.2	-0.018114	297.30	0.67734	liquid
369.81	1.0000	960.72	0.0010409	7.2960	7.2979	22.867	68.197	75.879	1545.9	-0.018017	291.95	0.67796	liquid
371.48	1.0000	959.54	0.0010422	7.4225	7.4244	23.209	68.041	75.912	1544.6	-0.017918	286.78	0.67854	liquid
372.76	1.0000	958.63	0.0010432	7.5196	7.5214	23.470	67.921	75.938	1543.5	-0.017843	282.91	0.67897	liquid
372.76	1.0000	0.59034	1.6939	45.138	48.190	132.57	28.010	37.444	471.99	6.7038	12.256	0.025053	vapor
373.14	1.0000	0.58968	1.6958	45.149	48.204	132.61	27.987	37.411	472.27	6.6644	12.270	0.025078	vapor
374.81	1.0000	0.58685	1.7040	45.197	48.267	132.78	27.895	37.280	473.46	6.5012	12.332	0.025190	vapor
376.48	1.0000	0.58405	1.7122	45.244	48.329	132.94	27.813	37.162	474.63	6.3469	12.394	0.025303	vapor
378.14	1.0000	0.58128	1.7203	45.291	48.391	133.11	27.739	37.054	475.79	6.2003	12.457	0.025418	vapor
379.81	1.0000	0.57855	1.7285	45.338	48.452	133.27	27.671	36.954	476.95	6.0605	12.519	0.025533	vapor
381.48	1.0000	0.57584	1.7366	45.385	48.514	133.43	27.610	36.863	478.09	5.9268	12.581	0.025649	vapor
383.14	1.0000	0.57316	1.7447	45.432	48.575	133.59	27.553	36.778	479.22	5.7985	12.644	0.025767	vapor
384.81	1.0000	0.57052	1.7528	45.479	48.636	133.75	27.501	36.699	480.34	5.6752	12.707	0.025885	vapor
386.48	1.0000	0.56790	1.7609	45.525	48.697	133.91	27.454	36.626	481.46	5.5564	12.770	0.026004	vapor
388.14	1.0000	0.56530	1.7690	45.571	48.758	134.07	27.409	36.557	482.57	5.4418	12.833	0.026125	vapor
389.81	1.0000	0.56274	1.7770	45.618	48.819	134.22	27.368	36.492	483.68	5.3311	12.896	0.026246	vapor
391.47	1.0000	0.56020	1.7851	45.664	48.880	134.38	27.329	36.431	484.78	5.2239	12.959	0.026368	vapor
393.14	1.0000	0.55769	1.7931	45.710	48.941	134.53	27.294	36.374	485.87	5.1202	13.023	0.026492	vapor
394.81	1.0000	0.55520	1.8012	45.756	49.001	134.69	27.260	36.320	486.95	5.0197	13.086	0.026616	vapor
396.47	1.0000	0.55274	1.8092	45.802	49.062	134.84	27.229	36.269	488.04	4.9223	13.150	0.026741	vapor
398.14	1.0000	0.55030	1.8172	45.848	49.122	134.99	27.200	36.221	489.11	4.8277	13.214	0.026867	vapor
399.81	1.0000	0.54788	1.8252	45.894	49.182	135.14	27.173	36.175	490.18	4.7359	13.277	0.026994	vapor
401.47	1.0000	0.54549	1.8332	45.940	49.243	135.29	27.148	36.133	491.25	4.6468	13.341	0.027121	vapor
403.14	1.0000	0.54313	1.8412	45.986	49.303	135.44	27.124	36.092	492.31	4.5602	13.405	0.027250	vapor
404.81	1.0000	0.54078	1.8492	46.032	49.363	135.59	27.103	36.054	493.37	4.4760	13.470	0.027379	vapor
406.47	1.0000	0.53846	1.8572	46.077	49.423	135.74	27.082	36.018	494.42	4.3941	13.534	0.027510	vapor
408.14	1.0000	0.53616	1.8651	46.123	49.483	135.89	27.064	35.984	495.47	4.3145	13.598	0.027641	vapor
409.80	1.0000	0.53388	1.8731	46.168	49.543	136.03	27.046	35.952	496.51	4.2371	13.663	0.027772	vapor
411.47	1.0000	0.53162	1.8810	46.214	49.603	136.18	27.030	35.921	497.55	4.1617	13.727	0.027905	vapor
413.14	1.0000	0.52938	1.8890	46.260	49.663	136.32	27.015	35.893	498.59	4.0883	13.792	0.028038	vapor
414.80	1.0000	0.52716	1.8969	46.305	49.722	136.47	27.001	35.866	499.62	4.0169	13.857	0.028173	vapor
416.47	1.0000	0.52497	1.9049	46.350	49.782	136.61	26.989	35.841	500.65	3.9474	13.922	0.028308	vapor
418.14	1.0000	0.52279	1.9128	46.396	49.842	136.76	26.978	35.817	501.67	3.8796	13.987	0.028443	vapor
419.80	1.0000	0.52063	1.9207	46.441	49.902	136.90	26.967	35.794	502.69	3.8136	14.052	0.028580	vapor
421.47	1.0000	0.51849	1.9287	46.487	49.961	137.04	26.958	35.774	503.71	3.7493	14.117	0.028717	vapor
423.14	1.0000	0.51637	1.9366	46.532	50.021	137.18	26.950	35.754	504.72	3.6866	14.182	0.028855	vapor
424.80	1.0000	0.51427	1.9445	46.577	50.080	137.32	26.942	35.736	505.73	3.6256	14.248	0.028993	vapor
426.47	1.0000	0.51219	1.9524	46.623	50.140	137.46	26.935	35.719	506.74	3.5660	14.313	0.029132	vapor
428.14	1.0000	0.51012	1.9603	46.668	50.199	137.60	26.930	35.703	507.74	3.5079	14.379	0.029272	vapor
429.80	1.0000	0.50808	1.9682	46.713	50.259	137.74	26.925	35.688	508.74	3.4512	14.444	0.029413	vapor
431.47	1.0000	0.50605	1.9761	46.758	50.318	137.88	26.921	35.674	509.73	3.3960	14.510	0.029554	vapor
433.13	1.0000	0.50404	1.9840	46.804	50.378	138.01	26.917	35.662	510.73	3.3420	14.576	0.029696	vapor
434.80	1.0000	0.50204	1.9919	46.849	50.437	138.15	26.915	35.650	511.72	3.2894	14.642	0.029839	vapor
436.47	1.0000	0.50006	1.9998	46.894	50.497	138.29	26.913	35.639	512.70	3.2380	14.708	0.029982	vapor
438.13	1.0000	0.49810	2.0076	46.939	50.556	138.42	26.912	35.629	513.69	3.1879	14.774	0.030126	vapor
439.80	1.0000	0.49615	2.0155	46.984	50.615	138.56	26.911	35.621	514.67	3.1389	14.840	0.030270	vapor
441.47	1.0000	0.49422	2.0234	47.029	50.675	138.69	26.911	35.613	515.64	3.0911	14.906	0.030415	vapor
443.13	1.0000	0.49231	2.0312	47.075	50.734	138.83	26.911	35.605	516.62	3.0444	14.972	0.030561	vapor
444.80	1.0000	0.49041	2.0391	47.120	50.793	138.96	26.913	35.599	517.59	2.9987	15.038	0.030707	vapor
446.47	1.0000	0.48853	2.0470	47.165	50.853	139.09	26.914	35.593	518.56	2.9541	15.105	0.030854	vapor
448.13	1.0000	0.48666	2.0548	47.210	50.912	139.23	26.916	35.588	519.52	2.9105	15.171	0.031002	vapor
449.80	1.0000	0.48481	2.0627	47.255	50.971	139.36	26.919	35.584	520.48	2.8679	15.238	0.031150	vapor
451.46	1.0000	0.48297	2.0705	47.300	51.031	139.49	26.922	35.581	521.44	2.8263	15.304	0.031299	vapor
453.13	1.0000	0.48115	2.0784	47.346	51.090	139.62	26.926	35.578	522.40	2.7856	15.371	0.031448	vapor
454.80	1.0000	0.47934	2.0862	47.391	51.149	139.75	26.930	35.576	523.35	2.7458	15.438	0.031598	vapor
456.46	1.0000	0.47754	2.0941	47.436	51.208	139.88	26.935	35.574	524.31	2.7068	15.505	0.031748	vapor
458.13	1.0000	0.47576	2.1019	47.481	51.268	140.01	26.940	35.573	525.25	2.6687	15.572	0.031899	vapor
459.80	1.0000	0.47399	2.1097	47.526	51.327	140.14	26.945	35.573	526.20	2.6314	15.638	0.032051	vapor
461.46	1.0000	0.47224	2.1176	47.571	51.386	140.27	26.951	35.573	527.14	2.5950	15.705	0.032203	vapor
463.13	1.0000	0.47050	2.1254	47.617	51.445	140.40	26.957	35.573	528.09	2.5593	15.772	0.032356	vapor
464.80	1.0000	0.46877	2.1332	47.662	51.505	140.53	26.964	35.575	529.02	2.5243	15.840	0.032509	vapor
466.46	1.0000	0.46706	2.1410	47.707	51.564	140.65	26.971	35.576	529.96	2.4901	15.907	0.032662	vapor
468.13	1.0000	0.46536	2.1489	47.752	51.623	140.78	26.978	35.578	530.89	2.4566	15.974	0.032817	vapor
469.80	1.0000	0.46367	2.1567	47.797	51.683	140.91	26.986	35.581	531.83	2.4238	16.041	0.032971	vapor
471.46	1.0000	0.46200	2.1645	47.843	51.742	141.03	26.994	35.584	532.75	2.3917	16.109	0.033127	vapor
473.13	1.0000	0.46034	2.1723	47.888	51.801	141.16	27.002	35.587	533.68	2.3602	16.176	0.033282	vapor
474.79	1.0000	0.45869	2.1801	47.933	51.861	141.28	27.010	35.591	534.61	2.3293	16.243	0.033439	vapor
476.46	1.0000	0.45705	2.1880	47.978	51.920	141.41	27.019	35.596	535.53	2.2991	16.311	0.033595	vapor
478.13	1.0000	0.45542	2.1958	48.023	51.979	141.53	27.028	35.600	536.45	2.2695	16.379	0.033753	vapor
479.79	1.0000	0.45381	2.2036	48.069	52.038	141.66	27.038	35.605	537.36	2.2405	16.446	0.033910	vapor
481.46	1.0000	0.45221	2.2114	48.114	52.098	141.78	27.047	35.611	538.28	2.2120	16.514	0.034069	vapor
483.13	1.0000	0.45062	2.2192	48.159	52.157	141.90	27.057	35.617	539.19	2.1841	16.581	0.034227	vapor
484.79	1.0000	0.44904	2.2270	48.205	52.217	142.03	27.067	35.623	540.10	2.1567	16.649	0.034387	vapor
486.46	1.0000	0.44747	2.2348	48.250	52.276	142.15	27.078	35.629	541.01	2.1299	16.717	0.034546	vapor
488.13	1.0000	0.44591	2.2426	48.295	52.335	142.27	27.088	35.636	541.92	2.1036	16.785	0.034706	vapor
489.79	1.0000	0.44437	2.2504	48.341	52.395	142.39	27.099	35.643	542.82	2.0778	16.853	0.034867	vapor
491.46	1.0000	0.44283	2.2582	48.386	52.454	142.51	27.110	35.651	543.72	2.0524	16.921	0.035028	vapor
493.12	1.0000	0.44131	2.2660	48.431	52.513	142.63	27.122	35.658	544.62	2.0276	16.989	0.035190	vapor
494.79	1.0000	0.43980	2.2738	48.477	52.573	142.75	27.133	35.666	545.52	2.0032	17.057	0.035352	vapor
496.46	1.0000	0.43830	2.2816	48.522	52.632	142.87	27.145	35.674	546.42	1.9792	17.125	0.035514	vapor
498.12	1.0000	0.43681	2.2893	48.568	52.692	142.99	27.157	35.683	547.31	1.9557	17.193	0.035677	vapor
499.79	1.0000	0.43533	2.2971	48.613	52.751	143.11	27.169	35.692	548.20	1.9326	17.261	0.035840	vapor
501.46	1.0000	0.43386	2.3049	48.658	52.811	143.23	27.181	35.701	549.09	1.9100	17.329	0.036004	vapor
503.12	1.0000	0.43239	2.3127	48.704	52.870	143.35	27.193	35.710	549.98	1.8877	17.397	0.036168	vapor
504.79	1.0000	0.43094	2.3205	48.749	52.930	143.47	27.206	35.720	550.86	1.8659	17.466	0.036333	vapor
506.46	1.0000	0.42950	2.3283	48.795	52.989	143.58	27.219	35.729	551.75	1.8444	17.534	0.036498	vapor
508.12	1.0000	0.42807	2.3360	48.840	53.049	143.70	27.232	35.739	552.63	1.8233	17.602	0.036663	vapor
509.79	1.0000	0.42665	2.3438	48.886	53.108	143.82	27.245	35.750	553.51	1.8026	17.671	0.036829	vapor
511.46	1.0000	0.42524	2.3516	48.932	53.168	143.94	27.258	35.760	554.39	1.7823	17.739	0.036996	vapor
513.12	1.0000	0.42384	2.3594	48.977	53.228	144.05	27.271	35.771	555.26	1.7623	17.808	0.037162	vapor
514.79	1.0000	0.42245	2.3672	49.023	53.287	144.17	27.285	35.781	556.14	1.7426	17.876	0.037329	vapor
516.45	1.0000	0.42107	2.3749	49.068	53.347	144.28	27.298	35.792	557.01	1.7233	17.944	0.037497	vapor
518.12	1.0000	0.41969	2.3827	49.114	53.407	144.40	27.312	35.804	557.88	1.7043	18.013	0.037665	vapor
519.79	1.0000	0.41833	2.3905	49.160	53.466	144.51	27.326	35.815	558.75	1.6856	18.082	0.037833	vapor
521.45	1.0000	0.41697	2.3982	49.205	53.526	144.63	27.340	35.827	559.62	1.6672	18.150	0.038002	vapor
523.12	1.0000	0.41563	2.4060	49.251	53.586	144.74	27.354	35.838	560.48	1.6492	18.219	0.038171	vapor
524.79	1.0000	0.41429	2.4138	49.297	53.645	144.86	27.369	35.850	561.34	1.6314	18.287	0.038341	vapor
526.45	1.0000	0.41296	2.4215	49.343	53.705	144.97	27.383	35.862	562.20	1.6139	18.356	0.038511	vapor
528.12	1.0000	0.41164	2.4293	49.388	53.765	145.08	27.398	35.875	563.06	1.5968	18.425	0.038681	vapor
529.79	1.0000	0.41033	2.4371	49.434	53.825	145.20	27.412	35.887	563.92	1.5799	18.494	0.038852	vapor
531.45	1.0000	0.40902	2.4448	49.480	53.884	145.31	27.427	35.900	564.78	1.5632	18.562	0.039023	vapor
533.12	1.0000	0.40773	2.4526	49.526	53.944	145.42	27.442	35.912	565.63	1.5469	18.631	0.039195	vapor
534.78	1.0000	0.40644	2.4604	49.572	54.004	145.53	27.457	35.925	566.48	1.5307	18.700	0.039367	vapor
536.45	1.0000	0.40516	2.4681	49.618	54.064	145.65	27.472	35.938	567.34	1.5149	18.769	0.039539	vapor
538.12	1.0000	0.40389	2.4759	49.664	54.124	145.76	27.487	35.951	568.18	1.4993	18.838	0.039711	vapor
539.78	1.0000	0.40263	2.4837	49.709	54.184	145.87	27.502	35.965	569.03	1.4839	18.907	0.039884	vapor
541.45	1.0000	0.40138	2.4914	49.755	54.244	145.98	27.518	35.978	569.88	1.4688	18.976	0.040058	vapor
543.12	1.0000	0.40013	2.4992	49.801	54.304	146.09	27.533	35.991	570.72	1.4539	19.045	0.040232	vapor
544.78	1.0000	0.39890	2.5069	49.847	54.364	146.20	27.549	36.005	571.56	1.4393	19.113	0.040406	vapor
546.45	1.0000	0.39766	2.5147	49.893	54.424	146.31	27.564	36.019	572.40	1.4249	19.182	0.040580	vapor
548.12	1.0000	0.39644	2.5224	49.940	54.484	146.42	27.580	36.033	573.24	1.4106	19.251	0.040755	vapor
549.78	1.0000	0.39523	2.5302	49.986	54.544	146.53	27.596	36.047	574.08	1.3966	19.320	0.040930	vapor
551.45	1.0000	0.39402	2.5379	50.032	54.604	146.64	27.612	36.061	574.92	1.3829	19.390	0.041106	vapor
553.12	1.0000	0.39282	2.5457	50.078	54.664	146.75	27.628	36.075	575.75	1.3693	19.459	0.041282	vapor
554.78	1.0000	0.39163	2.5534	50.124	54.724	146.86	27.644	36.089	576.58	1.3559	19.528	0.041458	vapor
556.45	1.0000	0.39044	2.5612	50.170	54.784	146.96	27.660	36.104	577.42	1.3427	19.597	0.041634	vapor
558.11	1.0000	0.38926	2.5689	50.216	54.844	147.07	27.676	36.119	578.24	1.3297	19.666	0.041811	vapor
559.78	1.0000	0.38809	2.5767	50.263	54.905	147.18	27.692	36.133	579.07	1.3169	19.735	0.041989	vapor
561.45	1.0000	0.38693	2.5844	50.309	54.965	147.29	27.708	36.148	579.90	1.3043	19.804	0.042166	vapor
563.11	1.0000	0.38577	2.5922	50.355	55.025	147.39	27.725	36.163	580.72	1.2919	19.873	0.042344	vapor
564.78	1.0000	0.38462	2.5999	50.402	55.085	147.50	27.741	36.178	581.55	1.2796	19.942	0.042523	vapor
566.45	1.0000	0.38348	2.6077	50.448	55.146	147.61	27.758	36.193	582.37	1.2675	20.012	0.042701	vapor
568.11	1.0000	0.38235	2.6154	50.494	55.206	147.71	27.774	36.208	583.19	1.2556	20.081	0.042880	vapor
569.78	1.0000	0.38122	2.6232	50.541	55.266	147.82	27.791	36.223	584.01	1.2439	20.150	0.043060	vapor
571.45	1.0000	0.38009	2.6309	50.587	55.327	147.93	27.808	36.238	584.83	1.2323	20.219	0.043239	vapor
573.11	1.0000	0.37898	2.6387	50.634	55.387	148.03	27.825	36.254	585.64	1.2209	20.289	0.043419	vapor
574.78	1.0000	0.37787	2.6464	50.680	55.448	148.14	27.841	36.269	586.46	1.2097	20.358	0.043599	vapor
576.44	1.0000	0.37677	2.6542	50.727	55.508	148.24	27.858	36.285	587.27	1.1986	20.427	0.043780	vapor
578.11	1.0000	0.37567	2.6619	50.773	55.569	148.35	27.875	36.301	588.08	1.1876	20.496	0.043961	vapor
579.78	1.0000	0.37458	2.6696	50.820	55.629	148.45	27.892	36.316	588.89	1.1768	20.566	0.044142	vapor
581.44	1.0000	0.37350	2.6774	50.866	55.690	148.56	27.909	36.332	589.70	1.1662	20.635	0.044324	vapor
583.11	1.0000	0.37242	2.6851	50.913	55.750	148.66	27.926	36.348	590.51	1.1557	20.704	0.044506	vapor
584.78	1.0000	0.37135	2.6929	50.959	55.811	148.76	27.944	36.364	591.31	1.1453	20.773	0.044688	vapor
586.44	1.0000	0.37029	2.7006	51.006	55.871	148.87	27.961	36.380	592.12	1.1351	20.843	0.044870	vapor
588.11	1.0000	0.36923	2.7083	51.053	55.932	148.97	27.978	36.396	592.92	1.1250	20.912	0.045053	vapor
589.78	1.0000	0.36818	2.7161	51.100	55.993	149.07	27.996	36.412	593.72	1.1150	20.981	0.045236	vapor
591.44	1.0000	0.36713	2.7238	51.146	56.053	149.18	28.013	36.428	594.52	1.1052	21.051	0.045420	vapor
593.11	1.0000	0.36609	2.7316	51.193	56.114	149.28	28.030	36.445	595.32	1.0955	21.120	0.045603	vapor
594.78	1.0000	0.36506	2.7393	51.240	56.175	149.38	28.048	36.461	596.12	1.0859	21.190	0.045788	vapor
596.44	1.0000	0.36403	2.7470	51.287	56.236	149.48	28.065	36.477	596.91	1.0765	21.259	0.045972	vapor
598.11	1.0000	0.36301	2.7548	51.334	56.296	149.58	28.083	36.494	597.71	1.0672	21.328	0.046157	vapor
599.77	1.0000	0.36199	2.7625	51.380	56.357	149.69	28.101	36.511	598.50	1.0580	21.398	0.046341	vapor
601.44	1.0000	0.36098	2.7702	51.427	56.418	149.79	28.118	36.527	599.29	1.0489	21.467	0.046527	vapor
603.11	1.0000	0.35998	2.7780	51.474	56.479	149.89	28.136	36.544	600.08	1.0399	21.536	0.046712	vapor
604.77	1.0000	0.35898	2.7857	51.521	56.540	149.99	28.154	36.561	600.87	1.0310	21.606	0.046898	vapor
606.44	1.0000	0.35798	2.7934	51.568	56.601	150.09	28.172	36.577	601.66	1.0223	21.675	0.047084	vapor
608.11	1.0000	0.35699	2.8012	51.615	56.662	150.19	28.189	36.594	602.44	1.0137	21.744	0.047271	vapor
609.77	1.0000	0.35601	2.8089	51.662	56.723	150.29	28.207	36.611	603.23	1.0051	21.814	0.047457	vapor
611.44	1.0000	0.35503	2.8166	51.709	56.784	150.39	28.225	36.628	604.01	0.99671	21.883	0.047644	vapor
613.11	1.0000	0.35406	2.8244	51.757	56.845	150.49	28.243	36.645	604.80	0.98839	21.953	0.047832	vapor
614.77	1.0000	0.35310	2.8321	51.804	56.906	150.59	28.261	36.662	605.58	0.98017	22.022	0.048019	vapor
616.44	1.0000	0.35214	2.8398	51.851	56.967	150.69	28.279	36.679	606.36	0.97206	22.091	0.048207	vapor
618.10	1.0000	0.35118	2.8475	51.898	57.028	150.79	28.297	36.696	607.13	0.96404	22.161	0.048395	vapor
619.77	1.0000	0.35023	2.8553	51.945	57.089	150.89	28.315	36.714	607.91	0.95613	22.230	0.048584	vapor
621.44	1.0000	0.34928	2.8630	51.993	57.150	150.99	28.334	36.731	608.69	0.94830	22.300	0.048772	vapor
623.10	1.0000	0.34834	2.8707	52.040	57.212	151.08	28.352	36.748	609.46	0.94057	22.369	0.048961	vapor
624.77	1.0000	0.34741	2.8785	52.087	57.273	151.18	28.370	36.766	610.24	0.93294	22.438	0.049151	vapor
626.44	1.0000	0.34648	2.8862	52.135	57.334	151.28	28.388	36.783	611.01	0.92539	22.508	0.049340	vapor
628.10	1.0000	0.34555	2.8939	52.182	57.396	151.38	28.407	36.801	611.78	0.91794	22.577	0.049530	vapor
629.77	1.0000	0.34463	2.9016	52.229	57.457	151.48	28.425	36.818	612.55	0.91057	22.647	0.049720	vapor
631.44	1.0000	0.34372	2.9094	52.277	57.518	151.57	28.443	36.836	613.32	0.90329	22.716	0.049910	vapor
633.10	1.0000	0.34281	2.9171	52.324	57.580	151.67	28.462	36.853	614.08	0.89609	22.785	0.050101	vapor
634.77	1.0000	0.34190	2.9248	52.372	57.641	151.77	28.480	36.871	614.85	0.88898	22.855	0.050292	vapor
636.44	1.0000	0.34100	2.9326	52.419	57.703	151.86	28.499	36.889	615.61	0.88195	22.924	0.050483	vapor
638.10	1.0000	0.34010	2.9403	52.467	57.764	151.96	28.517	36.906	616.38	0.87500	22.993	0.050675	vapor
639.77	1.0000	0.33921	2.9480	52.515	57.826	152.06	28.536	36.924	617.14	0.86814	23.063	0.050866	vapor
641.43	1.0000	0.33833	2.9557	52.562	57.887	152.15	28.554	36.942	617.90	0.86135	23.132	0.051058	vapor
643.10	1.0000	0.33744	2.9635	52.610	57.949	152.25	28.573	36.960	618.66	0.85464	23.201	0.051250	vapor
644.77	1.0000	0.33657	2.9712	52.658	58.010	152.34	28.591	36.978	619.42	0.84800	23.271	0.051443	vapor
646.43	1.0000	0.33569	2.9789	52.705	58.072	152.44	28.610	36.996	620.18	0.84144	23.340	0.051636	vapor
648.10	1.0000	0.33483	2.9866	52.753	58.134	152.53	28.629	37.014	620.93	0.83495	23.409	0.051829	vapor
649.77	1.0000	0.33396	2.9943	52.801	58.195	152.63	28.648	37.032	621.69	0.82854	23.479	0.052022	vapor
651.43	1.0000	0.33310	3.0021	52.849	58.257	152.72	28.666	37.050	622.44	0.82220	23.548	0.052215	vapor
653.10	1.0000	0.33225	3.0098	52.896	58.319	152.82	28.685	37.068	623.20	0.81592	23.617	0.052409	vapor
654.77	1.0000	0.33140	3.0175	52.944	58.381	152.91	28.704	37.086	623.95	0.80972	23.687	0.052603	vapor
656.43	1.0000	0.33055	3.0252	52.992	58.442	153.01	28.723	37.104	624.70	0.80359	23.756	0.052798	vapor
658.10	1.0000	0.32971	3.0330	53.040	58.504	153.10	28.742	37.123	625.45	0.79752	23.825	0.052992	vapor
659.76	1.0000	0.32887	3.0407	53.088	58.566	153.20	28.760	37.141	626.19	0.79152	23.895	0.053187	vapor
661.43	1.0000	0.32804	3.0484	53.136	58.628	153.29	28.779	37.159	626.94	0.78559	23.964	0.053382	vapor
663.10	1.0000	0.32721	3.0561	53.184	58.690	153.38	28.798	37.178	627.69	0.77972	24.033	0.053577	vapor
664.76	1.0000	0.32639	3.0638	53.232	58.752	153.48	28.817	37.196	628.43	0.77391	24.102	0.053773	vapor
666.43	1.0000	0.32557	3.0716	53.280	58.814	153.57	28.836	37.214	629.18	0.76817	24.172	0.053969	vapor
668.10	1.0000	0.32475	3.0793	53.328	58.876	153.66	28.855	37.233	629.92	0.76248	24.241	0.054165	vapor
669.76	1.0000	0.32394	3.0870	53.377	58.938	153.76	28.874	37.251	630.66	0.75686	24.310	0.054361	vapor
671.43	1.0000	0.32313	3.0947	53.425	59.000	153.85	28.894	37.270	631.40	0.75130	24.379	0.054557	vapor
673.10	1.0000	0.32233	3.1024	53.473	59.062	153.94	28.913	37.288	632.14	0.74580	24.448	0.054754	vapor
674.76	1.0000	0.32153	3.1102	53.521	59.124	154.03	28.932	37.307	632.88	0.74035	24.518	0.054951	vapor
676.43	1.0000	0.32073	3.1179	53.570	59.186	154.12	28.951	37.325	633.61	0.73496	24.587	0.055148	vapor
678.10	1.0000	0.31994	3.1256	53.618	59.249	154.22	28.970	37.344	634.35	0.72963	24.656	0.055346	vapor
679.76	1.0000	0.31915	3.1333	53.666	59.311	154.31	28.989	37.363	635.08	0.72436	24.725	0.055544	vapor
681.43	1.0000	0.31837	3.1410	53.715	59.373	154.40	29.009	37.381	635.82	0.71913	24.794	0.055742	vapor
683.09	1.0000	0.31759	3.1488	53.763	59.436	154.49	29.028	37.400	636.55	0.71397	24.863	0.055940	vapor
684.76	1.0000	0.31681	3.1565	53.811	59.498	154.58	29.047	37.419	637.28	0.70885	24.932	0.056138	vapor
686.43	1.0000	0.31604	3.1642	53.860	59.560	154.67	29.067	37.438	638.01	0.70379	25.002	0.056337	vapor
688.09	1.0000	0.31527	3.1719	53.908	59.623	154.76	29.086	37.457	638.74	0.69878	25.071	0.056536	vapor
689.76	1.0000	0.31450	3.1796	53.957	59.685	154.85	29.105	37.476	639.47	0.69383	25.140	0.056735	vapor
691.43	1.0000	0.31374	3.1873	54.005	59.748	154.94	29.125	37.494	640.20	0.68892	25.209	0.056934	vapor
693.09	1.0000	0.31298	3.1951	54.054	59.810	155.04	29.144	37.513	640.92	0.68406	25.278	0.057134	vapor
694.76	1.0000	0.31223	3.2028	54.103	59.873	155.13	29.163	37.532	641.65	0.67925	25.347	0.057334	vapor
696.43	1.0000	0.31148	3.2105	54.151	59.935	155.22	29.183	37.551	642.37	0.67449	25.416	0.057534	vapor
698.09	1.0000	0.31073	3.2182	54.200	59.998	155.30	29.202	37.570	643.09	0.66978	25.485	0.057734	vapor
699.76	1.0000	0.30999	3.2259	54.249	60.060	155.39	29.222	37.589	643.82	0.66511	25.554	0.057935	vapor
701.42	1.0000	0.30925	3.2336	54.298	60.123	155.48	29.241	37.608	644.54	0.66049	25.623	0.058135	vapor
703.09	1.0000	0.30851	3.2413	54.346	60.186	155.57	29.261	37.627	645.26	0.65592	25.692	0.058336	vapor
704.76	1.0000	0.30778	3.2491	54.395	60.248	155.66	29.281	37.647	645.98	0.65139	25.761	0.058537	vapor
706.42	1.0000	0.30705	3.2568	54.444	60.311	155.75	29.300	37.666	646.69	0.64691	25.830	0.058739	vapor
708.09	1.0000	0.30633	3.2645	54.493	60.374	155.84	29.320	37.685	647.41	0.64247	25.899	0.058940	vapor
709.76	1.0000	0.30560	3.2722	54.542	60.437	155.93	29.339	37.704	648.13	0.63807	25.968	0.059142	vapor
711.42	1.0000	0.30489	3.2799	54.591	60.500	156.02	29.359	37.723	648.84	0.63372	26.036	0.059344	vapor
713.09	1.0000	0.30417	3.2876	54.640	60.562	156.11	29.379	37.743	649.55	0.62941	26.105	0.059547	vapor
714.76	1.0000	0.30346	3.2953	54.689	60.625	156.19	29.398	37.762	650.27	0.62514	26.174	0.059749	vapor
716.42	1.0000	0.30275	3.3031	54.738	60.688	156.28	29.418	37.781	650.98	0.62091	26.243	0.059952	vapor
718.09	1.0000	0.30204	3.3108	54.787	60.751	156.37	29.438	37.801	651.69	0.61672	26.312	0.060155	vapor
719.76	1.0000	0.30134	3.3185	54.836	60.814	156.46	29.458	37.820	652.40	0.61257	26.381	0.060358	vapor
721.42	1.0000	0.30064	3.3262	54.885	60.877	156.54	29.478	37.839	653.11	0.60846	26.449	0.060562	vapor
723.09	1.0000	0.29995	3.3339	54.934	60.940	156.63	29.497	37.859	653.82	0.60439	26.518	0.060765	vapor
724.75	1.0000	0.29926	3.3416	54.984	61.004	156.72	29.517	37.878	654.52	0.60036	26.587	0.060969	vapor
726.42	1.0000	0.29857	3.3493	55.033	61.067	156.81	29.537	37.898	655.23	0.59637	26.656	0.061173	vapor
728.09	1.0000	0.29788	3.3570	55.082	61.130	156.89	29.557	37.917	655.93	0.59241	26.724	0.061377	vapor
729.75	1.0000	0.29720	3.3648	55.131	61.193	156.98	29.577	37.937	656.64	0.58850	26.793	0.061582	vapor
731.42	1.0000	0.29652	3.3725	55.181	61.256	157.07	29.597	37.956	657.34	0.58461	26.862	0.061786	vapor
733.09	1.0000	0.29584	3.3802	55.230	61.320	157.15	29.617	37.976	658.04	0.58077	26.930	0.061991	vapor
734.75	1.0000	0.29517	3.3879	55.279	61.383	157.24	29.637	37.995	658.74	0.57696	26.999	0.062196	vapor
736.42	1.0000	0.29450	3.3956	55.329	61.446	157.32	29.656	38.015	659.44	0.57318	27.068	0.062402	vapor
738.09	1.0000	0.29383	3.4033	55.378	61.510	157.41	29.676	38.035	660.14	0.56944	27.136	0.062607	vapor
739.75	1.0000	0.29317	3.4110	55.428	61.573	157.50	29.696	38.054	660.84	0.56574	27.205	0.062813	vapor
741.42	1.0000	0.29251	3.4187	55.477	61.636	157.58	29.717	38.074	661.54	0.56207	27.273	0.063019	vapor
743.08	1.0000	0.29185	3.4264	55.527	61.700	157.67	29.737	38.094	662.23	0.55843	27.342	0.063225	vapor
744.75	1.0000	0.29119	3.4342	55.577	61.763	157.75	29.757	38.113	662.93	0.55483	27.410	0.063431	vapor
746.42	1.0000	0.29054	3.4419	55.626	61.827	157.84	29.777	38.133	663.62	0.55125	27.479	0.063638	vapor
748.08	1.0000	0.28989	3.4496	55.676	61.890	157.92	29.797	38.153	664.32	0.54771	27.547	0.063845	vapor
749.75	1.0000	0.28924	3.4573	55.726	61.954	158.01	29.817	38.173	665.01	0.54421	27.616	0.064052	vapor
751.42	1.0000	0.28860	3.4650	55.775	62.018	158.09	29.837	38.192	665.70	0.54073	27.684	0.064259	vapor
753.08	1.0000	0.28796	3.4727	55.825	62.081	158.18	29.857	38.212	666.39	0.53729	27.753	0.064466	vapor
754.75	1.0000	0.28732	3.4804	55.875	62.145	158.26	29.877	38.232	667.08	0.53387	27.821	0.064674	vapor
756.42	1.0000	0.28669	3.4881	55.925	62.209	158.35	29.898	38.252	667.77	0.53049	27.889	0.064882	vapor
758.08	1.0000	0.28605	3.4958	55.975	62.272	158.43	29.918	38.272	668.46	0.52713	27.958	0.065089	vapor
759.75	1.0000	0.28543	3.5035	56.025	62.336	158.51	29.938	38.292	669.14	0.52381	28.026	0.065298	vapor
761.42	1.0000	0.28480	3.5113	56.074	62.400	158.60	29.958	38.312	669.83	0.52051	28.094	0.065506	vapor
763.08	1.0000	0.28417	3.5190	56.124	62.464	158.68	29.978	38.332	670.51	0.51725	28.163	0.065715	vapor
764.75	1.0000	0.28355	3.5267	56.174	62.528	158.77	29.999	38.352	671.20	0.51401	28.231	0.065923	vapor
766.41	1.0000	0.28294	3.5344	56.224	62.592	158.85	30.019	38.372	671.88	0.51080	28.299	0.066132	vapor
768.08	1.0000	0.28232	3.5421	56.275	62.656	158.93	30.039	38.392	672.56	0.50762	28.367	0.066341	vapor
769.75	1.0000	0.28171	3.5498	56.325	62.720	159.02	30.060	38.412	673.25	0.50447	28.435	0.066551	vapor
771.41	1.0000	0.28110	3.5575	56.375	62.784	159.10	30.080	38.432	673.93	0.50134	28.504	0.066760	vapor
773.08	1.0000	0.28049	3.5652	56.425	62.848	159.18	30.100	38.452	674.61	0.49824	28.572	0.066970	vapor
774.75	1.0000	0.27988	3.5729	56.475	62.912	159.26	30.121	38.472	675.29	0.49517	28.640	0.067180	vapor
776.41	1.0000	0.27928	3.5806	56.525	62.976	159.35	30.141	38.492	675.96	0.49212	28.708	0.067390	vapor
778.08	1.0000	0.27868	3.5883	56.576	63.040	159.43	30.161	38.512	676.64	0.48910	28.776	0.067600	vapor
779.75	1.0000	0.27808	3.5960	56.626	63.104	159.51	30.182	38.532	677.32	0.48611	28.844	0.067811	vapor
781.41	1.0000	0.27749	3.6037	56.676	63.169	159.59	30.202	38.552	677.99	0.48314	28.912	0.068022	vapor
783.08	1.0000	0.27690	3.6115	56.727	63.233	159.68	30.223	38.573	678.67	0.48020	28.980	0.068232	vapor
784.74	1.0000	0.27631	3.6192	56.777	63.297	159.76	30.243	38.593	679.34	0.47728	29.048	0.068444	vapor
786.41	1.0000	0.27572	3.6269	56.828	63.361	159.84	30.264	38.613	680.01	0.47438	29.116	0.068655	vapor
788.08	1.0000	0.27514	3.6346	56.878	63.426	159.92	30.284	38.633	680.69	0.47152	29.184	0.068866	vapor
789.74	1.0000	0.27455	3.6423	56.929	63.490	160.00	30.305	38.653	681.36	0.46867	29.252	0.069078	vapor
791.41	1.0000	0.27397	3.6500	56.979	63.555	160.09	30.325	38.674	682.03	0.46585	29.320	0.069290	vapor
793.08	1.0000	0.27340	3.6577	57.030	63.619	160.17	30.346	38.694	682.70	0.46305	29.388	0.069502	vapor
794.74	1.0000	0.27282	3.6654	57.080	63.684	160.25	30.366	38.714	683.37	0.46027	29.455	0.069714	vapor
796.41	1.0000	0.27225	3.6731	57.131	63.748	160.33	30.387	38.735	684.03	0.45752	29.523	0.069926	vapor
798.08	1.0000	0.27168	3.6808	57.182	63.813	160.41	30.407	38.755	684.70	0.45479	29.591	0.070139	vapor
799.74	1.0000	0.27111	3.6885	57.232	63.877	160.49	30.428	38.775	685.37	0.45209	29.659	0.070352	vapor
801.41	1.0000	0.27055	3.6962	57.283	63.942	160.57	30.449	38.796	686.03	0.44940	29.727	0.070565	vapor
803.08	1.0000	0.26998	3.7039	57.334	64.007	160.65	30.469	38.816	686.70	0.44674	29.794	0.070778	vapor
804.74	1.0000	0.26942	3.7116	57.385	64.071	160.73	30.490	38.836	687.36	0.44410	29.862	0.070991	vapor
806.41	1.0000	0.26886	3.7193	57.436	64.136	160.81	30.510	38.857	688.02	0.44148	29.930	0.071204	vapor
808.07	1.0000	0.26831	3.7270	57.486	64.201	160.89	30.531	38.877	688.69	0.43888	29.997	0.071418	vapor
809.74	1.0000	0.26776	3.7348	57.537	64.266	160.97	30.552	38.898	689.35	0.43630	30.065	0.071632	vapor
811.41	1.0000	0.26720	3.7425	57.588	64.330	161.05	30.572	38.918	690.01	0.43375	30.132	0.071846	vapor
813.07	1.0000	0.26666	3.7502	57.639	64.395	161.13	30.593	38.939	690.67	0.43121	30.200	0.072060	vapor
814.74	1.0000	0.26611	3.7579	57.690	64.460	161.21	30.614	38.959	691.33	0.42870	30.267	0.072274	vapor
816.41	1.0000	0.26556	3.7656	57.741	64.525	161.29	30.635	38.980	691.98	0.42620	30.335	0.072489	vapor
818.07	1.0000	0.26502	3.7733	57.792	64.590	161.37	30.655	39.000	692.64	0.42373	30.402	0.072704	vapor
819.74	1.0000	0.26448	3.7810	57.844	64.655	161.45	30.676	39.021	693.30	0.42127	30.470	0.072919	vapor
821.41	1.0000	0.26394	3.7887	57.895	64.720	161.53	30.697	39.041	693.95	0.41884	30.537	0.073134	vapor
823.07	1.0000	0.26341	3.7964	57.946	64.785	161.61	30.718	39.062	694.61	0.41642	30.605	0.073349	vapor
824.74	1.0000	0.26287	3.8041	57.997	64.850	161.69	30.738	39.082	695.26	0.41402	30.672	0.073564	vapor
826.40	1.0000	0.26234	3.8118	58.048	64.916	161.77	30.759	39.103	695.92	0.41165	30.739	0.073780	vapor
828.07	1.0000	0.26181	3.8195	58.100	64.981	161.85	30.780	39.124	696.57	0.40929	30.807	0.073996	vapor
829.74	1.0000	0.26129	3.8272	58.151	65.046	161.93	30.801	39.144	697.22	0.40694	30.874	0.074212	vapor
831.40	1.0000	0.26076	3.8349	58.202	65.111	162.00	30.822	39.165	697.87	0.40462	30.941	0.074428	vapor
833.07	1.0000	0.26024	3.8426	58.254	65.176	162.08	30.842	39.185	698.52	0.40232	31.009	0.074644	vapor
834.74	1.0000	0.25972	3.8503	58.305	65.242	162.16	30.863	39.206	699.17	0.40003	31.076	0.074860	vapor
836.40	1.0000	0.25920	3.8580	58.357	65.307	162.24	30.884	39.227	699.82	0.39776	31.143	0.075077	vapor
838.07	1.0000	0.25868	3.8657	58.408	65.372	162.32	30.905	39.247	700.47	0.39551	31.210	0.075294	vapor
839.74	1.0000	0.25817	3.8734	58.460	65.438	162.40	30.926	39.268	701.11	0.39328	31.277	0.075511	vapor
841.40	1.0000	0.25766	3.8811	58.511	65.503	162.47	30.947	39.289	701.76	0.39106	31.344	0.075728	vapor
843.07	1.0000	0.25715	3.8888	58.563	65.569	162.55	30.968	39.310	702.41	0.38886	31.411	0.075945	vapor
844.74	1.0000	0.25664	3.8965	58.615	65.634	162.63	30.989	39.330	703.05	0.38668	31.478	0.076163	vapor
846.40	1.0000	0.25613	3.9042	58.666	65.700	162.71	31.010	39.351	703.69	0.38451	31.545	0.076380	vapor
848.07	1.0000	0.25563	3.9119	58.718	65.766	162.78	31.031	39.372	704.34	0.38236	31.612	0.076598	vapor
849.73	1.0000	0.25512	3.9197	58.770	65.831	162.86	31.051	39.393	704.98	0.38023	31.679	0.076816	vapor
851.40	1.0000	0.25462	3.9274	58.822	65.897	162.94	31.072	39.413	705.62	0.37811	31.746	0.077034	vapor
853.07	1.0000	0.25413	3.9351	58.873	65.962	163.02	31.093	39.434	706.26	0.37601	31.813	0.077253	vapor
854.73	1.0000	0.25363	3.9428	58.925	66.028	163.09	31.114	39.455	706.90	0.37392	31.880	0.077471	vapor
856.40	1.0000	0.25313	3.9505	58.977	66.094	163.17	31.135	39.476	707.54	0.37185	31.947	0.077690	vapor
858.07	1.0000	0.25264	3.9582	59.029	66.160	163.25	31.156	39.497	708.18	0.36980	32.014	0.077908	vapor
859.73	1.0000	0.25215	3.9659	59.081	66.226	163.32	31.177	39.517	708.82	0.36776	32.080	0.078127	vapor
861.40	1.0000	0.25166	3.9736	59.133	66.291	163.40	31.198	39.538	709.46	0.36574	32.147	0.078346	vapor
863.07	1.0000	0.25118	3.9813	59.185	66.357	163.48	31.219	39.559	710.10	0.36373	32.214	0.078566	vapor
864.73	1.0000	0.25069	3.9890	59.237	66.423	163.55	31.240	39.580	710.73	0.36174	32.281	0.078785	vapor
866.40	1.0000	0.25021	3.9967	59.289	66.489	163.63	31.261	39.601	711.37	0.35976	32.347	0.079005	vapor
868.06	1.0000	0.24973	4.0044	59.341	66.555	163.70	31.282	39.622	712.00	0.35779	32.414	0.079224	vapor
869.73	1.0000	0.24925	4.0121	59.393	66.621	163.78	31.304	39.643	712.64	0.35585	32.480	0.079444	vapor
871.40	1.0000	0.24877	4.0198	59.446	66.687	163.86	31.325	39.663	713.27	0.35391	32.547	0.079664	vapor
873.06	1.0000	0.24829	4.0275	59.498	66.754	163.93	31.346	39.684	713.90	0.35199	32.614	0.079885	vapor
874.73	1.0000	0.24782	4.0352	59.550	66.820	164.01	31.367	39.705	714.53	0.35008	32.680	0.080105	vapor
876.40	1.0000	0.24735	4.0429	59.603	66.886	164.08	31.388	39.726	715.16	0.34819	32.747	0.080325	vapor
878.06	1.0000	0.24688	4.0506	59.655	66.952	164.16	31.409	39.747	715.79	0.34631	32.813	0.080546	vapor
879.73	1.0000	0.24641	4.0583	59.707	67.018	164.23	31.430	39.768	716.42	0.34445	32.879	0.080767	vapor
881.40	1.0000	0.24594	4.0660	59.760	67.085	164.31	31.451	39.789	717.05	0.34259	32.946	0.080988	vapor
883.06	1.0000	0.24548	4.0737	59.812	67.151	164.38	31.472	39.810	717.68	0.34076	33.012	0.081209	vapor
884.73	1.0000	0.24501	4.0814	59.865	67.217	164.46	31.493	39.831	718.31	0.33893	33.079	0.081430	vapor
886.40	1.0000	0.24455	4.0891	59.917	67.284	164.53	31.514	39.852	718.93	0.33712	33.145	0.081652	vapor
888.06	1.0000	0.24409	4.0968	59.970	67.350	164.61	31.536	39.873	719.56	0.33532	33.211	0.081874	vapor
889.73	1.0000	0.24363	4.1045	60.022	67.417	164.68	31.557	39.894	720.19	0.33353	33.277	0.082095	vapor
891.39	1.0000	0.24318	4.1122	60.075	67.483	164.76	31.578	39.915	720.81	0.33176	33.344	0.082317	vapor
893.06	1.0000	0.24272	4.1199	60.128	67.550	164.83	31.599	39.936	721.44	0.33000	33.410	0.082539	vapor
894.73	1.0000	0.24227	4.1276	60.180	67.616	164.91	31.620	39.957	722.06	0.32825	33.476	0.082762	vapor
896.39	1.0000	0.24182	4.1353	60.233	67.683	164.98	31.641	39.978	722.68	0.32652	33.542	0.082984	vapor
898.06	1.0000	0.24137	4.1430	60.286	67.749	165.06	31.663	39.999	723.30	0.32479	33.608	0.083206	vapor
899.73	1.0000	0.24092	4.1507	60.338	67.816	165.13	31.684	40.020	723.93	0.32308	33.674	0.083429	vapor
901.39	1.0000	0.24048	4.1584	60.391	67.883	165.20	31.705	40.041	724.55	0.32138	33.740	0.083652	vapor
903.06	1.0000	0.24003	4.1661	60.444	67.950	165.28	31.726	40.062	725.17	0.31969	33.806	0.083875	vapor
904.73	1.0000	0.23959	4.1738	60.497	68.016	165.35	31.747	40.083	725.79	0.31802	33.872	0.084098	vapor
906.39	1.0000	0.23915	4.1815	60.550	68.083	165.43	31.768	40.104	726.40	0.31636	33.938	0.084321	vapor
908.06	1.0000	0.23871	4.1892	60.603	68.150	165.50	31.790	40.125	727.02	0.31470	34.004	0.084545	vapor
909.72	1.0000	0.23827	4.1969	60.656	68.217	165.57	31.811	40.146	727.64	0.31306	34.070	0.084768	vapor
911.39	1.0000	0.23783	4.2046	60.709	68.284	165.65	31.832	40.167	728.26	0.31144	34.136	0.084992	vapor
913.06	1.0000	0.23740	4.2123	60.762	68.351	165.72	31.853	40.189	728.87	0.30982	34.202	0.085216	vapor
914.72	1.0000	0.23697	4.2200	60.815	68.418	165.79	31.874	40.210	729.49	0.30821	34.268	0.085440	vapor
916.39	1.0000	0.23653	4.2277	60.868	68.485	165.87	31.896	40.231	730.10	0.30662	34.333	0.085664	vapor
918.06	1.0000	0.23610	4.2354	60.922	68.552	165.94	31.917	40.252	730.72	0.30503	34.399	0.085888	vapor
919.72	1.0000	0.23568	4.2431	60.975	68.619	166.01	31.938	40.273	731.33	0.30346	34.465	0.086113	vapor
921.39	1.0000	0.23525	4.2508	61.028	68.686	166.09	31.959	40.294	731.94	0.30190	34.530	0.086337	vapor
923.06	1.0000	0.23482	4.2585	61.081	68.753	166.16	31.981	40.315	732.56	0.30034	34.596	0.086562	vapor
924.72	1.0000	0.23440	4.2662	61.135	68.820	166.23	32.002	40.336	733.17	0.29880	34.662	0.086787	vapor
926.39	1.0000	0.23398	4.2739	61.188	68.888	166.30	32.023	40.357	733.78	0.29727	34.727	0.087012	vapor
928.06	1.0000	0.23356	4.2816	61.241	68.955	166.38	32.044	40.379	734.39	0.29575	34.793	0.087237	vapor
929.72	1.0000	0.23314	4.2893	61.295	69.022	166.45	32.066	40.400	735.00	0.29424	34.858	0.087462	vapor
931.39	1.0000	0.23272	4.2970	61.348	69.090	166.52	32.087	40.421	735.61	0.29274	34.924	0.087688	vapor
933.05	1.0000	0.23230	4.3047	61.402	69.157	166.59	32.108	40.442	736.22	0.29125	34.989	0.087913	vapor
934.72	1.0000	0.23189	4.3124	61.455	69.224	166.67	32.129	40.463	736.82	0.28977	35.055	0.088139	vapor
936.39	1.0000	0.23148	4.3201	61.509	69.292	166.74	32.151	40.484	737.43	0.28830	35.120	0.088365	vapor
938.05	1.0000	0.23106	4.3278	61.563	69.359	166.81	32.172	40.505	738.04	0.28684	35.185	0.088591	vapor
939.72	1.0000	0.23065	4.3355	61.616	69.427	166.88	32.193	40.527	738.64	0.28539	35.251	0.088817	vapor
941.39	1.0000	0.23024	4.3432	61.670	69.494	166.95	32.214	40.548	739.25	0.28395	35.316	0.089043	vapor
943.05	1.0000	0.22984	4.3509	61.724	69.562	167.03	32.236	40.569	739.85	0.28252	35.381	0.089269	vapor
944.72	1.0000	0.22943	4.3586	61.777	69.630	167.10	32.257	40.590	740.46	0.28110	35.446	0.089496	vapor
946.39	1.0000	0.22903	4.3663	61.831	69.697	167.17	32.278	40.611	741.06	0.27969	35.512	0.089723	vapor
948.05	1.0000	0.22862	4.3740	61.885	69.765	167.24	32.300	40.632	741.66	0.27829	35.577	0.089949	vapor
949.72	1.0000	0.22822	4.3817	61.939	69.833	167.31	32.321	40.654	742.27	0.27689	35.642	0.090176	vapor
951.38	1.0000	0.22782	4.3894	61.993	69.900	167.38	32.342	40.675	742.87	0.27551	35.707	0.090403	vapor
953.05	1.0000	0.22742	4.3971	62.047	69.968	167.45	32.363	40.696	743.47	0.27414	35.772	0.090631	vapor
954.72	1.0000	0.22702	4.4048	62.101	70.036	167.53	32.385	40.717	744.07	0.27277	35.837	0.090858	vapor
956.38	1.0000	0.22663	4.4125	62.155	70.104	167.60	32.406	40.738	744.67	0.27141	35.902	0.091085	vapor
958.05	1.0000	0.22623	4.4202	62.209	70.172	167.67	32.427	40.759	745.27	0.27007	35.967	0.091313	vapor
959.72	1.0000	0.22584	4.4279	62.263	70.240	167.74	32.448	40.781	745.87	0.26873	36.032	0.091541	vapor
961.38	1.0000	0.22545	4.4356	62.317	70.308	167.81	32.470	40.802	746.47	0.26740	36.097	0.091769	vapor
963.05	1.0000	0.22506	4.4433	62.371	70.376	167.88	32.491	40.823	747.06	0.26607	36.162	0.091997	vapor
964.72	1.0000	0.22467	4.4510	62.425	70.444	167.95	32.512	40.844	747.66	0.26476	36.227	0.092225	vapor
966.38	1.0000	0.22428	4.4587	62.479	70.512	168.02	32.534	40.865	748.26	0.26346	36.292	0.092453	vapor
968.05	1.0000	0.22389	4.4664	62.534	70.580	168.09	32.555	40.886	748.85	0.26216	36.356	0.092681	vapor
969.72	1.0000	0.22351	4.4741	62.588	70.648	168.16	32.576	40.908	749.45	0.26087	36.421	0.092910	vapor
971.38	1.0000	0.22312	4.4818	62.642	70.716	168.23	32.597	40.929	750.04	0.25959	36.486	0.093139	vapor
973.05	1.0000	0.22274	4.4895	62.697	70.784	168.30	32.619	40.950	750.64	0.25832	36.551	0.093367	vapor
974.71	1.0000	0.22236	4.4972	62.751	70.853	168.37	32.640	40.971	751.23	0.25706	36.615	0.093596	vapor
976.38	1.0000	0.22198	4.5049	62.805	70.921	168.44	32.661	40.992	751.82	0.25580	36.680	0.093825	vapor
978.05	1.0000	0.22160	4.5126	62.860	70.989	168.51	32.683	41.014	752.42	0.25456	36.744	0.094055	vapor
979.71	1.0000	0.22122	4.5203	62.914	71.058	168.58	32.704	41.035	753.01	0.25332	36.809	0.094284	vapor
981.38	1.0000	0.22085	4.5280	62.969	71.126	168.65	32.725	41.056	753.60	0.25209	36.873	0.094513	vapor
983.05	1.0000	0.22047	4.5357	63.023	71.195	168.72	32.746	41.077	754.19	0.25086	36.938	0.094743	vapor
984.71	1.0000	0.22010	4.5434	63.078	71.263	168.79	32.768	41.098	754.78	0.24965	37.002	0.094972	vapor
986.38	1.0000	0.21973	4.5511	63.133	71.332	168.86	32.789	41.120	755.37	0.24844	37.067	0.095202	vapor
988.05	1.0000	0.21936	4.5588	63.187	71.400	168.93	32.810	41.141	755.96	0.24724	37.131	0.095432	vapor
989.71	1.0000	0.21899	4.5665	63.242	71.469	169.00	32.831	41.162	756.55	0.24605	37.196	0.095662	vapor
991.38	1.0000	0.21862	4.5742	63.297	71.537	169.07	32.853	41.183	757.13	0.24486	37.260	0.095892	vapor
993.04	1.0000	0.21825	4.5819	63.352	71.606	169.14	32.874	41.204	757.72	0.24369	37.324	0.096123	vapor
994.71	1.0000	0.21789	4.5896	63.406	71.675	169.21	32.895	41.225	758.31	0.24252	37.388	0.096353	vapor
996.38	1.0000	0.21752	4.5973	63.461	71.743	169.28	32.917	41.247	758.89	0.24135	37.453	0.096584	vapor
998.04	1.0000	0.21716	4.6050	63.516	71.812	169.34	32.938	41.268	759.48	0.24020	37.517	0.096814	vapor
999.71	1.0000	0.21679	4.6127	63.571	71.881	169.41	32.959	41.289	760.06	0.23905	37.581	0.097045	vapor
1001.4	1.0000	0.21643	4.6204	63.626	71.950	169.48	32.980	41.310	760.65	0.23791	37.645	0.097276	vapor
1003.0	1.0000	0.21607	4.6281	63.681	72.019	169.55	33.002	41.331	761.23	0.23677	37.709	0.097507	vapor
1004.7	1.0000	0.21571	4.6358	63.736	72.087	169.62	33.023	41.352	761.82	0.23564	37.773	0.097738	vapor
1006.4	1.0000	0.21536	4.6435	63.791	72.156	169.69	33.044	41.374	762.40	0.23452	37.837	0.097970	vapor
1008.0	1.0000	0.21500	4.6512	63.846	72.225	169.76	33.065	41.395	762.98	0.23341	37.901	0.098201	vapor
1009.7	1.0000	0.21465	4.6589	63.901	72.294	169.82	33.086	41.416	763.56	0.23230	37.965	0.098433	vapor
1011.4	1.0000	0.21429	4.6666	63.956	72.363	169.89	33.108	41.437	764.14	0.23120	38.029	0.098664	vapor
1013.0	1.0000	0.21394	4.6742	64.012	72.432	169.96	33.129	41.458	764.72	0.23011	38.093	0.098896	vapor
1014.7	1.0000	0.21359	4.6819	64.067	72.502	170.03	33.150	41.479	765.30	0.22903	38.157	0.099128	vapor
1016.4	1.0000	0.21324	4.6896	64.122	72.571	170.10	33.171	41.500	765.88	0.22795	38.221	0.099360	vapor
1018.0	1.0000	0.21289	4.6973	64.177	72.640	170.17	33.193	41.522	766.46	0.22687	38.285	0.099592	vapor
1019.7	1.0000	0.21254	4.7050	64.233	72.709	170.23	33.214	41.543	767.04	0.22581	38.349	0.099824	vapor
1021.4	1.0000	0.21219	4.7127	64.288	72.778	170.30	33.235	41.564	767.62	0.22475	38.412	0.10006	vapor
1023.0	1.0000	0.21184	4.7204	64.344	72.848	170.37	33.256	41.585	768.20	0.22369	38.476	0.10029	vapor
1024.7	1.0000	0.21150	4.7281	64.399	72.917	170.44	33.277	41.606	768.77	0.22264	38.540	0.10052	vapor
1026.4	1.0000	0.21116	4.7358	64.454	72.986	170.50	33.299	41.627	769.35	0.22160	38.603	0.10075	vapor
1028.0	1.0000	0.21081	4.7435	64.510	73.056	170.57	33.320	41.648	769.93	0.22057	38.667	0.10099	vapor
1029.7	1.0000	0.21047	4.7512	64.566	73.125	170.64	33.341	41.669	770.50	0.21954	38.731	0.10122	vapor
1031.4	1.0000	0.21013	4.7589	64.621	73.194	170.71	33.362	41.691	771.08	0.21852	38.794	0.10145	vapor
1033.0	1.0000	0.20979	4.7666	64.677	73.264	170.77	33.383	41.712	771.65	0.21750	38.858	0.10169	vapor
1034.7	1.0000	0.20945	4.7743	64.732	73.333	170.84	33.404	41.733	772.23	0.21649	38.921	0.10192	vapor
1036.4	1.0000	0.20912	4.7820	64.788	73.403	170.91	33.426	41.754	772.80	0.21549	38.984	0.10215	vapor
1038.0	1.0000	0.20878	4.7897	64.844	73.473	170.98	33.447	41.775	773.37	0.21449	39.048	0.10239	vapor
1039.7	1.0000	0.20845	4.7974	64.900	73.542	171.04	33.468	41.796	773.94	0.21350	39.111	0.10262	vapor
1041.4	1.0000	0.20811	4.8051	64.955	73.612	171.11	33.489	41.817	774.52	0.21251	39.175	0.10285	vapor
1043.0	1.0000	0.20778	4.8128	65.011	73.682	171.18	33.510	41.838	775.09	0.21153	39.238	0.10309	vapor
1044.7	1.0000	0.20745	4.8205	65.067	73.751	171.24	33.531	41.859	775.66	0.21056	39.301	0.10332	vapor
1046.4	1.0000	0.20712	4.8282	65.123	73.821	171.31	33.552	41.880	776.23	0.20959	39.364	0.10356	vapor
1048.0	1.0000	0.20679	4.8359	65.179	73.891	171.38	33.574	41.901	776.80	0.20862	39.428	0.10379	vapor
1049.7	1.0000	0.20646	4.8436	65.235	73.961	171.44	33.595	41.922	777.37	0.20767	39.491	0.10402	vapor
1051.4	1.0000	0.20613	4.8513	65.291	74.031	171.51	33.616	41.943	777.94	0.20671	39.554	0.10426	vapor
1053.0	1.0000	0.20580	4.8590	65.347	74.101	171.58	33.637	41.964	778.51	0.20577	39.617	0.10449	vapor
1054.7	1.0000	0.20548	4.8667	65.403	74.171	171.64	33.658	41.985	779.07	0.20483	39.680	0.10473	vapor
1056.4	1.0000	0.20515	4.8744	65.459	74.241	171.71	33.679	42.006	779.64	0.20389	39.743	0.10496	vapor
1058.0	1.0000	0.20483	4.8821	65.515	74.311	171.78	33.700	42.027	780.21	0.20296	39.806	0.10520	vapor
1059.7	1.0000	0.20451	4.8898	65.572	74.381	171.84	33.721	42.048	780.77	0.20204	39.869	0.10543	vapor
1061.4	1.0000	0.20419	4.8975	65.628	74.451	171.91	33.742	42.069	781.34	0.20112	39.932	0.10567	vapor
1063.0	1.0000	0.20387	4.9052	65.684	74.521	171.97	33.763	42.090	781.91	0.20020	39.995	0.10590	vapor
1064.7	1.0000	0.20355	4.9129	65.740	74.591	172.04	33.784	42.111	782.47	0.19930	40.058	0.10614	vapor
1066.4	1.0000	0.20323	4.9206	65.797	74.661	172.11	33.805	42.132	783.04	0.19839	40.121	0.10637	vapor
1068.0	1.0000	0.20291	4.9283	65.853	74.731	172.17	33.826	42.153	783.60	0.19749	40.184	0.10661	vapor
1069.7	1.0000	0.20260	4.9359	65.909	74.802	172.24	33.848	42.174	784.16	0.19660	40.246	0.10685	vapor
1071.4	1.0000	0.20228	4.9436	65.966	74.872	172.30	33.869	42.195	784.73	0.19571	40.309	0.10708	vapor
1073.0	1.0000	0.20197	4.9513	66.022	74.942	172.37	33.890	42.216	785.29	0.19483	40.372	0.10732	vapor
1074.7	1.0000	0.20165	4.9590	66.079	75.013	172.43	33.911	42.237	785.85	0.19395	40.435	0.10755	vapor
1076.4	1.0000	0.20134	4.9667	66.135	75.083	172.50	33.932	42.258	786.41	0.19308	40.497	0.10779	vapor
1078.0	1.0000	0.20103	4.9744	66.192	75.153	172.56	33.953	42.279	786.97	0.19221	40.560	0.10803	vapor
1079.7	1.0000	0.20072	4.9821	66.249	75.224	172.63	33.973	42.300	787.53	0.19135	40.623	0.10826	vapor
1081.4	1.0000	0.20041	4.9898	66.305	75.294	172.70	33.994	42.321	788.09	0.19049	40.685	0.10850	vapor
1083.0	1.0000	0.20010	4.9975	66.362	75.365	172.76	34.015	42.342	788.65	0.18964	40.748	0.10873	vapor
1084.7	1.0000	0.19979	5.0052	66.419	75.436	172.83	34.036	42.363	789.21	0.18879	40.810	0.10897	vapor
1086.4	1.0000	0.19948	5.0129	66.475	75.506	172.89	34.057	42.384	789.77	0.18795	40.873	0.10921	vapor
1088.0	1.0000	0.19918	5.0206	66.532	75.577	172.96	34.078	42.404	790.33	0.18711	40.935	0.10944	vapor
1089.7	1.0000	0.19887	5.0283	66.589	75.647	173.02	34.099	42.425	790.89	0.18628	40.997	0.10968	vapor
1091.4	1.0000	0.19857	5.0360	66.646	75.718	173.09	34.120	42.446	791.45	0.18545	41.060	0.10992	vapor
1093.0	1.0000	0.19827	5.0437	66.703	75.789	173.15	34.141	42.467	792.00	0.18462	41.122	0.11016	vapor
1094.7	1.0000	0.19797	5.0514	66.760	75.860	173.21	34.162	42.488	792.56	0.18380	41.184	0.11039	vapor
1096.4	1.0000	0.19766	5.0591	66.816	75.931	173.28	34.183	42.509	793.11	0.18299	41.247	0.11063	vapor
1098.0	1.0000	0.19736	5.0668	66.873	76.001	173.34	34.204	42.529	793.67	0.18218	41.309	0.11087	vapor
1099.7	1.0000	0.19706	5.0745	66.930	76.072	173.41	34.224	42.550	794.23	0.18137	41.371	0.11111	vapor
1101.4	1.0000	0.19677	5.0822	66.988	76.143	173.47	34.245	42.571	794.78	0.18057	41.433	0.11134	vapor
1103.0	1.0000	0.19647	5.0899	67.045	76.214	173.54	34.266	42.592	795.33	0.17977	41.495	0.11158	vapor
1104.7	1.0000	0.19617	5.0976	67.102	76.285	173.60	34.287	42.613	795.89	0.17898	41.557	0.11182	vapor
1106.4	1.0000	0.19588	5.1053	67.159	76.356	173.67	34.308	42.633	796.44	0.17819	41.619	0.11206	vapor
1108.0	1.0000	0.19558	5.1130	67.216	76.427	173.73	34.329	42.654	796.99	0.17741	41.681	0.11229	vapor
1109.7	1.0000	0.19529	5.1207	67.273	76.498	173.79	34.349	42.675	797.55	0.17663	41.743	0.11253	vapor
1111.4	1.0000	0.19499	5.1284	67.331	76.569	173.86	34.370	42.696	798.10	0.17585	41.805	0.11277	vapor
1113.0	1.0000	0.19470	5.1360	67.388	76.641	173.92	34.391	42.716	798.65	0.17508	41.867	0.11301	vapor
1114.7	1.0000	0.19441	5.1437	67.445	76.712	173.99	34.412	42.737	799.20	0.17431	41.929	0.11325	vapor
1116.4	1.0000	0.19412	5.1514	67.503	76.783	174.05	34.433	42.758	799.75	0.17355	41.991	0.11349	vapor
1118.0	1.0000	0.19383	5.1591	67.560	76.854	174.11	34.453	42.778	800.30	0.17279	42.053	0.11372	vapor
1119.7	1.0000	0.19354	5.1668	67.617	76.926	174.18	34.474	42.799	800.85	0.17204	42.115	0.11396	vapor
1121.4	1.0000	0.19325	5.1745	67.675	76.997	174.24	34.495	42.820	801.40	0.17129	42.176	0.11420	vapor
1123.0	1.0000	0.19297	5.1822	67.732	77.068	174.30	34.515	42.841	801.95	0.17054	42.238	0.11444	vapor
1124.7	1.0000	0.19268	5.1899	67.790	77.140	174.37	34.536	42.861	802.50	0.16980	42.300	0.11468	vapor
1126.4	1.0000	0.19240	5.1976	67.848	77.211	174.43	34.557	42.882	803.05	0.16906	42.362	0.11492	vapor
1128.0	1.0000	0.19211	5.2053	67.905	77.283	174.50	34.578	42.902	803.59	0.16833	42.423	0.11516	vapor
1129.7	1.0000	0.19183	5.2130	67.963	77.354	174.56	34.598	42.923	804.14	0.16760	42.485	0.11540	vapor
1131.4	1.0000	0.19155	5.2207	68.021	77.426	174.62	34.619	42.944	804.69	0.16687	42.546	0.11564	vapor
1133.0	1.0000	0.19126	5.2284	68.078	77.497	174.68	34.640	42.964	805.23	0.16615	42.608	0.11588	vapor
1134.7	1.0000	0.19098	5.2361	68.136	77.569	174.75	34.660	42.985	805.78	0.16543	42.669	0.11612	vapor
1136.4	1.0000	0.19070	5.2438	68.194	77.641	174.81	34.681	43.005	806.33	0.16472	42.731	0.11636	vapor
1138.0	1.0000	0.19042	5.2515	68.252	77.712	174.87	34.701	43.026	806.87	0.16400	42.792	0.11660	vapor
1139.7	1.0000	0.19014	5.2592	68.309	77.784	174.94	34.722	43.047	807.42	0.16330	42.854	0.11684	vapor
1141.4	1.0000	0.18987	5.2669	68.367	77.856	175.00	34.743	43.067	807.96	0.16259	42.915	0.11708	vapor
1143.0	1.0000	0.18959	5.2746	68.425	77.928	175.06	34.763	43.088	808.50	0.16190	42.976	0.11732	vapor
1144.7	1.0000	0.18931	5.2823	68.483	77.999	175.13	34.784	43.108	809.05	0.16120	43.038	0.11756	vapor
1146.4	1.0000	0.18904	5.2900	68.541	78.071	175.19	34.804	43.129	809.59	0.16051	43.099	0.11780	vapor
1148.0	1.0000	0.18876	5.2977	68.599	78.143	175.25	34.825	43.149	810.13	0.15982	43.160	0.11804	vapor
1149.7	1.0000	0.18849	5.3053	68.657	78.215	175.31	34.845	43.170	810.67	0.15913	43.221	0.11828	vapor
1151.4	1.0000	0.18822	5.3130	68.715	78.287	175.38	34.866	43.190	811.22	0.15845	43.283	0.11852	vapor
1153.0	1.0000	0.18794	5.3207	68.773	78.359	175.44	34.886	43.210	811.76	0.15778	43.344	0.11876	vapor
1154.7	1.0000	0.18767	5.3284	68.832	78.431	175.50	34.907	43.231	812.30	0.15710	43.405	0.11900	vapor
1156.4	1.0000	0.18740	5.3361	68.890	78.503	175.56	34.927	43.251	812.84	0.15643	43.466	0.11924	vapor
1158.0	1.0000	0.18713	5.3438	68.948	78.575	175.63	34.948	43.272	813.38	0.15577	43.527	0.11948	vapor
1159.7	1.0000	0.18686	5.3515	69.006	78.647	175.69	34.968	43.292	813.92	0.15510	43.588	0.11972	vapor
1161.4	1.0000	0.18659	5.3592	69.065	78.719	175.75	34.989	43.313	814.46	0.15444	43.649	0.11996	vapor
1163.0	1.0000	0.18633	5.3669	69.123	78.792	175.81	35.009	43.333	815.00	0.15379	43.710	0.12020	vapor
1164.7	1.0000	0.18606	5.3746	69.181	78.864	175.87	35.029	43.353	815.54	0.15313	43.771	0.12045	vapor
1166.4	1.0000	0.18579	5.3823	69.240	78.936	175.94	35.050	43.374	816.07	0.15248	43.832	0.12069	vapor
1168.0	1.0000	0.18553	5.3900	69.298	79.008	176.00	35.070	43.394	816.61	0.15184	43.892	0.12093	vapor
1169.7	1.0000	0.18526	5.3977	69.357	79.081	176.06	35.091	43.414	817.15	0.15120	43.953	0.12117	vapor
1171.3	1.0000	0.18500	5.4054	69.415	79.153	176.12	35.111	43.435	817.69	0.15056	44.014	0.12141	vapor
1173.0	1.0000	0.18474	5.4131	69.474	79.225	176.18	35.131	43.455	818.22	0.14992	44.075	0.12165	vapor
1174.7	1.0000	0.18448	5.4208	69.532	79.298	176.25	35.152	43.475	818.76	0.14929	44.136	0.12190	vapor
1176.3	1.0000	0.18421	5.4285	69.591	79.370	176.31	35.172	43.495	819.29	0.14866	44.196	0.12214	vapor
1178.0	1.0000	0.18395	5.4362	69.649	79.443	176.37	35.192	43.516	819.83	0.14803	44.257	0.12238	vapor
1179.7	1.0000	0.18369	5.4439	69.708	79.515	176.43	35.212	43.536	820.36	0.14741	44.317	0.12262	vapor
1181.3	1.0000	0.18343	5.4516	69.767	79.588	176.49	35.233	43.556	820.90	0.14679	44.378	0.12286	vapor
1183.0	1.0000	0.18318	5.4593	69.826	79.661	176.55	35.253	43.576	821.43	0.14617	44.439	0.12311	vapor
1184.7	1.0000	0.18292	5.4669	69.884	79.733	176.61	35.273	43.597	821.97	0.14556	44.499	0.12335	vapor
1186.3	1.0000	0.18266	5.4746	69.943	79.806	176.68	35.293	43.617	822.50	0.14495	44.560	0.12359	vapor
1188.0	1.0000	0.18240	5.4823	70.002	79.879	176.74	35.314	43.637	823.03	0.14434	44.620	0.12383	vapor
1189.7	1.0000	0.18215	5.4900	70.061	79.951	176.80	35.334	43.657	823.56	0.14374	44.680	0.12408	vapor
1191.3	1.0000	0.18189	5.4977	70.120	80.024	176.86	35.354	43.677	824.10	0.14314	44.741	0.12432	vapor
1193.0	1.0000	0.18164	5.5054	70.179	80.097	176.92	35.374	43.697	824.63	0.14254	44.801	0.12456	vapor
1194.7	1.0000	0.18139	5.5131	70.238	80.170	176.98	35.394	43.717	825.16	0.14194	44.862	0.12480	vapor
1196.3	1.0000	0.18113	5.5208	70.297	80.243	177.04	35.414	43.737	825.69	0.14135	44.922	0.12505	vapor
1198.0	1.0000	0.18088	5.5285	70.356	80.315	177.10	35.434	43.758	826.22	0.14076	44.982	0.12529	vapor
1199.7	1.0000	0.18063	5.5362	70.415	80.388	177.16	35.455	43.778	826.75	0.14018	45.042	0.12553	vapor
1201.3	1.0000	0.18038	5.5439	70.474	80.461	177.22	35.475	43.798	827.28	0.13959	45.102	0.12578	vapor
1203.0	1.0000	0.18013	5.5516	70.533	80.534	177.29	35.495	43.818	827.81	0.13901	45.163	0.12602	vapor
1204.7	1.0000	0.17988	5.5593	70.592	80.607	177.35	35.515	43.838	828.34	0.13844	45.223	0.12626	vapor
1206.3	1.0000	0.17963	5.5670	70.651	80.680	177.41	35.535	43.858	828.87	0.13786	45.283	0.12651	vapor
1208.0	1.0000	0.17938	5.5747	70.711	80.754	177.47	35.555	43.878	829.40	0.13729	45.343	0.12675	vapor
1209.7	1.0000	0.17914	5.5824	70.770	80.827	177.53	35.575	43.898	829.92	0.13672	45.403	0.12699	vapor
1211.3	1.0000	0.17889	5.5901	70.829	80.900	177.59	35.595	43.918	830.45	0.13616	45.463	0.12724	vapor
1213.0	1.0000	0.17864	5.5978	70.889	80.973	177.65	35.615	43.938	830.98	0.13559	45.523	0.12748	vapor
1214.7	1.0000	0.17840	5.6055	70.948	81.046	177.71	35.635	43.957	831.51	0.13503	45.583	0.12772	vapor
1216.3	1.0000	0.17815	5.6131	71.007	81.120	177.77	35.655	43.977	832.03	0.13448	45.643	0.12797	vapor
1218.0	1.0000	0.17791	5.6208	71.067	81.193	177.83	35.675	43.997	832.56	0.13392	45.703	0.12821	vapor
1219.7	1.0000	0.17767	5.6285	71.126	81.266	177.89	35.695	44.017	833.08	0.13337	45.762	0.12846	vapor
1221.3	1.0000	0.17742	5.6362	71.186	81.340	177.95	35.714	44.037	833.61	0.13282	45.822	0.12870	vapor
1223.0	1.0000	0.17718	5.6439	71.245	81.413	178.01	35.734	44.057	834.13	0.13227	45.882	0.12895	vapor
1224.7	1.0000	0.17694	5.6516	71.305	81.486	178.07	35.754	44.077	834.66	0.13173	45.942	0.12919	vapor
1226.3	1.0000	0.17670	5.6593	71.364	81.560	178.13	35.774	44.096	835.18	0.13119	46.001	0.12943	vapor
1228.0	1.0000	0.17646	5.6670	71.424	81.633	178.19	35.794	44.116	835.71	0.13065	46.061	0.12968	vapor
1229.7	1.0000	0.17622	5.6747	71.484	81.707	178.25	35.814	44.136	836.23	0.13012	46.121	0.12992	vapor
1231.3	1.0000	0.17598	5.6824	71.543	81.780	178.31	35.833	44.156	836.75	0.12958	46.180	0.13017	vapor
1233.0	1.0000	0.17574	5.6901	71.603	81.854	178.37	35.853	44.176	837.28	0.12905	46.240	0.13041	vapor
1234.7	1.0000	0.17551	5.6978	71.663	81.928	178.43	35.873	44.195	837.80	0.12852	46.299	0.13066	vapor
1236.3	1.0000	0.17527	5.7055	71.723	82.001	178.49	35.893	44.215	838.32	0.12800	46.359	0.13090	vapor
1238.0	1.0000	0.17503	5.7132	71.783	82.075	178.55	35.912	44.235	838.84	0.12748	46.418	0.13115	vapor
1239.7	1.0000	0.17480	5.7209	71.842	82.149	178.61	35.932	44.254	839.36	0.12696	46.478	0.13139	vapor
1241.3	1.0000	0.17456	5.7286	71.902	82.223	178.67	35.952	44.274	839.88	0.12644	46.537	0.13164	vapor
1243.0	1.0000	0.17433	5.7363	71.962	82.296	178.73	35.972	44.294	840.41	0.12592	46.597	0.13188	vapor
1244.7	1.0000	0.17410	5.7440	72.022	82.370	178.79	35.991	44.313	840.93	0.12541	46.656	0.13213	vapor
1246.3	1.0000	0.17386	5.7516	72.082	82.444	178.85	36.011	44.333	841.45	0.12490	46.715	0.13237	vapor
1248.0	1.0000	0.17363	5.7593	72.142	82.518	178.90	36.031	44.353	841.97	0.12439	46.775	0.13262	vapor
1249.7	1.0000	0.17340	5.7670	72.202	82.592	178.96	36.050	44.372	842.48	0.12389	46.834	0.13286	vapor
1251.3	1.0000	0.17317	5.7747	72.262	82.666	179.02	36.070	44.392	843.00	0.12339	46.893	0.13311	vapor
1253.0	1.0000	0.17294	5.7824	72.323	82.740	179.08	36.089	44.411	843.52	0.12289	46.952	0.13336	vapor
1254.7	1.0000	0.17271	5.7901	72.383	82.814	179.14	36.109	44.431	844.04	0.12239	47.012	0.13360	vapor
1256.3	1.0000	0.17248	5.7978	72.443	82.888	179.20	36.128	44.450	844.56	0.12189	47.071	0.13385	vapor
1258.0	1.0000	0.17225	5.8055	72.503	82.962	179.26	36.148	44.470	845.08	0.12140	47.130	0.13409	vapor
1259.7	1.0000	0.17202	5.8132	72.563	83.036	179.32	36.167	44.489	845.59	0.12091	47.189	0.13434	vapor
1261.3	1.0000	0.17179	5.8209	72.624	83.110	179.38	36.187	44.509	846.11	0.12042	47.248	0.13459	vapor
1263.0	1.0000	0.17157	5.8286	72.684	83.184	179.44	36.206	44.528	846.63	0.11994	47.307	0.13483	vapor
1264.7	1.0000	0.17134	5.8363	72.744	83.259	179.49	36.226	44.548	847.14	0.11945	47.366	0.13508	vapor
1266.3	1.0000	0.17112	5.8440	72.805	83.333	179.55	36.245	44.567	847.66	0.11897	47.425	0.13532	vapor
1268.0	1.0000	0.17089	5.8517	72.865	83.407	179.61	36.265	44.586	848.17	0.11849	47.484	0.13557	vapor
1269.7	1.0000	0.17067	5.8594	72.926	83.481	179.67	36.284	44.606	848.69	0.11801	47.543	0.13582	vapor
1271.3	1.0000	0.17044	5.8671	72.986	83.556	179.73	36.303	44.625	849.20	0.11754	47.601	0.13606	vapor
1273.0	1.0000	0.17022	5.8748	73.047	83.630	179.79	36.323	44.644	849.72	0.11707	47.660	0.13631	vapor
