Temperature (C)	Pressure (bar)	Density (kg/m3)	Volume (m3/kg)	Internal Energy (kJ/kg)	Enthalpy (kJ/kg)	Entropy (J/g*K)	Cv (J/g*K)	Cp (J/g*K)	Sound Spd. (m/s)	Joule-Thomson (K/bar)	Viscosity (uPa*s)	Therm. Cond. (W/m*K)	Phase
25.000	1.0000	997.05	0.0010030	104.82	104.92	0.36720	4.1376	4.1813	1496.7	-0.022147	890.08	0.60719	liquid
25.000	2.0000	997.09	0.0010029	104.81	105.01	0.36717	4.1372	4.1810	1496.9	-0.022146	890.06	0.60724	liquid
25.000	3.0000	997.14	0.0010029	104.80	105.10	0.36715	4.1369	4.1807	1497.0	-0.022146	890.04	0.60728	liquid
25.000	4.0000	997.18	0.0010028	104.80	105.20	0.36712	4.1366	4.1805	1497.2	-0.022146	890.01	0.60733	liquid
25.000	5.0000	997.23	0.0010028	104.79	105.29	0.36710	4.1362	4.1802	1497.4	-0.022146	889.99	0.60738	liquid
25.000	6.0000	997.27	0.0010027	104.78	105.38	0.36707	4.1359	4.1799	1497.5	-0.022145	889.97	0.60742	liquid
25.000	7.0000	997.32	0.0010027	104.77	105.47	0.36704	4.1356	4.1796	1497.7	-0.022145	889.94	0.60747	liquid
25.000	8.0000	997.36	0.0010026	104.76	105.57	0.36702	4.1352	4.1793	1497.9	-0.022145	889.92	0.60751	liquid
25.000	9.0000	997.41	0.0010026	104.76	105.66	0.36699	4.1349	4.1790	1498.0	-0.022145	889.90	0.60756	liquid
25.000	10.000	997.45	0.0010026	104.75	105.75	0.36697	4.1345	4.1787	1498.2	-0.022144	889.87	0.60760	liquid
25.000	11.000	997.50	0.0010025	104.74	105.84	0.36694	4.1342	4.1784	1498.4	-0.022144	889.85	0.60765	liquid
25.000	12.000	997.54	0.0010025	104.73	105.94	0.36692	4.1339	4.1781	1498.5	-0.022144	889.83	0.60769	liquid
25.000	13.000	997.59	0.0010024	104.73	106.03	0.36689	4.1335	4.1779	1498.7	-0.022143	889.80	0.60774	liquid
25.000	14.000	997.63	0.0010024	104.72	106.12	0.36686	4.1332	4.1776	1498.9	-0.022143	889.78	0.60778	liquid
25.000	15.000	997.68	0.0010023	104.71	106.21	0.36684	4.1329	4.1773	1499.0	-0.022143	889.76	0.60783	liquid
25.000	16.000	997.72	0.0010023	104.70	106.31	0.36681	4.1325	4.1770	1499.2	-0.022143	889.73	0.60787	liquid
25.000	17.000	997.77	0.0010022	104.70	106.40	0.36679	4.1322	4.1767	1499.4	-0.022142	889.71	0.60792	liquid
25.000	18.000	997.81	0.0010022	104.69	106.49	0.36676	4.1319	4.1764	1499.5	-0.022142	889.69	0.60796	liquid
25.000	19.000	997.86	0.0010021	104.68	106.58	0.36673	4.1315	4.1761	1499.7	-0.022142	889.67	0.60801	liquid
25.000	20.000	997.90	0.0010021	104.67	106.68	0.36671	4.1312	4.1759	1499.9	-0.022142	889.64	0.60805	liquid
25.000	21.000	997.95	0.0010021	104.67	106.77	0.36668	4.1309	4.1756	1500.1	-0.022141	889.62	0.60810	liquid
25.000	22.000	997.99	0.0010020	104.66	106.86	0.36666	4.1305	4.1753	1500.2	-0.022141	889.60	0.60815	liquid
25.000	23.000	998.04	0.0010020	104.65	106.95	0.36663	4.1302	4.1750	1500.4	-0.022141	889.58	0.60819	liquid
25.000	24.000	998.08	0.0010019	104.64	107.05	0.36660	4.1299	4.1747	1500.6	-0.022140	889.55	0.60824	liquid
25.000	25.000	998.13	0.0010019	104.63	107.14	0.36658	4.1295	4.1744	1500.7	-0.022140	889.53	0.60828	liquid
25.000	26.000	998.17	0.0010018	104.63	107.23	0.36655	4.1292	4.1741	1500.9	-0.022140	889.51	0.60833	liquid
25.000	27.000	998.22	0.0010018	104.62	107.32	0.36653	4.1289	4.1739	1501.1	-0.022140	889.49	0.60837	liquid
25.000	28.000	998.26	0.0010017	104.61	107.42	0.36650	4.1285	4.1736	1501.2	-0.022139	889.46	0.60842	liquid
25.000	29.000	998.31	0.0010017	104.60	107.51	0.36647	4.1282	4.1733	1501.4	-0.022139	889.44	0.60846	liquid
25.000	30.000	998.35	0.0010017	104.60	107.60	0.36645	4.1279	4.1730	1501.6	-0.022139	889.42	0.60851	liquid
25.000	31.000	998.40	0.0010016	104.59	107.69	0.36642	4.1275	4.1727	1501.7	-0.022139	889.40	0.60855	liquid
25.000	32.000	998.44	0.0010016	104.58	107.79	0.36640	4.1272	4.1724	1501.9	-0.022138	889.38	0.60860	liquid
25.000	33.000	998.49	0.0010015	104.57	107.88	0.36637	4.1269	4.1722	1502.1	-0.022138	889.35	0.60864	liquid
25.000	34.000	998.53	0.0010015	104.57	107.97	0.36634	4.1266	4.1719	1502.2	-0.022138	889.33	0.60869	liquid
25.000	35.000	998.58	0.0010014	104.56	108.06	0.36632	4.1262	4.1716	1502.4	-0.022137	889.31	0.60873	liquid
25.000	36.000	998.62	0.0010014	104.55	108.16	0.36629	4.1259	4.1713	1502.6	-0.022137	889.29	0.60878	liquid
25.000	37.000	998.66	0.0010013	104.54	108.25	0.36626	4.1256	4.1710	1502.7	-0.022137	889.27	0.60883	liquid
25.000	38.000	998.71	0.0010013	104.54	108.34	0.36624	4.1252	4.1707	1502.9	-0.022137	889.25	0.60887	liquid
25.000	39.000	998.75	0.0010012	104.53	108.43	0.36621	4.1249	4.1705	1503.1	-0.022136	889.22	0.60892	liquid
25.000	40.000	998.80	0.0010012	104.52	108.52	0.36619	4.1246	4.1702	1503.2	-0.022136	889.20	0.60896	liquid
25.000	41.000	998.84	0.0010012	104.51	108.62	0.36616	4.1242	4.1699	1503.4	-0.022136	889.18	0.60901	liquid
25.000	42.000	998.89	0.0010011	104.50	108.71	0.36613	4.1239	4.1696	1503.6	-0.022135	889.16	0.60905	liquid
25.000	43.000	998.93	0.0010011	104.50	108.80	0.36611	4.1236	4.1693	1503.7	-0.022135	889.14	0.60910	liquid
25.000	44.000	998.98	0.0010010	104.49	108.89	0.36608	4.1233	4.1691	1503.9	-0.022135	889.12	0.60914	liquid
25.000	45.000	999.02	0.0010010	104.48	108.99	0.36605	4.1229	4.1688	1504.1	-0.022135	889.10	0.60919	liquid
25.000	46.000	999.07	0.0010009	104.47	109.08	0.36603	4.1226	4.1685	1504.2	-0.022134	889.07	0.60923	liquid
25.000	47.000	999.11	0.0010009	104.47	109.17	0.36600	4.1223	4.1682	1504.4	-0.022134	889.05	0.60928	liquid
25.000	48.000	999.16	0.0010008	104.46	109.26	0.36598	4.1219	4.1679	1504.6	-0.022134	889.03	0.60933	liquid
25.000	49.000	999.20	0.0010008	104.45	109.36	0.36595	4.1216	4.1676	1504.7	-0.022133	889.01	0.60937	liquid
25.000	50.000	999.25	0.0010008	104.44	109.45	0.36592	4.1213	4.1674	1504.9	-0.022133	888.99	0.60942	liquid
25.000	51.000	999.29	0.0010007	104.44	109.54	0.36590	4.1210	4.1671	1505.1	-0.022133	888.97	0.60946	liquid
25.000	52.000	999.34	0.0010007	104.43	109.63	0.36587	4.1206	4.1668	1505.2	-0.022133	888.95	0.60951	liquid
25.000	53.000	999.38	0.0010006	104.42	109.72	0.36584	4.1203	4.1665	1505.4	-0.022132	888.93	0.60955	liquid
25.000	54.000	999.42	0.0010006	104.41	109.82	0.36582	4.1200	4.1663	1505.6	-0.022132	888.91	0.60960	liquid
25.000	55.000	999.47	0.0010005	104.41	109.91	0.36579	4.1196	4.1660	1505.7	-0.022132	888.89	0.60964	liquid
25.000	56.000	999.51	0.0010005	104.40	110.00	0.36577	4.1193	4.1657	1505.9	-0.022131	888.86	0.60969	liquid
25.000	57.000	999.56	0.0010004	104.39	110.09	0.36574	4.1190	4.1654	1506.1	-0.022131	888.84	0.60973	liquid
25.000	58.000	999.60	0.0010004	104.38	110.19	0.36571	4.1187	4.1651	1506.2	-0.022131	888.82	0.60978	liquid
25.000	59.000	999.65	0.0010004	104.38	110.28	0.36569	4.1183	4.1649	1506.4	-0.022130	888.80	0.60982	liquid
25.000	60.000	999.69	0.0010003	104.37	110.37	0.36566	4.1180	4.1646	1506.6	-0.022130	888.78	0.60987	liquid
25.000	61.000	999.74	0.0010003	104.36	110.46	0.36563	4.1177	4.1643	1506.7	-0.022130	888.76	0.60992	liquid
25.000	62.000	999.78	0.0010002	104.35	110.55	0.36561	4.1174	4.1640	1506.9	-0.022130	888.74	0.60996	liquid
25.000	63.000	999.83	0.0010002	104.34	110.65	0.36558	4.1170	4.1638	1507.1	-0.022129	888.72	0.61001	liquid
25.000	64.000	999.87	0.0010001	104.34	110.74	0.36555	4.1167	4.1635	1507.2	-0.022129	888.70	0.61005	liquid
25.000	65.000	999.91	0.0010001	104.33	110.83	0.36553	4.1164	4.1632	1507.4	-0.022129	888.68	0.61010	liquid
25.000	66.000	999.96	0.0010000	104.32	110.92	0.36550	4.1161	4.1629	1507.6	-0.022128	888.66	0.61014	liquid
25.000	67.000	1000.0	0.0010000	104.31	111.01	0.36548	4.1157	4.1626	1507.8	-0.022128	888.64	0.61019	liquid
25.000	68.000	1000.0	0.00099995	104.31	111.11	0.36545	4.1154	4.1624	1507.9	-0.022128	888.62	0.61023	liquid
25.000	69.000	1000.1	0.00099991	104.30	111.20	0.36542	4.1151	4.1621	1508.1	-0.022127	888.60	0.61028	liquid
25.000	70.000	1000.1	0.00099986	104.29	111.29	0.36540	4.1148	4.1618	1508.3	-0.022127	888.58	0.61032	liquid
25.000	71.000	1000.2	0.00099982	104.28	111.38	0.36537	4.1144	4.1615	1508.4	-0.022127	888.56	0.61037	liquid
25.000	72.000	1000.2	0.00099977	104.28	111.47	0.36534	4.1141	4.1613	1508.6	-0.022127	888.54	0.61042	liquid
25.000	73.000	1000.3	0.00099973	104.27	111.57	0.36532	4.1138	4.1610	1508.8	-0.022126	888.52	0.61046	liquid
25.000	74.000	1000.3	0.00099969	104.26	111.66	0.36529	4.1135	4.1607	1508.9	-0.022126	888.50	0.61051	liquid
25.000	75.000	1000.4	0.00099964	104.25	111.75	0.36526	4.1131	4.1604	1509.1	-0.022126	888.48	0.61055	liquid
25.000	76.000	1000.4	0.00099960	104.25	111.84	0.36524	4.1128	4.1602	1509.3	-0.022125	888.46	0.61060	liquid
25.000	77.000	1000.4	0.00099955	104.24	111.94	0.36521	4.1125	4.1599	1509.4	-0.022125	888.44	0.61064	liquid
25.000	78.000	1000.5	0.00099951	104.23	112.03	0.36518	4.1122	4.1596	1509.6	-0.022125	888.42	0.61069	liquid
25.000	79.000	1000.5	0.00099946	104.22	112.12	0.36516	4.1119	4.1593	1509.8	-0.022124	888.40	0.61073	liquid
25.000	80.000	1000.6	0.00099942	104.22	112.21	0.36513	4.1115	4.1591	1509.9	-0.022124	888.38	0.61078	liquid
25.000	81.000	1000.6	0.00099937	104.21	112.30	0.36510	4.1112	4.1588	1510.1	-0.022124	888.36	0.61083	liquid
25.000	82.000	1000.7	0.00099933	104.20	112.40	0.36508	4.1109	4.1585	1510.3	-0.022124	888.34	0.61087	liquid
25.000	83.000	1000.7	0.00099929	104.19	112.49	0.36505	4.1106	4.1583	1510.4	-0.022123	888.32	0.61092	liquid
25.000	84.000	1000.8	0.00099924	104.19	112.58	0.36502	4.1102	4.1580	1510.6	-0.022123	888.30	0.61096	liquid
25.000	85.000	1000.8	0.00099920	104.18	112.67	0.36500	4.1099	4.1577	1510.8	-0.022123	888.29	0.61101	liquid
25.000	86.000	1000.8	0.00099915	104.17	112.76	0.36497	4.1096	4.1574	1510.9	-0.022122	888.27	0.61105	liquid
25.000	87.000	1000.9	0.00099911	104.16	112.86	0.36494	4.1093	4.1572	1511.1	-0.022122	888.25	0.61110	liquid
25.000	88.000	1000.9	0.00099906	104.16	112.95	0.36492	4.1090	4.1569	1511.3	-0.022122	888.23	0.61114	liquid
25.000	89.000	1001.0	0.00099902	104.15	113.04	0.36489	4.1086	4.1566	1511.4	-0.022121	888.21	0.61119	liquid
25.000	90.000	1001.0	0.00099898	104.14	113.13	0.36486	4.1083	4.1563	1511.6	-0.022121	888.19	0.61123	liquid
25.000	91.000	1001.1	0.00099893	104.13	113.22	0.36484	4.1080	4.1561	1511.8	-0.022121	888.17	0.61128	liquid
25.000	92.000	1001.1	0.00099889	104.13	113.31	0.36481	4.1077	4.1558	1511.9	-0.022120	888.15	0.61133	liquid
25.000	93.000	1001.2	0.00099884	104.12	113.41	0.36478	4.1074	4.1555	1512.1	-0.022120	888.13	0.61137	liquid
25.000	94.000	1001.2	0.00099880	104.11	113.50	0.36476	4.1070	4.1553	1512.3	-0.022120	888.11	0.61142	liquid
25.000	95.000	1001.2	0.00099876	104.10	113.59	0.36473	4.1067	4.1550	1512.4	-0.022120	888.10	0.61146	liquid
25.000	96.000	1001.3	0.00099871	104.09	113.68	0.36470	4.1064	4.1547	1512.6	-0.022119	888.08	0.61151	liquid
25.000	97.000	1001.3	0.00099867	104.09	113.77	0.36468	4.1061	4.1545	1512.8	-0.022119	888.06	0.61155	liquid
25.000	98.000	1001.4	0.00099862	104.08	113.87	0.36465	4.1058	4.1542	1512.9	-0.022119	888.04	0.61160	liquid
25.000	99.000	1001.4	0.00099858	104.07	113.96	0.36462	4.1054	4.1539	1513.1	-0.022118	888.02	0.61164	liquid
25.000	100.00	1001.5	0.00099854	104.06	114.05	0.36460	4.1051	4.1536	1513.3	-0.022118	888.00	0.61169	liquid
25.000	101.00	1001.5	0.00099849	104.06	114.14	0.36457	4.1048	4.1534	1513.4	-0.022118	887.98	0.61174	liquid
25.000	102.00	1001.6	0.00099845	104.05	114.23	0.36454	4.1045	4.1531	1513.6	-0.022117	887.97	0.61178	liquid
25.000	103.00	1001.6	0.00099840	104.04	114.33	0.36452	4.1042	4.1528	1513.8	-0.022117	887.95	0.61183	liquid
25.000	104.00	1001.6	0.00099836	104.03	114.42	0.36449	4.1038	4.1526	1513.9	-0.022117	887.93	0.61187	liquid
25.000	105.00	1001.7	0.00099832	104.03	114.51	0.36446	4.1035	4.1523	1514.1	-0.022116	887.91	0.61192	liquid
25.000	106.00	1001.7	0.00099827	104.02	114.60	0.36444	4.1032	4.1520	1514.3	-0.022116	887.89	0.61196	liquid
25.000	107.00	1001.8	0.00099823	104.01	114.69	0.36441	4.1029	4.1518	1514.4	-0.022116	887.88	0.61201	liquid
25.000	108.00	1001.8	0.00099818	104.00	114.78	0.36438	4.1026	4.1515	1514.6	-0.022115	887.86	0.61205	liquid
25.000	109.00	1001.9	0.00099814	104.00	114.88	0.36436	4.1023	4.1512	1514.8	-0.022115	887.84	0.61210	liquid
25.000	110.00	1001.9	0.00099810	103.99	114.97	0.36433	4.1019	4.1510	1514.9	-0.022115	887.82	0.61215	liquid
25.000	111.00	1002.0	0.00099805	103.98	115.06	0.36430	4.1016	4.1507	1515.1	-0.022114	887.80	0.61219	liquid
25.000	112.00	1002.0	0.00099801	103.97	115.15	0.36427	4.1013	4.1504	1515.3	-0.022114	887.79	0.61224	liquid
25.000	113.00	1002.0	0.00099796	103.97	115.24	0.36425	4.1010	4.1502	1515.4	-0.022114	887.77	0.61228	liquid
25.000	114.00	1002.1	0.00099792	103.96	115.34	0.36422	4.1007	4.1499	1515.6	-0.022113	887.75	0.61233	liquid
25.000	115.00	1002.1	0.00099788	103.95	115.43	0.36419	4.1004	4.1496	1515.8	-0.022113	887.73	0.61237	liquid
25.000	116.00	1002.2	0.00099783	103.94	115.52	0.36417	4.1000	4.1494	1515.9	-0.022113	887.71	0.61242	liquid
25.000	117.00	1002.2	0.00099779	103.94	115.61	0.36414	4.0997	4.1491	1516.1	-0.022112	887.70	0.61246	liquid
25.000	118.00	1002.3	0.00099774	103.93	115.70	0.36411	4.0994	4.1488	1516.3	-0.022112	887.68	0.61251	liquid
25.000	119.00	1002.3	0.00099770	103.92	115.79	0.36409	4.0991	4.1486	1516.4	-0.022112	887.66	0.61256	liquid
25.000	120.00	1002.3	0.00099766	103.91	115.89	0.36406	4.0988	4.1483	1516.6	-0.022111	887.64	0.61260	liquid
25.000	121.00	1002.4	0.00099761	103.91	115.98	0.36403	4.0985	4.1480	1516.8	-0.022111	887.63	0.61265	liquid
25.000	122.00	1002.4	0.00099757	103.90	116.07	0.36401	4.0981	4.1478	1516.9	-0.022111	887.61	0.61269	liquid
25.000	123.00	1002.5	0.00099753	103.89	116.16	0.36398	4.0978	4.1475	1517.1	-0.022111	887.59	0.61274	liquid
25.000	124.00	1002.5	0.00099748	103.88	116.25	0.36395	4.0975	4.1472	1517.3	-0.022110	887.58	0.61278	liquid
25.000	125.00	1002.6	0.00099744	103.88	116.34	0.36392	4.0972	4.1470	1517.4	-0.022110	887.56	0.61283	liquid
25.000	126.00	1002.6	0.00099739	103.87	116.44	0.36390	4.0969	4.1467	1517.6	-0.022110	887.54	0.61287	liquid
25.000	127.00	1002.7	0.00099735	103.86	116.53	0.36387	4.0966	4.1464	1517.8	-0.022109	887.52	0.61292	liquid
25.000	128.00	1002.7	0.00099731	103.85	116.62	0.36384	4.0963	4.1462	1518.0	-0.022109	887.51	0.61297	liquid
25.000	129.00	1002.7	0.00099726	103.85	116.71	0.36382	4.0959	4.1459	1518.1	-0.022109	887.49	0.61301	liquid
25.000	130.00	1002.8	0.00099722	103.84	116.80	0.36379	4.0956	4.1456	1518.3	-0.022108	887.47	0.61306	liquid
25.000	131.00	1002.8	0.00099718	103.83	116.89	0.36376	4.0953	4.1454	1518.5	-0.022108	887.46	0.61310	liquid
25.000	132.00	1002.9	0.00099713	103.82	116.99	0.36374	4.0950	4.1451	1518.6	-0.022108	887.44	0.61315	liquid
25.000	133.00	1002.9	0.00099709	103.82	117.08	0.36371	4.0947	4.1449	1518.8	-0.022107	887.42	0.61319	liquid
25.000	134.00	1003.0	0.00099704	103.81	117.17	0.36368	4.0944	4.1446	1519.0	-0.022107	887.41	0.61324	liquid
25.000	135.00	1003.0	0.00099700	103.80	117.26	0.36365	4.0941	4.1443	1519.1	-0.022107	887.39	0.61328	liquid
25.000	136.00	1003.1	0.00099696	103.79	117.35	0.36363	4.0938	4.1441	1519.3	-0.022106	887.37	0.61333	liquid
25.000	137.00	1003.1	0.00099691	103.79	117.44	0.36360	4.0934	4.1438	1519.5	-0.022106	887.36	0.61338	liquid
25.000	138.00	1003.1	0.00099687	103.78	117.54	0.36357	4.0931	4.1435	1519.6	-0.022106	887.34	0.61342	liquid
25.000	139.00	1003.2	0.00099683	103.77	117.63	0.36355	4.0928	4.1433	1519.8	-0.022105	887.32	0.61347	liquid
25.000	140.00	1003.2	0.00099678	103.76	117.72	0.36352	4.0925	4.1430	1520.0	-0.022105	887.31	0.61351	liquid
25.000	141.00	1003.3	0.00099674	103.76	117.81	0.36349	4.0922	4.1428	1520.1	-0.022105	887.29	0.61356	liquid
25.000	142.00	1003.3	0.00099670	103.75	117.90	0.36346	4.0919	4.1425	1520.3	-0.022104	887.27	0.61360	liquid
25.000	143.00	1003.4	0.00099665	103.74	117.99	0.36344	4.0916	4.1422	1520.5	-0.022104	887.26	0.61365	liquid
25.000	144.00	1003.4	0.00099661	103.73	118.09	0.36341	4.0913	4.1420	1520.6	-0.022104	887.24	0.61369	liquid
25.000	145.00	1003.4	0.00099657	103.73	118.18	0.36338	4.0909	4.1417	1520.8	-0.022103	887.22	0.61374	liquid
25.000	146.00	1003.5	0.00099652	103.72	118.27	0.36335	4.0906	4.1414	1521.0	-0.022103	887.21	0.61379	liquid
25.000	147.00	1003.5	0.00099648	103.71	118.36	0.36333	4.0903	4.1412	1521.1	-0.022102	887.19	0.61383	liquid
25.000	148.00	1003.6	0.00099644	103.70	118.45	0.36330	4.0900	4.1409	1521.3	-0.022102	887.18	0.61388	liquid
25.000	149.00	1003.6	0.00099639	103.70	118.54	0.36327	4.0897	4.1407	1521.5	-0.022102	887.16	0.61392	liquid
25.000	150.00	1003.7	0.00099635	103.69	118.63	0.36325	4.0894	4.1404	1521.6	-0.022101	887.14	0.61397	liquid
25.000	151.00	1003.7	0.00099631	103.68	118.73	0.36322	4.0891	4.1401	1521.8	-0.022101	887.13	0.61401	liquid
25.000	152.00	1003.8	0.00099626	103.67	118.82	0.36319	4.0888	4.1399	1522.0	-0.022101	887.11	0.61406	liquid
25.000	153.00	1003.8	0.00099622	103.67	118.91	0.36316	4.0885	4.1396	1522.1	-0.022100	887.10	0.61411	liquid
25.000	154.00	1003.8	0.00099618	103.66	119.00	0.36314	4.0882	4.1394	1522.3	-0.022100	887.08	0.61415	liquid
25.000	155.00	1003.9	0.00099613	103.65	119.09	0.36311	4.0878	4.1391	1522.5	-0.022100	887.07	0.61420	liquid
25.000	156.00	1003.9	0.00099609	103.64	119.18	0.36308	4.0875	4.1389	1522.6	-0.022099	887.05	0.61424	liquid
25.000	157.00	1004.0	0.00099605	103.64	119.27	0.36306	4.0872	4.1386	1522.8	-0.022099	887.03	0.61429	liquid
25.000	158.00	1004.0	0.00099600	103.63	119.37	0.36303	4.0869	4.1383	1523.0	-0.022099	887.02	0.61433	liquid
25.000	159.00	1004.1	0.00099596	103.62	119.46	0.36300	4.0866	4.1381	1523.1	-0.022098	887.00	0.61438	liquid
25.000	160.00	1004.1	0.00099592	103.61	119.55	0.36297	4.0863	4.1378	1523.3	-0.022098	886.99	0.61442	liquid
25.000	161.00	1004.1	0.00099587	103.61	119.64	0.36295	4.0860	4.1376	1523.5	-0.022098	886.97	0.61447	liquid
25.000	162.00	1004.2	0.00099583	103.60	119.73	0.36292	4.0857	4.1373	1523.6	-0.022097	886.96	0.61452	liquid
25.000	163.00	1004.2	0.00099579	103.59	119.82	0.36289	4.0854	4.1370	1523.8	-0.022097	886.94	0.61456	liquid
25.000	164.00	1004.3	0.00099574	103.58	119.91	0.36286	4.0851	4.1368	1524.0	-0.022097	886.93	0.61461	liquid
25.000	165.00	1004.3	0.00099570	103.58	120.01	0.36284	4.0848	4.1365	1524.1	-0.022096	886.91	0.61465	liquid
25.000	166.00	1004.4	0.00099566	103.57	120.10	0.36281	4.0845	4.1363	1524.3	-0.022096	886.90	0.61470	liquid
25.000	167.00	1004.4	0.00099561	103.56	120.19	0.36278	4.0841	4.1360	1524.5	-0.022096	886.88	0.61474	liquid
25.000	168.00	1004.5	0.00099557	103.55	120.28	0.36275	4.0838	4.1358	1524.6	-0.022095	886.87	0.61479	liquid
25.000	169.00	1004.5	0.00099553	103.55	120.37	0.36273	4.0835	4.1355	1524.8	-0.022095	886.85	0.61483	liquid
25.000	170.00	1004.5	0.00099548	103.54	120.46	0.36270	4.0832	4.1353	1525.0	-0.022095	886.84	0.61488	liquid
25.000	171.00	1004.6	0.00099544	103.53	120.55	0.36267	4.0829	4.1350	1525.1	-0.022094	886.82	0.61493	liquid
25.000	172.00	1004.6	0.00099540	103.53	120.65	0.36264	4.0826	4.1347	1525.3	-0.022094	886.81	0.61497	liquid
25.000	173.00	1004.7	0.00099535	103.52	120.74	0.36262	4.0823	4.1345	1525.5	-0.022094	886.79	0.61502	liquid
25.000	174.00	1004.7	0.00099531	103.51	120.83	0.36259	4.0820	4.1342	1525.6	-0.022093	886.78	0.61506	liquid
25.000	175.00	1004.8	0.00099527	103.50	120.92	0.36256	4.0817	4.1340	1525.8	-0.022093	886.76	0.61511	liquid
25.000	176.00	1004.8	0.00099522	103.50	121.01	0.36253	4.0814	4.1337	1526.0	-0.022092	886.75	0.61515	liquid
25.000	177.00	1004.8	0.00099518	103.49	121.10	0.36251	4.0811	4.1335	1526.1	-0.022092	886.73	0.61520	liquid
25.000	178.00	1004.9	0.00099514	103.48	121.19	0.36248	4.0808	4.1332	1526.3	-0.022092	886.72	0.61525	liquid
25.000	179.00	1004.9	0.00099510	103.47	121.29	0.36245	4.0805	4.1330	1526.5	-0.022091	886.70	0.61529	liquid
25.000	180.00	1005.0	0.00099505	103.47	121.38	0.36242	4.0802	4.1327	1526.6	-0.022091	886.69	0.61534	liquid
25.000	181.00	1005.0	0.00099501	103.46	121.47	0.36240	4.0799	4.1324	1526.8	-0.022091	886.67	0.61538	liquid
25.000	182.00	1005.1	0.00099497	103.45	121.56	0.36237	4.0796	4.1322	1527.0	-0.022090	886.66	0.61543	liquid
25.000	183.00	1005.1	0.00099492	103.44	121.65	0.36234	4.0793	4.1319	1527.1	-0.022090	886.65	0.61547	liquid
25.000	184.00	1005.1	0.00099488	103.44	121.74	0.36231	4.0789	4.1317	1527.3	-0.022090	886.63	0.61552	liquid
25.000	185.00	1005.2	0.00099484	103.43	121.83	0.36229	4.0786	4.1314	1527.5	-0.022089	886.62	0.61556	liquid
25.000	186.00	1005.2	0.00099479	103.42	121.92	0.36226	4.0783	4.1312	1527.6	-0.022089	886.60	0.61561	liquid
25.000	187.00	1005.3	0.00099475	103.41	122.02	0.36223	4.0780	4.1309	1527.8	-0.022089	886.59	0.61566	liquid
25.000	188.00	1005.3	0.00099471	103.41	122.11	0.36220	4.0777	4.1307	1528.0	-0.022088	886.58	0.61570	liquid
25.000	189.00	1005.4	0.00099467	103.40	122.20	0.36218	4.0774	4.1304	1528.1	-0.022088	886.56	0.61575	liquid
25.000	190.00	1005.4	0.00099462	103.39	122.29	0.36215	4.0771	4.1302	1528.3	-0.022087	886.55	0.61579	liquid
25.000	191.00	1005.5	0.00099458	103.38	122.38	0.36212	4.0768	4.1299	1528.5	-0.022087	886.53	0.61584	liquid
25.000	192.00	1005.5	0.00099454	103.38	122.47	0.36209	4.0765	4.1297	1528.6	-0.022087	886.52	0.61588	liquid
25.000	193.00	1005.5	0.00099449	103.37	122.56	0.36207	4.0762	4.1294	1528.8	-0.022086	886.51	0.61593	liquid
25.000	194.00	1005.6	0.00099445	103.36	122.65	0.36204	4.0759	4.1292	1529.0	-0.022086	886.49	0.61598	liquid
25.000	195.00	1005.6	0.00099441	103.35	122.75	0.36201	4.0756	4.1289	1529.1	-0.022086	886.48	0.61602	liquid
25.000	196.00	1005.7	0.00099437	103.35	122.84	0.36198	4.0753	4.1287	1529.3	-0.022085	886.46	0.61607	liquid
25.000	197.00	1005.7	0.00099432	103.34	122.93	0.36195	4.0750	4.1284	1529.5	-0.022085	886.45	0.61611	liquid
25.000	198.00	1005.8	0.00099428	103.33	123.02	0.36193	4.0747	4.1282	1529.6	-0.022085	886.44	0.61616	liquid
25.000	199.00	1005.8	0.00099424	103.32	123.11	0.36190	4.0744	4.1279	1529.8	-0.022084	886.42	0.61620	liquid
25.000	200.00	1005.8	0.00099419	103.32	123.20	0.36187	4.0741	4.1277	1530.0	-0.022084	886.41	0.61625	liquid
25.000	201.00	1005.9	0.00099415	103.31	123.29	0.36184	4.0738	4.1274	1530.1	-0.022083	886.40	0.61629	liquid
25.000	202.00	1005.9	0.00099411	103.30	123.38	0.36182	4.0735	4.1272	1530.3	-0.022083	886.38	0.61634	liquid
25.000	203.00	1006.0	0.00099407	103.29	123.47	0.36179	4.0732	4.1269	1530.5	-0.022083	886.37	0.61639	liquid
25.000	204.00	1006.0	0.00099402	103.29	123.57	0.36176	4.0729	4.1267	1530.6	-0.022082	886.36	0.61643	liquid
25.000	205.00	1006.1	0.00099398	103.28	123.66	0.36173	4.0726	4.1264	1530.8	-0.022082	886.34	0.61648	liquid
25.000	206.00	1006.1	0.00099394	103.27	123.75	0.36171	4.0723	4.1262	1531.0	-0.022082	886.33	0.61652	liquid
25.000	207.00	1006.1	0.00099389	103.27	123.84	0.36168	4.0720	4.1259	1531.1	-0.022081	886.32	0.61657	liquid
25.000	208.00	1006.2	0.00099385	103.26	123.93	0.36165	4.0717	4.1257	1531.3	-0.022081	886.30	0.61661	liquid
25.000	209.00	1006.2	0.00099381	103.25	124.02	0.36162	4.0714	4.1254	1531.5	-0.022081	886.29	0.61666	liquid
25.000	210.00	1006.3	0.00099377	103.24	124.11	0.36159	4.0711	4.1252	1531.6	-0.022080	886.28	0.61670	liquid
25.000	211.00	1006.3	0.00099372	103.24	124.20	0.36157	4.0708	4.1249	1531.8	-0.022080	886.27	0.61675	liquid
25.000	212.00	1006.4	0.00099368	103.23	124.29	0.36154	4.0705	4.1247	1532.0	-0.022079	886.25	0.61680	liquid
25.000	213.00	1006.4	0.00099364	103.22	124.39	0.36151	4.0702	4.1244	1532.1	-0.022079	886.24	0.61684	liquid
25.000	214.00	1006.4	0.00099360	103.21	124.48	0.36148	4.0699	4.1242	1532.3	-0.022079	886.23	0.61689	liquid
25.000	215.00	1006.5	0.00099355	103.21	124.57	0.36145	4.0696	4.1239	1532.5	-0.022078	886.21	0.61693	liquid
25.000	216.00	1006.5	0.00099351	103.20	124.66	0.36143	4.0693	4.1237	1532.6	-0.022078	886.20	0.61698	liquid
25.000	217.00	1006.6	0.00099347	103.19	124.75	0.36140	4.0690	4.1234	1532.8	-0.022078	886.19	0.61702	liquid
25.000	218.00	1006.6	0.00099343	103.18	124.84	0.36137	4.0687	4.1232	1533.0	-0.022077	886.18	0.61707	liquid
25.000	219.00	1006.7	0.00099338	103.18	124.93	0.36134	4.0684	4.1229	1533.1	-0.022077	886.16	0.61712	liquid
25.000	220.00	1006.7	0.00099334	103.17	125.02	0.36132	4.0681	4.1227	1533.3	-0.022076	886.15	0.61716	liquid
25.000	221.00	1006.7	0.00099330	103.16	125.11	0.36129	4.0678	4.1224	1533.5	-0.022076	886.14	0.61721	liquid
25.000	222.00	1006.8	0.00099326	103.15	125.20	0.36126	4.0675	4.1222	1533.6	-0.022076	886.13	0.61725	liquid
25.000	223.00	1006.8	0.00099321	103.15	125.30	0.36123	4.0672	4.1219	1533.8	-0.022075	886.11	0.61730	liquid
25.000	224.00	1006.9	0.00099317	103.14	125.39	0.36120	4.0669	4.1217	1534.0	-0.022075	886.10	0.61734	liquid
25.000	225.00	1006.9	0.00099313	103.13	125.48	0.36118	4.0666	4.1215	1534.1	-0.022075	886.09	0.61739	liquid
25.000	226.00	1007.0	0.00099309	103.13	125.57	0.36115	4.0663	4.1212	1534.3	-0.022074	886.08	0.61743	liquid
25.000	227.00	1007.0	0.00099304	103.12	125.66	0.36112	4.0660	4.1210	1534.5	-0.022074	886.07	0.61748	liquid
25.000	228.00	1007.0	0.00099300	103.11	125.75	0.36109	4.0657	4.1207	1534.6	-0.022073	886.05	0.61753	liquid
25.000	229.00	1007.1	0.00099296	103.10	125.84	0.36106	4.0654	4.1205	1534.8	-0.022073	886.04	0.61757	liquid
25.000	230.00	1007.1	0.00099292	103.10	125.93	0.36104	4.0651	4.1202	1535.0	-0.022073	886.03	0.61762	liquid
25.000	231.00	1007.2	0.00099287	103.09	126.02	0.36101	4.0648	4.1200	1535.1	-0.022072	886.02	0.61766	liquid
25.000	232.00	1007.2	0.00099283	103.08	126.11	0.36098	4.0645	4.1197	1535.3	-0.022072	886.01	0.61771	liquid
25.000	233.00	1007.3	0.00099279	103.07	126.21	0.36095	4.0642	4.1195	1535.5	-0.022072	885.99	0.61775	liquid
25.000	234.00	1007.3	0.00099275	103.07	126.30	0.36092	4.0639	4.1192	1535.6	-0.022071	885.98	0.61780	liquid
25.000	235.00	1007.3	0.00099270	103.06	126.39	0.36090	4.0636	4.1190	1535.8	-0.022071	885.97	0.61784	liquid
25.000	236.00	1007.4	0.00099266	103.05	126.48	0.36087	4.0633	4.1188	1536.0	-0.022070	885.96	0.61789	liquid
25.000	237.00	1007.4	0.00099262	103.04	126.57	0.36084	4.0630	4.1185	1536.1	-0.022070	885.95	0.61794	liquid
25.000	238.00	1007.5	0.00099258	103.04	126.66	0.36081	4.0628	4.1183	1536.3	-0.022070	885.93	0.61798	liquid
25.000	239.00	1007.5	0.00099253	103.03	126.75	0.36078	4.0625	4.1180	1536.5	-0.022069	885.92	0.61803	liquid
25.000	240.00	1007.6	0.00099249	103.02	126.84	0.36076	4.0622	4.1178	1536.7	-0.022069	885.91	0.61807	liquid
25.000	241.00	1007.6	0.00099245	103.01	126.93	0.36073	4.0619	4.1175	1536.8	-0.022069	885.90	0.61812	liquid
25.000	242.00	1007.7	0.00099241	103.01	127.02	0.36070	4.0616	4.1173	1537.0	-0.022068	885.89	0.61816	liquid
25.000	243.00	1007.7	0.00099237	103.00	127.11	0.36067	4.0613	4.1171	1537.2	-0.022068	885.88	0.61821	liquid
25.000	244.00	1007.7	0.00099232	102.99	127.21	0.36064	4.0610	4.1168	1537.3	-0.022067	885.87	0.61826	liquid
25.000	245.00	1007.8	0.00099228	102.99	127.30	0.36061	4.0607	4.1166	1537.5	-0.022067	885.85	0.61830	liquid
25.000	246.00	1007.8	0.00099224	102.98	127.39	0.36059	4.0604	4.1163	1537.7	-0.022067	885.84	0.61835	liquid
25.000	247.00	1007.9	0.00099220	102.97	127.48	0.36056	4.0601	4.1161	1537.8	-0.022066	885.83	0.61839	liquid
25.000	248.00	1007.9	0.00099215	102.96	127.57	0.36053	4.0598	4.1158	1538.0	-0.022066	885.82	0.61844	liquid
25.000	249.00	1008.0	0.00099211	102.96	127.66	0.36050	4.0595	4.1156	1538.2	-0.022066	885.81	0.61848	liquid
25.000	250.00	1008.0	0.00099207	102.95	127.75	0.36047	4.0592	4.1154	1538.3	-0.022065	885.80	0.61853	liquid
